16,2947285951256
30,7054656341829
6,71832967186024
22,3168115312600
33,1402656751965
10,5481993174135
11,2554744009554
0,686883377686032
6,71262106955834
21,6734130182998
-93,7136560950042
14,9678187341114
18,7621588164659
52,6690624151868
11,3983473405930
11,2040640909864
57,3682344160785
15,2410138944247
15,1662848717405
64,7855177744986
14,6459091986666
17,5060641492172
-23,4307871617128
2,92283871370806
5,83676305774501
-29,2785760372217
10,6963949902484
11,3520628463533
-33,8963474533852
1,54441195100691
1,19312731534717
40,4900345989767
15,7469008874554
15,2832785112928
-23,2211107176819
11,8990396958342
0,427248686075652
-93,7729237024212
3,41372883238589
15,6079937828469
-8,67155817700949
9,87824197153621
4,85908973204169
-44,1169566047191
5,36957421002623
12,6455771214887
-32,7442659176222
10,1217188399224
11,9949688899784
-89,5632064412433
8,25211033026439
17,7636781566095
7,99711150524085
12,5906913664011
17,2582630109139
-23,8126740337488
8,04176157402835
18,1512494045767
99,6879364161596
2,63257972464377
11,0258899977510
5,92396074772292
8,11939538661427
8,21582570976944
77,2878699016524
13,1650162359965
13,6775908524499
63,1146135181677
6,86110509194910
21,4595770244178
-35,0619899427617
2,52296174766218
22,8594196551524
-46,7673777455459
10,7982626042622
15,6499890754854
-44,4376434502910
4,42609235370688
12,9302767509517
50,8884440853497
5,99657649660493
13,4370291477958
95,7850329265063
6,34872375003369
4,02507668862721
28,4920124145607
2,11385870876186
3,45579024721422
70,4484348327730
15,4596114080074
14,8863941957426
71,0478915208127
15,3785437171960
15,1739982952704
11,7716666875769
0,224164157941834
16,1077160051431
-49,3821013347381
8,14984167764048
1,59013745804847
-24,6737995464076
3,12141052305425
1,58628704887859
9,00861714764865
13,6483232922006
15,0963758844467
-91,0363006987052
13,6461304380574
10,2063717249197
-33,0615654052426
9,18874682300156
10,9701267668904
60,5160671215774
5,07130108743507
1,98533025532644
-1,28706363936055
6,18806233143330
10,1915887425703
-48,2399507914092
12,2369259401617
2,82251877474203
-43,0642111904966
10,8869460337154
24,9277080835809
63,3846680332501
2,00485606714458
17,6472784041932
18,2685911010468
9,91738703791900
11,6361074601531
-21,2267992970556
11,0026553287214
3,01229222154350
-77,8180998084471
12,1644974462794
18,7691952096297
99,2974369597681
3,63414819510061
24,1313098408294
-98,9399455798272
3,58870664903152
21,6683881222842
-49,6954863270866
0,240256016833241
21,9940963726624
34,0707146474039
9,36528023924088
4,34150172726580
24,2379787678626
11,7243787193854
7,19328534846845
-15,6030451489575
13,8328818694024
21,2825783573881
26,0548393269102
1,26151334982835
11,5640038077735
-92,1311191158101
6,92166206778765
24,9289236034826
-10,8083393144194
12,8766285120896
7,02732533753800
-34,3612606996986
8,15305362734876
8,95446546903708
59,4999120198431
6,47988798805058
18,5001742317205
71,1205296972358
7,45111855774764
13,6654939407751
84,6694056736637
5,89714767105258
14,2861866408301
-40,8112295350945
8,99254660436372
1,84631480854567
80,5177977180890
8,83764223395575
2,08098305422465
-80,9471791476118
2,92199034014183
4,93789187609191
-21,0023362962955
10,7665421538547
22,4201915113939
35,6005357818463
10,2783044768735
16,8377725791605
-69,3159820652395
13,0608056879446
15,1835304662610
-86,9475531048504
4,23950157527127
1,29127284325095
-78,7252934664424
12,7866798373355
12,6961393081628
-80,7078963535947
4,98302510887850
7,52391548396378
-20,8221795356583
11,4445386074875
6,01355487653824
97,0340872223883
14,6121329862240
19,3998825679215
13,7907299952247
11,2569794238292
22,3128407392534
-43,5452406433808
1,39024636650107
1,32673969326936
33,7246054985810
8,12540666757270
13,9158429266030
23,8713448217828
12,4189097906537
3,78371065921668
83,0925843269756
8,05200679775721
24,7334243904297
-58,5195296654255
0,936540756687176
13,1552681943059
-89,8021484738591
10,6879319506991
13,4126228521172
40,6117792040212
6,55485326773400
17,8118856888183
-68,0553883325611
0,0167715440871774
20,4683354297111
34,2114150774461
10,7884783559100
21,8525359932535
-86,3370499761994
7,38211986753817
15,5427877817656
-94,0504825434630
15,3225766704955
0,265165016616246
68,3234060016959
6,18529281332250
5,55678796890193
50,7850776267010
4,16281655621872
1,31540430982418
-80,4430226196508
3,32926336717840
12,8613900194743
-58,3030195141424
10,1544159850614
22,3208968768982
-82,6102857183558
5,66944362575266
14,4906129966235
73,1475652690558
2,16592406770570
15,7011935085436
-95,0823147405784
3,46763185410552
3,60732411885597
-49,6869862769703
9,69748935087695
18,7153893632564
23,1246374092426
7,10082675874031
7,01652633378680
-6,32282550649743
7,68683327276435
21,7195054838136
47,6712695144148
14,1919389924041
20,0531109344878
-60,9563673392545
0,201588329848001
12,2094323803762
9,65161677148558
9,25586027228948
24,3392605024248
-8,17620860953381
1,06302994414714
13,1790398368959
94,2746768356357
4,67915426373766
5,43895538984011
-35,1596022490725
7,79215630894887
4,91461403295272
-59,4783299508437
2,81953426059702
0,442305682279647
13,4550292482443
7,93686018002206
8,60819694519845
-3,37426841615172
9,94952710379926
20,8825272683068
-41,5164933179876
11,7116126376209
6,86662828270590
-18,9697605269076
15,8056922643354
16,4391049279405
0,551676984033134
6,43266091781930
4,24424909687675
57,9355550755735
14,1529814230545
7,36574330216398
-81,3463531293955
3,04580327424849
9,26525028686135
-59,7030479175599
10,6687420472650
16,2232272839827
-95,0452286073737
7,83022970681154
14,1944857587929
36,2728892416999
7,51813513374733
12,8059267311398
47,0701715585330
6,15774121239973
1,51046623936736
-70,1060253999634
2,35908174646218
19,4456336914270
-38,0194382055703
13,0755700288574
0,750214322578060
-33,6358910503139
1,76494552949157
17,0094070262806
-62,6805942536516
13,0485669555108
22,3185827703365
37,5237752457651
13,1264342174830
9,27561577319230
12,9262896359242
4,29134512711561
15,5906198437876
8,84138968662107
1,54887207241349
17,3168703650626
86,7100779207803
8,91171178458950
19,6244650856209
-93,7165389404701
13,3046581667315
15,8103137904369
32,4610673374857
10,8315328681386
17,2571576854058
55,0345897505672
4,08288760542850
20,0655776681093
29,5892707159815
4,37529728687744
9,39466343374408
96,9456213293909
4,42884900748392
1,19684501800835
91,0053793956674
11,6206999428163
2,57499871052883
50,1493497844061
11,9998581119048
13,5123912598901
-80,6408383851689
5,62967933060766
21,2333727132207
-6,18625002952518
15,2596833920792
13,3117339673006
-79,1702237379349
15,2258363719548
22,7152352857861
-25,5691202256272
9,59886587011708
2,24138623101047
-86,0448691623186
11,4656297264301
21,5986408509438
82,3483244363847
14,3487295965312
21,4362894319778
19,9820535114908
1,82770751658901
22,0723921269339
96,2606280855333
6,95745872272757
1,85901199079032
82,5520188970932
13,5095702233449
8,55397223321555
0,0735445341084162
10,0752239399572
5,70533121214294
-90,5309380724613
13,1239697261989
21,1102457328165
38,8150326783045
1,17089264421898
3,35237571958714
-85,1933574729875
15,6762294262004
22,0324556466779
6,47207020961744
11,5159123999780
4,84182810719898
26,2614323494928
15,4641799011043
21,1655860963659
69,3352772456669
5,56744009638055
5,19952415088732
24,7369277973827
9,56686691215514
16,7634878762487
-84,8552381405014
7,73158171591514
5,41114792993240
-40,0500200566732
13,2918103691140
1,61868201354530
76,6458803310886
1,14234690412945
10,7281292534707
46,6913387214053
7,42835965329572
7,57697143031261
18,1253802883541
3,33488010843753
14,6391077382589
25,5784649390917
11,1804850208214
6,14463919266961
51,9567732671157
11,7110236100714
18,5013186540721
-50,5280156173294
1,28742052030202
5,57551499308214
-55,8008339646600
6,38069196686194
0,0104638604654870
-43,7003934180245
14,7603033145612
0,0731893758996876
55,4992882935673
6,98346156836383
23,1424628828212
-16,3775786531960
3,79707381598119
0,992310230458191
-78,3275137216113
3,66136148254638
13,4268683066797
-17,1416451815310
4,34195273108106
4,79036401398211
82,4456829689215
12,9610248957605
4,09126604698945
12,7793385531742
7,10293169071360
17,4311210174954
58,9062030819266
14,5623172878420
16,7180488533888
-38,3500841331749
7,12425260948925
19,6098549451358
-80,8381423897804
6,62573684596267
13,0513557371410
-84,1520395683306
9,44615040342741
19,8954682652627
11,8471772600079
7,10247629530673
14,4518576033589
-28,1736303211878
1,16833198276940
12,8829000746994
61,0638106480065
7,17347378639752
9,72198346222501
-90,6978195908595
14,5233477993278
14,5045578728428
25,5769925766942
8,01887796168861
12,3232399847665
-32,2056277031032
2,65804135488961
13,9732664954727
-98,7419427430179
3,07850058607025
21,3653601167805
84,1253695534418
8,45585864350872
17,2864988086160
-61,7789736595767
14,6272702933047
1,13322958346625
19,1811778842603
0,572849497313795
22,5264869675444
60,6868063768316
2,62066441181212
6,35636912916871
-54,5968455361533
2,49363087806843
13,8923920548732
72,4692187619086
7,81449571384760
15,3310022702620
78,8818317345098
6,09631947689166
20,5042674234992
-48,1371124010202
12,3360645219845
13,7130078954254
60,5820884788306
2,25490318667083
0,656769117865942
-31,1435057136438
10,7252072450685
20,9380511479830
-71,4022071467390
9,20174500554498
24,0188731395648
56,4660805912587
13,1042421872767
20,7789483944039
76,2037037101815
9,71670691000215
10,0560978401177
66,0616250260567
11,6922385744998
12,5797183566385
-23,2737621215056
11,9003011882870
16,3161814974404
-60,5762203332600
9,90812969215867
17,4023259203540
2,44009484404100
3,96906206591411
19,4930891879264
-44,4383001974682
2,31721965358836
21,9608957965560
-79,3759177316992
7,76979850820779
5,75028989978506
-62,0500487314127
6,15641356437734
20,0090251113460
-74,0905838602115
0,762267925417506
18,8305078209990
-51,8780350455929
0,531256603740410
24,5583986991229
12,6404922581030
10,0989207413627
2,77731828033316
45,6547707580411
4,95102751919719
17,9215975782330
51,3162702808348
3,00317677744224
16,6671710268352
-70,6282728328349
12,2536593725745
4,44949176353777
-75,7831267634704
9,77242884673539
8,86706609748827
-66,7280082495377
11,5195481510829
9,74518136771525
-12,3134107544959
9,50506272213145
14,6270242783848
-40,6183352345745
11,5647816092004
4,86521300395176
8,51438566276770
14,5406402900763
4,32818229417845
84,8872601270250
2,03325307041441
22,9468415587303
-49,4848434254040
12,1602576763962
8,86362864157690
19,9191919074709
1,41825607295199
1,70315822622367
-51,7409325150772
10,9233992159463
4,91042206361379
-32,1728312340084
14,5457766399426
12,5886069994177
32,8740038611557
2,46689119526805
9,81903268847208
-88,6378722362267
15,0276489293121
22,6326774248924
97,8354889404129
15,0641926574951
6,08466083409778
80,7975820299815
6,98363815871746
5,82214415212520
58,8113354390158
3,93444826911608
0,401635601856523
-83,0416229753463
1,14328913800414
11,2505451663426
85,6443874631562
13,6599112168551
17,3882301083901
11,2364251696211
9,51582110106177
17,6486791172978
-41,5629454640491
9,21287208147238
11,4997467371040
-97,4877649572164
5,63183155480704
2,44357083653783
-16,3414780819421
13,8340240477253
16,2314253226190
99,8924918381649
1,08376176786198
15,6861847627576
34,7081884251534
3,21692929817885
3,72399452774153
9,96916876456930
14,5325368013031
5,05173936716283
54,3909633812166
3,08177934424362
16,5678557375201
-36,0618671536216
2,09823296738000
8,23615000910458
37,8604222234515
12,4007511681274
7,01119679700883
-27,0323708676077
11,4185059543178
10,2876632742319
-85,3477009936817
7,50482600362794
21,3390480730365
83,5774800303617
5,71557878170090
7,61324912869217
-79,4482951556328
2,16144196455322
18,9921306851762
49,6893400527642
1,79391338464328
13,6798822575592
56,8583932419294
7,72209900157198
19,4455049768945
-29,3726406588361
14,8144196344197
19,6765273286896
-95,7685737981579
3,61843481206592
23,5953942975497
-96,7155361149278
1,43150874569478
2,81582383578691
-32,2013799262283
8,11314698279823
21,6647954271949
44,0913209483360
4,81545313196617
21,2424024264017
80,2796366994575
12,3993488605772
7,37829820995312
-5,26887335587762
0,117995360447491
5,83400514276583
-88,8516462760628
4,01817662194500
11,9302254343590
-18,4463786331069
10,6433983406976
4,77646323930583
-32,8488328171327
3,13693207874363
22,8496643258011
-39,1793778244557
15,8978927668774
7,89649610936294
-40,7029995527984
12,0989149154697
2,71838918483878
94,2836265376433
5,25548039403320
10,9820209260170
15,0586385401463
8,65945022038332
13,4469069755769
-52,5250730246991
7,65355600363512
1,22940572278104
82,3328999933484
3,46831713436195
13,7858637258206
-92,4477144950506
12,6960300212073
14,7857216770365
11,4068458198620
10,2114288169238
6,88107291071647
34,8936320252746
12,2331276969584
10,4606321252594
86,5051476356582
11,8369409747688
12,4783698117487
97,6965521777344
2,03462992260562
15,3287752288827
-65,5223727338250
10,9444047766266
20,9569697980869
-99,4038617530254
11,9565288841574
22,4099030976119
-75,3586413377586
5,72935480544681
12,1673438380331
-67,1430803904401
3,04985145911237
6,26833807768482
14,3342767929610
9,19020055963398
3,80183666676892
13,4836193324062
4,19759357402959
15,5612933491793
51,5331771807149
6,26769170048977
21,4667795570758
-77,9014137929283
5,13667037099363
22,2686489160259
47,0758226852914
4,32229056251868
3,92703824567386
6,62766673963264
0,0751557097601534
14,9182783788190
-7,18583558119936
5,00566553601952
20,8696092348773
18,8852732912518
10,5774676085360
20,2517935247865
96,6424677817719
8,11076753604516
19,9406557481619
-26,9644300396509
14,0501176373621
21,9601266802795
-44,9087446307985
1,21774791766614
10,0359043868185
-34,4088580494398
15,4302945928040
20,9470739955162
77,5635580248536
2,12659483706698
15,6511497111641
55,1533972582119
9,55114566348814
5,17477176990709
-53,6649469490805
6,05841509743024
9,41046239482033
30,1235890247620
6,37006942381105
17,7190409683245
-93,6280098636905
12,6120770982426
0,718916498758993
95,0230085101672
8,61327454273567
7,07786926659917
-77,0415366942636
7,25435202599295
15,5583044645467
-71,5222137649659
0,227678640057452
2,58204420616323
43,8274840683687
5,09194816260187
9,24668618149202
-34,4197220941209
4,36822103890593
12,5285902752523
35,5849016560079
6,43063814497475
8,09120401535749
-79,6529515493414
3,67985495457418
22,3872108774419
11,9737362191873
10,9349457276456
17,5497681154023
-75,4457087183146
5,83198024712199
3,01380079824343
-49,8190991701675
3,08261201327598
24,8762257986030
14,0350401906597
1,92915165984293
23,5980208273996
-98,2233845019233
10,4277278477771
19,6845610891265
-6,30730987983357
4,99317969271803
15,5443696950110
-41,1911501321626
1,12444070141092
23,7677760410175
-48,1318974991211
10,3993383207319
2,77721436062396
3,89576298488632
13,5823714784377
21,9229068845341
0,213160002367907
1,62127568585051
19,2016195820798
-87,0884907778521
5,47776091527081
17,1268554254825
-3,03383976857026
3,38608469328730
17,9812486610727
63,8594188422890
1,45929208631081
15,1558738081232
31,9329171729640
4,04187507448111
3,38814895545407
-61,1696933011268
3,31239282965725
14,1941593624149
91,7740352146557
9,85686332858447
8,65820194036875
90,7868356232968
14,2695797672716
16,9566558551013
81,3791629487025
11,4625899895078
8,47795009552019
-23,7861256856593
13,8435282933881
8,20816799815604
28,3581073892703
13,4119802470912
5,36203650572210
64,0629827858036
0,313078441046910
9,29459044912299
-16,6077250795594
5,29988093872201
11,0269469672517
43,5639830172458
0,900054433084398
11,6756433048160
66,4605034870934
10,7623282444984
6,61730617554871
33,8792992866526
3,80929139563868
22,2539234346467
11,3994740182268
7,59895482695371
1,26015637142144
91,9630837690927
0,881334886968570
11,2285578483496
78,9395737238723
13,4476942763253
22,3865462513486
-74,8145625638984
9,59799933403854
22,7808047943618
-9,35692398918555
4,47125044510638
3,99497618913535
-39,3265743564461
15,4406959979228
14,6087837441396
-74,6077874008652
1,40374214282290
11,1728076710058
-35,9135304760609
0,750385099333062
24,3354408406369
-26,1204563498269
9,88200008680113
19,4277998766628
71,4098209164870
15,4960818501997
23,8991873482461
-63,8131128577053
2,02132106905233
5,92465295010155
-80,1418806847610
5,94247285697447
1,59276998401881
-96,4732127704348
4,37867321829908
5,73066795629236
59,5719082991123
2,06595076433948
19,5355310315450
-48,6929580688473
6,17578667431390
24,1208014629740
-28,0338928745186
5,01109266895681
5,61761309444064
61,7059245194496
13,6738978855833
22,1203778200921
13,2494621122862
12,6904725487892
23,6708419064485
56,4152255275789
9,97983887065378
4,67912778165870
-2,43893259009682
8,83390094992422
15,5225244484679
-11,6868317828836
3,78290347737862
21,5642860164605
-32,4107594680666
3,79566668640126
7,72035358546003
-89,0436336306693
4,89257538625136
4,29962367315527
38,4685015560338
3,57824999896435
18,1035136084361
-96,4556713960872
2,57498571643263
14,6528362806672
-15,7163127488761
14,2473481370126
11,4067078957623
76,2751665367667
12,4184221143932
11,3456113210533
-99,7039035607290
14,0711012935873
2,95779225490452
0,140555301748702
12,8080416591658
0,0139361896839745
50,9594123025146
1,33451654424673
22,6056777661550
35,1014789179675
2,60793456259106
3,97040659862872
-63,7796404703011
0,418756164269356
21,1519070676224
99,2045809848853
5,15860853067110
11,9172025588817
78,2922544936147
3,27514731023207
7,90142121311951
39,1976445553019
8,43837895945076
3,16682125823245
-79,5985813460607
0,542593037927475
16,8106250632360
74,3353520276309
2,52103254022726
22,8776722504843
81,6708994401194
9,66209071521176
8,56102864677815
81,2163186530005
9,26730775055911
5,10253825150893
13,4274375576345
8,64562185291175
14,3657947970303
-18,3523560290107
15,2992943808777
13,5567997003951
-79,8724002835251
10,0942715884140
9,43427808425729
8,77545238301436
9,60173644695059
2,15450725298104
-11,9628424855790
0,767220658243884
10,4823560205410
26,1090496990471
3,61058519467334
16,0321485491128
-57,1012302304855
5,73219817918624
3,14978895184264
27,9619172806272
11,7750929953626
17,0882878831552
93,6840894594368
8,44772205905517
20,7849447131585
39,4426416031620
11,3541091943274
21,3753066358182
76,8329960563176
7,93020097746535
15,0261854481530
85,3671598640228
12,7050782137613
20,0791700410204
89,0519322683926
3,30780886071294
18,1282955805682
3,57646924872319
15,0695812691933
17,5295408489378
-64,3643911462791
10,5022697453847
23,4586742191778
64,3947675998960
3,89356501315481
4,72161857834497
-90,2181897509361
4,47161439779563
22,6036755748669
-74,1686802616177
1,51169192727336
23,0863021463347
86,3849971453019
10,8855808855808
18,1187687149417
-43,8185819822137
14,8968720480775
9,35230437379853
88,8191583749406
9,16542504268284
17,5544831614982
36,8675913392235
14,5717735096259
4,58349017125098
34,8294619835656
10,2067609962012
23,5017012150478
-24,6601799763139
15,5539383595600
5,69060314277227
73,6200216288678
10,1976484874950
15,0357733475639
11,7081363631587
12,8131224563703
0,665712015786127
-39,3253236238594
14,0697500331929
19,5199279446233
69,8478425005086
15,3086091537386
7,47569296883301
56,9114131466497
4,96932865364280
8,85824378668881
94,1255866731563
9,67080319952409
3,77149223701710
95,6497076724958
4,38774971936302
11,1621903009379
20,6535359363477
1,16869391603248
21,2220941959974
-97,0144794611958
2,32381101127922
22,5536080394204
-48,6133622266881
5,20825602293862
10,5928185555249
-37,9898967169313
8,83399680265640
6,79567084252287
-54,5422309939514
2,84248219868463
17,6265862754505
44,5129492794421
8,89455991731758
16,9658008685482
29,8276561855565
10,6347892325634
19,4417941491614
85,9168202294433
8,70023724028664
9,88909704606697
8,79918560242055
14,0486149891175
0,627861671768901
-11,6305540931923
1,29680080949795
23,9881430616756
28,0459425631643
0,434989754488154
11,8221495693820
-55,9642448609875
10,5149836154068
22,1198911497036
-90,0995122912236
2,72987364157871
21,6877131830569
-57,9091167876198
7,78269526377818
21,5350887091164
72,8379959042783
9,39620336167498
9,47290378420753
-77,8315875026537
5,02417153598769
9,39757096297199
92,9943958256085
5,73114129507294
15,3887485997349
-19,2674627905127
15,5658707141356
16,5816252325877
-63,5261607116071
1,84848803391968
7,35572090494677
12,5675628239877
14,3263336913902
2,58667309909459
-17,5273168086377
13,5120721444486
0,526752781185863
57,6816346689250
1,94524103639712
3,71470954175134
-84,5933505664974
2,43420716800720
8,31694095726152
-94,5517915205322
12,0370788951904
0,845123602227456
68,3703873262544
2,82773929241250
18,3182080225492
-75,8641058736761
9,54152200121380
11,0788084554870
90,5296065229447
7,34973095051290
10,1083141389656
22,4340357970389
12,4862926902807
2,30990122468994
-47,2972749892295
12,2864799200714
20,7375795683177
39,2960627584386
8,95896341812112
23,1790336872231
5,28381196056431
13,9160991441443
20,5687574714283
25,7958315823618
3,53885319941298
2,93988090206964
24,1288937102280
12,9527425234202
4,25502904729967
44,0232456482712
2,30768178629824
19,8612072316101
-90,9636716723201
9,19622229116368
9,48034882940188
61,1667307257393
6,14017869166163
22,3095234865731
-21,1106133265184
10,4096701684300
15,7103588494668
-66,9972948392663
8,75462827332393
6,18058699577011
79,4584743011956
6,12658075732187
20,4650801645487
78,4680409800919
2,44402595548163
13,6883553872253
69,0139125138596
3,62924376044367
5,06603109317993
19,4026840916008
5,03628821857036
21,6195239099767
-16,4515946790991
1,74201787814846
5,55636355302572
11,4077415904082
5,59195114174728
15,0300311105664
8,77793450628124
5,97451462371056
6,16059628062427
43,6962264726618
4,60668975579084
22,5755058625392
-25,4419010815456
14,9945597073116
15,9264861481271
-51,9616325870950
15,7291148887636
3,61087631849020
33,7611423681458
14,6372850682905
5,84692746871119
-92,6641923726533
4,25387398337697
19,6298825327825
-22,8831056347344
1,11782640546098
21,7742219557438
56,6120232330482
5,38220203534560
13,8462887389198
-31,3039129805410
14,1501002170797
22,4444034211876
13,2035789611478
0,129914491670196
23,7082848077143
-36,3476692684496
2,35776320073420
7,48251402016704
98,6163541729562
4,61560853275087
12,4873858632213
-94,5352368890615
2,12245248940422
9,84169527255447
-45,4922698730152
0,656173951494228
23,7262906710401
0,467428441834072
14,4343334458256
23,4902176734941
-26,0653167298230
15,4398250118629
18,3385214522884
-55,6124220103025
6,78870366446474
8,75685950975879
-22,7234632931813
2,46983122916473
8,46500547797131
60,8532605408779
15,8307571691475
19,7238319399836
56,9252212308593
11,1774135851786
19,8594545055176
31,0826894434810
10,9477425971623
8,78990596495748
-28,5148704277658
6,34239943922349
8,35603317126870
-32,1967421220881
15,8541584931374
10,1364472825078
-89,4600366614203
14,5589747197273
13,9884515517003
72,5723639968484
2,33800334655422
17,5360883237298
-85,2298626915167
6,94708354479774
20,6718629040293
36,9209959687668
6,52005772849537
11,6793267152427
14,7173573007103
15,0338586866233
4,52509634300420
-13,8095253579513
6,30003808673451
24,3418812204635
-2,76175580235567
12,7815710613067
6,31748603685251
35,7053802807641
0,0430254185478649
11,6514398778923
-59,3576678556678
8,33890015851809
0,883228610884776
-26,3444667927764
11,3822114678271
3,34061591451386
51,9786650914533
3,55526433651096
2,02295156899063
-78,9997265606807
4,61981204013102
19,6204106160989
27,8264104969803
12,8570206777862
4,50155248089601
51,1117633661743
14,3102743543827
8,14987387970504
29,2408712336155
12,9858294816528
7,38686487996289
33,6834189488330
10,5372003378980
2,58309197056053
18,4573156912412
15,7959013514555
23,5570229141196
48,0635609838388
10,7719217766146
5,16284681267517
-7,18391238419800
3,23649101540393
10,7788307019272
-71,2841921180055
2,31308805967480
1,26148071962570
-36,2566096195858
3,21969559653538
16,8948135218214
69,5697553668686
1,58577685565959
2,76655749494587
31,5635675094426
9,97304483107855
10,8496958003986
-22,2084225287723
10,8737534956328
20,8686595486248
83,4026181167612
5,11745436097734
2,41948778955648
5,52056402204058
2,91702083297634
19,6104639420291
-68,2189705797208
14,6114570343579
10,0558574407175
38,6028949354355
1,86254429289596
16,1390314385955
56,6812124489008
15,5957995855605
15,2677397660119
69,2900163222717
3,30824641235283
0,361534535874194
-8,54150746608415
14,6620031352679
14,6341124939278
-82,2080207117142
10,7052425967049
10,5353184544301
-72,8751723760625
3,59240241906159
0,883525879238182
14,2635774113566
2,41804139245820
16,4814858167205
24,7075987606133
11,4791566952694
19,4667769022565
39,4308369290821
1,57307953235817
4,41242056466683
-16,8537723338547
8,96788512326828
23,0021823803457
-72,2532122974213
8,41930377584809
8,16156412627845
-37,9808538505740
3,50598929092769
7,05451703762078
42,4710959357947
10,6717263141345
17,5506300575684
-57,5097752915515
7,23433337149227
23,4709043174114
46,7609561063568
7,84591907252526
20,7538007792685
-22,1315860339328
7,48410047307983
11,3751088351131
-95,7794709509770
12,3819500678247
10,1394635990992
30,1660122511458
5,80192066552854
24,7190092193180
26,8716050783851
11,4462191806066
6,97146317351010
43,6857827988181
2,51727791006055
7,49869008300497
60,3234259783836
7,97736196900190
10,8467551499918
36,1734583059239
3,14563126981624
10,9955897507507
-44,6025579322082
2,92984722042664
11,9819105685426
30,8916734796122
10,8349842625628
4,73888268143031
52,9560659002732
14,3531416522035
12,4345138641551
-41,6049659937361
9,63613541539067
21,9306943062277
63,6982075988893
4,15799799200565
4,73115620299008
-84,4555197768905
9,31879381095563
0,160702042542910
81,7760582436102
7,63133798924903
5,40757352202030
99,5348208812347
13,8930989049592
13,5710546906040
-16,2402885837983
10,8125202053343
13,2266932205188
-46,8179495272318
9,71891845821798
18,8505514915023
-48,0070109045275
14,0837123946840
16,1142122519151
-31,9771195843438
12,8916587762963
17,0620075035792
57,7161241791936
9,58447509960172
17,7985554273341
27,3031535086376
2,96106150389323
11,9979009474282
49,4468708515136
14,9078286404948
7,09950155770265
80,6376214145353
10,5564554979986
2,95517652963273
99,9941498387513
11,1051814144733
13,3915754798764
95,4420856222862
12,8667113279714
13,6780531920102
-4,80344396255368
6,07477769640329
20,5671124164480
-4,45304839949505
3,99769531772121
17,2963747573205
-86,2781777265125
5,25598980186386
17,7021833788433
-39,0534795537344
15,6515686015700
4,58757341228692
84,6191898383073
3,92410565107426
8,03744175244570
37,2345024096438
6,28366805695129
4,04457582647608
-42,7235765219539
0,423633239060912
18,5468066621726
-13,2190000502336
12,4072490449595
14,1679092387137
-26,5183339570395
7,11081392273523
18,6147795253723
0,0522264884081691
1,87049154495142
7,19415982722390
-68,4776869544432
15,9532457595711
2,35071025928550
-10,4848519998459
10,8638790551907
14,5488968358680
82,9483961528680
7,07383848573623
2,12989791064965
-82,2459399907193
2,44374572481476
19,3744307579432
-25,5754120018244
4,98113529374801
17,7884650022677
-89,4984459875352
8,54223898242535
0,524032331380763
64,4729303149371
6,90460276736644
5,24350795958065
61,0101768596870
14,2621750023542
16,9346839616900
68,6099121085286
2,43839009297957
11,3282606502084
32,4062545187960
8,12841674248702
12,3304195876652
92,2077032676920
11,6051237927119
8,81695907478028
19,5678369398673
11,6385278820634
15,2974568683554
75,6775179344375
12,9083290210634
11,4217370791231
-89,5135239412305
11,0727933787826
7,37198033286881
-95,3618501257261
8,67274626137079
20,9434964243935
-58,9549926006607
2,10461803647307
8,69311740237179
15,5454739437831
7,12881605835847
24,2543075439405
54,2519028418511
7,86542011162905
10,0618629171266
74,4182358030733
11,1818274142573
13,1100366111238
-83,8283020096388
8,43847729533834
12,7589238959838
70,0082654226421
3,61323502866794
14,3149075462042
86,0851791511178
7,61999099769969
22,3352245703356
7,52497769570650
0,697299493785094
9,37250382408044
-89,4690461433167
13,0160055165764
24,2002097270817
77,3603081648131
3,19715905821890
8,83215628138166
-68,0302287139478
8,37035472622996
4,59857821651683
59,1503667474089
11,6542172863256
14,1264918325418
-38,5405567794537
0,931975782284324
17,3341432954462
30,4967686836687
6,73647790977998
12,9904516853242
74,8576699149394
1,27332714476772
17,6952490736771
-70,9235203113325
8,21654116746694
22,6412471750782
73,8703511245698
9,05577391807446
21,9231105797139
72,4568111480965
4,69835902422097
6,69036746595890
49,5049782124125
13,8973478931882
23,0113895228635
33,5011300294578
11,7786322292277
4,73414425021659
86,3377696921833
10,6143865581140
5,95825075639605
-21,3928168978635
15,3923825296437
13,4606585749509
-11,1857283653818
14,2061149918054
3,34339285956580
-56,5219504368627
14,8547010497008
5,68266614073070
59,3773344575907
11,4031862564547
6,41323919321430
74,0065921603786
1,33273136887301
7,93474707545150
45,2462013165958
4,07030557994463
3,32460056187837
-74,1880271354358
5,56934543207023
4,09999517686911
-81,0851333865507
14,3452956711532
6,78045772881352
-81,2662956492667
11,5026384256112
8,63079136212187
-60,9696806653216
4,17459244101977
5,07443254102260
-11,5061345624563
2,05161546856232
1,78801116005241
-36,2925125626343
12,1467143505643
21,8370189651845
28,8441239425480
12,8768362286002
3,79687433378517
48,2556010972569
4,22402194689101
19,8571415165537
-33,4406674631202
12,7997857867520
23,6591615639369
63,4328007922513
6,87253279402507
8,78586797792669
-49,4088558819530
14,2104563781644
1,47312272446061
22,7352657396129
12,4550238869632
23,0346701234389
71,3088239981994
4,23764112355415
19,4288744055113
-64,1872216400496
3,34620494029896
6,22966229870476
0,905679305896978
6,01561867416074
13,2925734648832
42,3027833009310
12,7877507080428
1,83996161657164
-53,8359985073782
3,88568400203804
21,2898449846374
61,5772137594973
12,4619779833639
18,7830029752138
15,7795961869315
4,46103645588722
4,41032774686177
95,6920145533593
8,28523941551178
20,6551490153755
77,6659179378884
4,22331743992069
0,842331661563311
52,7696288802880
9,90068352220993
0,448593181064833
76,6521867275029
6,65435273989814
17,8721957595305
-34,7655860380479
5,09526960673689
23,1089480621115
44,6256114879489
4,80815657575779
13,8720868889186
-7,36192657711365
7,41304269634590
20,7210820137214
47,9933102724211
13,1578629149666
8,92014063454212
12,2499068384176
7,18890118792525
7,66947670336874
-17,6850057556038
15,3238784814730
16,8458371022945
-87,9149373384311
7,17511451414721
1,40416331956029
0,0766416058795683
1,10704412916010
8,17022382496259
3,13539802127474
3,05828053527657
22,0819465914423
3,51074542944578
8,91459938559015
10,2771535283060
1,25718381517990
15,1533681658566
12,5541407285316
-15,5342781367703
9,84043412658520
8,93109941529876
30,9949408058019
13,0193780682992
24,7211144061673
44,1757747281681
9,03328318851254
11,6223295044848
33,2050962870736
8,60549806316698
23,6704622744268
-1,27420337187512
0,144185082106990
2,50586256109907
-80,7761519245823
4,62031391919695
7,98913770667595
61,9995801418140
10,4794793375600
9,85824470144369
-20,9126515456800
13,9489219098323
20,9641374937061
-25,5796289971853
11,4067678265226
4,00641915349445
-37,0332393695488
11,7446670331317
5,82930737194328
-18,0193259240545
12,0616339989934
4,09585512279157
3,07480201336723
1,00174469236831
14,2146790066281
-43,4523595055378
12,4549473255972
3,82132970677714
-5,02395386886994
0,266116136472569
16,7656507152134
-94,2794853978491
5,59190467353738
22,4157730648377
-72,2435159121267
10,6863153742598
16,8712062526490
-76,2314819274603
9,32130411671584
16,4487327611154
2,20089932986600
12,6978335532258
10,3514165915215
87,7822831297204
1,28194657768805
16,3890199444326
-28,6644257491790
1,21421222416195
9,95084164311359
88,4405765135888
7,98995074315386
14,6382337277514
-39,0751012391755
2,79899395150085
20,2939612430902
-55,0176910356625
1,41356664038878
17,0465135308516
-78,2375210738473
3,39618103975471
24,2112980505853
20,8683713143190
8,83809762534664
7,25192252377815
11,1064222234351
1,41922961382443
0,393713562496000
20,9477231983999
1,21796031491202
10,2531616627992
58,5352386545964
15,0383247491169
21,4304865413446
-95,8151042001186
8,12949236098110
24,5706117579597
97,7461301552882
15,7337453253649
20,4043184274285
-82,6246698880026
11,5060460817257
4,73612450185228
80,0950044267131
11,4104004542228
0,993286404855432
-52,3805425011191
4,70269664255029
15,1478270324832
61,8527942522001
15,1208518266745
18,2635390566961
23,0185631061414
6,49182273103561
1,20561832094731
-44,1578964864539
1,59130904515122
19,8055973058043
30,1815968885546
0,643650844031868
9,88204537200387
77,3765553266775
6,32174872285760
1,49461579421407
-23,8265898598883
9,56578128996186
15,5184114877578
73,7169806654184
0,176139456775132
4,12977701381118
82,5803976522851
4,80713316318511
8,23312726571592
82,2214981629220
5,55981295181866
6,74859910748429
76,0985235304238
11,0110034443699
13,5271429626680
-56,8065859415775
5,38864887820387
21,3431532247467
-97,1586774613576
2,02923151941422
10,8052596968384
-81,5974268032801
8,52852636168992
14,4504770162843
43,8729328183606
14,4679528391549
3,41194671922890
-38,3236962979376
4,52369428878683
14,5385488470100
-57,3852472011478
8,44170646703890
16,7801055370854
-76,5717320175526
12,7167754763948
20,9234776492619
-27,3392779860760
4,87278591958336
15,8601215489673
-33,4373019635259
0,233355749376406
5,29538428947358
21,7572036525737
11,9195488197381
22,6675356838188
-97,8176590261599
4,55700568603044
10,1286327869737
-82,2932451738015
14,8478246700401
22,2159360268025
10,9954139554417
0,0925649650490001
14,3762677813802
93,6291733428821
7,54923198956229
0,417739471828785
52,8888983268583
2,20374176308013
13,5101124581588
-30,2891355274834
4,57106607893123
21,3163053366439
83,5990960513995
8,61041741675245
5,56453758167766
89,4067440349001
5,40012818071211
15,9251297080420
-33,5368664632673
13,0192242512915
17,8120412312356
-49,4779194832471
8,37275520098758
8,34325908453928
-10,2617845899788
2,97774627132235
1,26961308591885
48,0382382384061
14,0872766240136
11,4835356634126
-80,5704638241704
0,889824847682107
21,6402546391415
56,3816366230601
8,59996820074647
19,3964343724424
-45,8641976094462
10,1034552794200
8,55047856661781
-74,2770824783521
14,0876140749894
18,7050135056909
89,8294699953789
12,0665904764902
15,6198555034302
63,7376962801787
5,98382819099571
18,2023739080478
-74,6988104244722
13,5500938177277
16,7529152277182
46,2241257563645
7,89687063737122
12,1294047587772
-52,1777612195871
2,11026238538548
14,3499953256725
-77,6737067509713
7,37622516571113
20,0096816431704
-53,8417304228291
1,84535589353875
11,2405856557483
63,4878750071876
4,60275540607202
6,90040414301887
-60,6024770290927
6,48241087543345
18,1460042787645
75,6564999076872
1,12135209504264
9,92708595763114
52,0697728557996
6,25152267974127
9,72095052095001
75,0647680346738
12,2390957957788
15,1483406541065
-94,6082943364209
14,9574041867333
0,464819887727701
-52,5309090281957
15,0195129683063
17,2706130843542
-17,9760120970556
4,96170539681792
11,5999774389893
-17,6905878391041
10,3630870783718
19,2274420169692
-52,4847969230440
14,7067464422956
8,37372621121300
75,1915998250726
10,3371956014969
4,05201960796190
-82,1828973856925
2,93527836024565
14,6177482555943
33,1675867898721
13,6000432059950
6,16500421251034
-50,4852014536042
15,6539119722162
2,45989050362926
-77,5427245707436
5,19864645294692
10,2454884811945
20,5762553449725
4,07056658976548
20,5797845352853
93,8272204534176
9,09792875421507
4,09976066529990
49,1618955912432
11,7271028216445
5,14191489907070
-77,5732741722967
10,0690463343477
2,43864472788995
-64,8693737136955
0,440131256524175
19,2532865774478
-35,3001463107241
4,73256410038057
24,6179664777761
-82,6258220011475
1,93512543056321
11,0348115168080
53,0250547649757
2,29920263650495
3,26569574242381
3,05506448715798
11,7263340412718
6,12501705687586
-66,5465193121881
7,37790534090219
21,6591067216290
16,1346878103895
8,53832728041214
1,64303529038642
-57,2686954815739
4,62672215071838
1,50847871102861
-68,8762136382638
13,4457455280198
6,50048099549424
19,8492242007491
2,53601090501655
11,1740953506186
-41,6972640062200
0,366842711781098
16,8789376365709
-3,04336378890335
9,58992537903309
6,53712848457469
-59,8481292734508
10,3753089358439
17,4044190943974
-80,1934438849378
7,82324070586498
13,8886786627729
-38,7199797143668
15,8921657606233
1,07501858383150
-59,4595804668643
8,20977951723778
4,16487545870150
69,3944022817692
6,12666852856568
14,6669375261422
39,6206625544551
8,73741095382659
12,7347277161170
-30,5623463413898
1,18411636795655
24,9841735032672
32,1221158831941
13,3265387543713
24,4637690957847
-23,1238892593533
4,06250714891320
19,1195696935912
8,92967187862821
2,72349412241070
5,85596533481248
-71,9469492042120
7,54267446968647
18,4226478165404
32,6293611452194
3,70687237693610
16,6671158745139
-5,98235918902768
4,87665176882414
15,5558212013248
-12,3033070693696
7,96447093893113
21,3863258652869
55,8681091250090
13,4953249357892
13,7074386043228
-78,1473763857784
13,1808986970306
22,6270436598634
38,9502446914695
0,913366724467659
0,443972183632946
-87,8798763320907
2,29836326035351
14,6466308301351
16,3460339319238
4,10992599599936
7,02809060759798
-25,1653192109724
14,2326842462446
18,5971765109214
-28,1792796250175
3,97485738656735
5,39801434014530
43,4868417365710
5,96484574456243
1,27406053850285
39,5802109094133
4,93750910133222
7,04572838558669
58,9919658736719
6,81069820562408
3,33823218134287
16,9877712354821
2,03539144796593
11,4216232848313
-8,99245961590416
12,4331168445756
5,57412955961046
-62,2246772535537
3,33033843841680
13,8317595966706
-66,8737848961717
12,6553238222490
1,77877230651663
75,4858932299347
13,6444019758590
2,43734144776224
-14,4094703959334
0,0812877026684458
8,10797198916959
-17,5863500721090
13,1722958947613
15,7204931856859
0,0768842670977321
4,53612124013145
18,7931306315172
10,9625809793644
1,75957794111791
11,1511863310576
-14,7623923118572
6,69858585110990
5,78583108837824
58,7350209660332
2,56723671239400
14,1934709056072
-16,3585634963255
0,888521759869054
5,32214121069558
-56,1414423344722
12,2468151152735
6,79589472248519
30,2023809248979
13,7735306272253
4,39763576318063
86,1631477690013
12,6723994112212
19,3902237818495
-59,9697423941826
4,75481847273644
2,04657612780399
58,7890066657063
13,8177695598800
13,7181612365456
-21,8233196214187
11,7159650469365
18,3014150296298
0,368257666507899
0,974132910014415
16,3311870511371
82,6688677492588
10,6775692291882
16,3258553141505
-18,9015866249443
1,16155138510876
17,2166695132442
27,9351648061953
1,55201608654613
2,76976378490794
-19,8738948295150
8,25994222477666
8,94620963025903
-64,0713795438551
11,7097673485573
15,0236079971643
73,2738882468348
4,54740011295760
8,69778962452508
77,8403533285468
15,7578821200627
20,3014477324188
1,81826339494269
9,27113059748517
2,93070117007772
-54,3319633602444
14,9975130198137
10,3984280675727
85,4916638804056
3,81801868491837
19,8694684461073
-59,8535269475915
13,5182936563477
21,9180698797426
34,3243823996283
7,22904219287042
8,83030370698168
-5,93575136729223
0,998611314142107
20,3767261780677
68,5024861739746
1,21236846062489
3,07908232703547
-94,9087798361427
12,5988107575340
8,70065862746247
-9,72280799532601
1,71721546117835
11,5147535438209
-16,2198278251507
15,8327917905665
11,3841945170948
-90,6144927968333
7,98897070132917
9,65281780792263
85,1933571186650
11,8545008587697
1,55606298330681
92,6459610895109
5,64342264172224
10,5184083121940
-52,6786822443306
1,16967310328694
24,7791427169056
-25,5339892038942
13,1776520735258
20,2135076009203
31,9010429409965
3,87105936495282
13,7417584336440
-38,8324829575814
0,903813933015648
20,1684786932446
86,2868548822834
0,936076360295516
11,3906261832778
-62,4165491287314
11,3460066104612
14,6801247213537
42,4807961292661
6,83798991585643
24,9696533686048
-79,2385949913152
11,1704802905956
18,3416208337940
-37,5362243672361
13,4454813094489
11,6678959749775
57,9725200521207
6,03259468012351
15,4104732407558
-71,1058314865344
8,52525121563828
3,22707597910424
-37,0772317565880
11,9506778125685
22,4187510310923
53,2724513926316
6,39461363098435
4,16330544000293
-40,0785583429660
12,2517124434333
5,56023506857116
27,4944183055590
7,47650296811879
15,7082460571921
45,3576451469312
14,1152838827220
12,3557664987800
42,1050534996528
4,40119312554851
11,5269743056863
32,9973107455814
11,4171670490169
2,59100770163234
-31,1034327281776
2,13170378199619
2,20202547033420
49,4784439861040
5,49285827207800
22,6864709338492
55,7162366100890
8,34674792359671
9,96424854876712
35,4270938278287
5,29190038184667
0,611282489428605
-62,9854217466350
11,1163524715303
11,6721362163810
-38,9899439607337
13,7450688193064
21,4572845833826
-37,2038193150748
14,6167266000112
21,5892090733397
99,6515305449012
13,9267564332267
12,6363983167058
57,1581656533560
12,3262107869606
12,1970800577236
40,0926157605980
11,9565118894396
5,92045101980052
66,8364904808625
11,2670846189446
24,2629038346157
-26,8704080512391
9,57708574518235
3,65107236805623
65,9376470040438
10,8677768475266
3,04310501344561
53,3351555748571
4,79510967971646
7,73403018624129
29,4498843395107
8,64706259224892
21,9911443660314
-93,8198151357289
14,8255159700089
6,99902376806772
99,9077560173700
11,2872235241664
15,0325943456802
55,3643701761950
12,3400408102534
6,73419937890222
-34,5083510787362
9,22541574274343
22,8405866389114
-91,4430765675676
15,4060437331875
15,1345560088513
-7,60469974698115
0,491292585592481
4,05574545898410
14,5714400324193
8,45647582738144
23,0019482515906
5,44276044082424
4,28452208379408
2,67237473121160
-48,9420209423221
3,08767456098767
3,58852126145908
61,9341879279230
2,78194985424688
15,9892832469227
50,9888461699338
2,94296848862461
6,62526101872311
41,6671638329744
4,73368966918807
0,249105919553589
64,2058428006364
6,04098435030737
21,3152608839329
-33,3887262658444
10,1482769767868
7,70558584178624
-2,28704501759198
6,08017454186995
22,7131936646448
96,2015890069359
7,42262390162709
11,4587494037396
88,9974109405707
12,0914887995087
8,21611798608041
-69,4961118719114
4,08952472951621
24,7821501965573
98,9294004272745
10,9052955218429
20,3384860094327
25,4012977770952
0,650160554579195
7,37652044910936
-83,5834398825376
7,26536987887248
21,8970934603547
-10,8398414177182
12,7522158755627
7,92280066561121
-38,7879664576216
9,05225549360824
23,9945577653618
-10,2611886812073
9,71888619012978
23,2148701919269
-45,5274041788387
12,0296404654754
12,4034932600958
-52,2358383804202
10,7887954090889
12,2939917246344
91,3592238328522
11,7063277655121
24,8051239353728
68,0484234399126
5,79125144899442
9,87162069670653
76,4233463461761
14,3246361157910
23,6818256297065
85,3425563595859
15,5479468861848
2,28504004898192
90,6571733520689
0,180546414839345
9,56867414583033
-87,4957394810710
8,72536415262517
18,2630079849229
81,5560307034825
11,3428327114277
18,6547254261644
73,7140653049029
14,8634450213367
4,33516900044792
-97,7897980866767
0,545245573665593
9,04897270890604
-51,8094324697590
14,6408645576258
16,5339639653110
85,9958494499267
9,24917022433874
15,6941751707437
-7,96489504828473
2,24700595982638
18,1184021283166
-10,4504839327886
4,94338473577994
16,8150692867970
-85,6933356489660
3,96670964973901
1,07236197293567
0,582117477823307
0,756718678480988
7,49407658402036
-23,8449264313583
3,17782390593274
12,1843286579375
-30,1694131159460
4,77031631141733
8,59817648255563
-98,6856661854684
15,8330939476925
1,88901467308398
53,9475175610333
15,5743890210160
8,40509655251687
94,1494747558877
8,00297845845116
3,06130341267656
-26,8878136100724
9,43257490083420
3,56851513149673
-13,0330785867274
11,7168258652176
9,41074433502721
74,1789282039197
15,9280585332340
18,9656964767710
-81,8766651501043
15,2321782300039
21,6133741667800
91,7479903394370
0,0738164111546080
21,4154929644486
4,77315657625979
14,2445358002296
3,32584884522783
-34,4552657644609
3,90217374689524
21,5808059398363
-1,79865086761069
1,39009631409499
14,8574100958341
41,8303468481241
14,3604679416002
14,7565434806726
-61,8121125282401
14,3851108986448
22,9495883445987
12,4962930736650
4,16260713448425
1,39850645037415
23,5362425653447
11,9303733196954
17,6169173679909
-69,5835183886902
6,37404220689181
12,4494622155914
90,5157646857567
11,0090685105357
9,14524710409798
-58,0111804753830
0,0374739215125484
24,9553325378090
75,2743485621454
13,4470534169138
23,8748940815347
-53,5145795943436
12,6667793725169
12,8330421625314
-8,26422593609455
4,38738944259032
16,7570357176055
80,9446623952142
13,5600436879483
0,0472612607561960
17,2929251131336
4,82918696100036
12,3238599672555
-92,0366231551157
2,27802384729003
13,2815460474686
-44,5218315000085
11,1524264456114
7,64682410850734
-49,7254362045656
3,31657757334368
21,4959397082752
-57,0282451249107
2,99679978064382
1,65528307414539
35,2264379264309
5,96678218590103
13,3604637210924
10,6631900444414
11,4387803005115
0,157730174363660
-59,4425174276821
6,79239977390271
16,5501324619175
97,2220882599268
4,78126991385922
13,4707364073830
-94,3098537372423
10,8415364713470
11,1397920700814
30,1167220145302
5,36145815270330
19,6031461336219
-80,5546107132496
15,1701963637197
4,01417062415576
-23,4482778531905
1,83519306746742
3,86430693115370
-35,1337215495405
14,6130452812184
20,3085448227403
-82,0829761118900
14,7509375271098
24,4470207003352
-45,8583121330210
0,220612274237288
7,12844585303980
79,5665778970948
0,537857897953627
16,4326262141385
35,4064572085396
8,50211853114100
20,1684406324334
-0,360143866104612
11,8025091850876
20,5008553915897
-7,84943928856003
11,0953796152328
7,62846800281862
10,1551190538877
8,74136978081557
1,85519401966707
-33,8646988464534
5,20113265201537
15,4398753058277
-62,6955485969418
9,26187652394959
3,40402707626381
-76,9696744160044
14,3577850052495
20,2289360240772
17,1790021020753
14,2424065870696
24,4471166914609
-27,1322972854062
4,86153166407313
22,5106546107491
-84,9343728701501
4,22998169748425
4,56893529839600
-33,8795898519340
10,6821983691398
23,0507101055991
18,8248959821159
4,92714364992722
3,41397508814717
0,368290436841323
10,1521996070369
1,08385630400824
56,2599276749940
8,96499945762783
16,8197209920379
64,6791684181161
1,59531835548942
3,19244042815959
79,4432836676137
6,10282779309292
5,48169899143487
13,9161414067356
9,08185767665338
16,4713489391660
-92,0006228661491
0,802712932481542
8,06468646441689
91,4973063196751
7,67969135570703
12,5619658080985
79,8778739355100
0,372694442109143
13,3606029199781
-69,5315664756992
7,03646490532948
11,4773452083249
33,2348198422202
3,87759017051298
12,9670060460630
-88,4657103599295
12,9829577556744
14,3041634068734
73,6138277296736
7,02905745381040
9,60599100160420
13,6594042545112
14,2048638542830
21,4019545775570
-37,8071652177734
1,66936877420254
8,89066826621458
-79,3253436776349
14,9904424792090
21,4647776684640
-89,3613220762675
5,97603802895284
10,5015137676780
94,0140364107846
2,58423832097874
5,76000981910966
-81,1636107868236
0,236716282721304
18,0829555285610
31,1807466740988
5,86157487932434
2,33904719294383
-25,8365259434670
6,87899568081037
3,83074325920439
11,6958900797975
6,82490147656829
22,6266409676013
69,8784701941961
0,273961407133889
14,3433207540482
59,2086527019190
4,92062906355162
17,0588607917031
44,6504159402968
4,32442737941409
1,95614889482482
14,2497836085335
13,8755849440407
8,80180199039311
-22,9746658901999
11,4889190896674
8,83310111858643
75,4379286448996
3,67918127956834
2,87659639362872
49,3098629300821
5,02248044460558
12,3109401385542
-86,4767022969451
15,6640798930287
10,8321308840021
-91,7510534344803
15,0647624993840
5,80743306944267
70,3307796321893
12,3684329548247
4,98482490611397
17,3958983975192
13,2982541683091
6,42827615123920
32,2017850238226
0,892045536539554
2,34924676539356
17,5956791263535
2,27645566926083
6,73977443998704
-48,4757701218559
8,06860195139426
4,91123717704513
36,0975744465628
10,7886513362339
10,4374427959692
79,0494708842965
2,81357897882526
0,449456092508280
-23,7742005516116
6,24257564704694
4,79887774238599
-37,1321514445578
14,6955341146702
6,63560743866508
-68,4507593645425
15,3970985987998
14,9153016195200
34,1836151605761
12,1611970530704
2,91224978864466
6,34367541651548
1,16796971027120
3,84362422191998
62,1872172255835
6,76818207388278
10,5236106711301
2,98698759934322
2,84681680586136
1,10255755210838
-62,2831899009766
4,16041938244025
11,9428122850934
55,7031359860151
6,66752965525649
23,7782604776028
80,9903024243584
3,72166445230843
22,2888903823405
12,7406728922806
2,73708396941939
22,7791864677179
19,9531626285230
6,95466620604050
5,37654792325550
23,9822090214981
3,60052882030431
15,6316523110650
30,1074544257153
15,1584650516503
0,373845007033689
-73,6068725263174
6,04027998861011
19,5983687649744
-49,6908385247018
5,74911196154056
0,211747079029701
38,1739248813941
15,8585890119951
19,0284240711508
-23,7478269934535
5,21455338219074
8,28033573822301
11,8467169365293
14,2772394718981
2,61369758965620
-60,5260970964338
5,91931480581014
22,7200270831711
56,9570861691509
0,0385193878121157
19,3053929626697
24,0984053859636
12,1749369954828
3,10758324414016
-54,0707719209790
6,82663190299392
23,9920850116047
-82,1698895190693
2,08301298995224
8,49744900385545
96,3732436889769
13,6319191068890
15,2074597635817
29,4253185535169
7,52859206300430
14,3898744123792
45,1211770802221
0,207834218970588
24,6498143088930
22,9560423663175
15,0239522683021
24,6640755371307
95,2627652162626
6,03784829036764
11,4847228017144
-49,8577891777557
13,8764811605187
9,40554427271236
-43,7843947019871
13,9658752151715
0,794872823382953
10,0400152183256
0,346638885408876
17,9779328101808
91,1501833466195
13,9826333807063
6,29699416036964
-49,6334045332911
13,9249068097761
10,1690729323090
7,63967983352865
1,71507961111419
20,6436489592100
16,5680640495863
15,3478030539706
14,1732415067606
-3,26473907617078
6,63487115312630
14,4037953814933
-3,70942988890244
14,6745101884711
7,60423139994699
-41,6871837793796
8,57256144511767
7,23818067958738
-63,6802653507015
3,97656284083488
6,78517129764348
-53,4498943415440
12,5103305836663
17,7364497917437
-2,33047122468002
9,61413043194894
6,00967916754309
32,9022294760099
3,25817181134091
13,9995961167488
-91,5929593651836
6,02063575755987
8,15072269985906
90,1037672763697
1,04587165963813
6,95424111429292
-10,8586672474229
15,7997088492395
6,63468739834062
-13,9208029660863
8,26129702247443
12,5617250618128
49,5151116048862
15,1321330825470
14,1975343199546
-50,9867697195293
3,47161215896239
3,15274051354708
48,5677932403464
10,9878640841336
1,22170879006436
-43,0753686738688
7,46363177772291
20,3292947639863
-87,7230276995723
4,09337418708141
5,03614643187807
22,5529910379141
13,3893389736707
17,9726465145499
-24,2896342761652
4,66096530856463
17,1248100375415
63,7512094873890
1,85700824378215
4,09756498457920
-89,8562259506288
6,12046531174309
21,1690202685068
76,5460212868218
3,40408240391414
11,8998439823271
-83,7832763076742
8,13703794999534
17,7258732041371
67,2558549186404
8,32077807028696
7,42730310803665
39,3402465142314
14,7042624340287
5,67241758130613
20,6678708310032
15,1230001192374
22,5631474938351
2,74333162476557
15,2046468613611
15,5015772883152
-50,4395626222644
7,94313213774627
5,80640550347709
40,8445308020639
9,22311475624967
14,9999993651023
9,34480571410028
15,8418616151454
3,35789848727435
76,3173396408040
9,10325421569764
1,34224585383968
-73,0888410754861
9,82432859196432
5,14968298809226
73,7644768053206
2,40022244380254
5,73860750702854
96,1772946217391
4,91309717691094
16,0171731027493
-26,0037727899761
11,6185756821839
5,49212268147372
-61,1114038647492
9,02578053586460
16,7265221320779
-3,22677668730500
2,33173431992972
16,5281573438852
-12,3869373208195
8,82505214124738
7,58442250711582
-68,0817392614612
10,0036818219561
14,1709277937973
84,6997962384873
10,9361372698205