7,53246146382278
21,6406661746829
9,60321312181880
3,97280587106813
-95,6365577662148
7,90407419960676
13,6984190096725
-25,8806878129128
9,41467140139525
10,7221676436152
-91,7649048435622
1,33689831458220
3,73866880379785
-62,1401466095370
5,36701809360962
7,96641468346851
-98,6541286323403
14,3252975102585
19,5794466631719
68,5132531498104
0,745713654635219
18,8414197923804
94,6603738584144
4,20520680255403
11,2119369968873
-20,5635868959770
11,1814245644537
14,4279997562369
34,6453994465803
5,14226471625595
23,5151652474002
43,4751710379107
9,50522089629390
6,73471056347079
80,1019580472932
12,5896290989268
10,5251145279552
-37,0649941475991
13,5310008452231
13,6928311998245
46,9733591609692
5,01057452898869
2,89902917267736
-55,9465508542959
14,8429580646123
24,6237027123870
-21,8952811260239
9,46907708408225
9,76838768931179
-64,8835217935678
8,47682954238221
12,6106470316784
69,4043195704778
3,51629899809916
20,0901423249455
-11,5484702477711
4,07677666033374
24,1050276368164
62,1656875888964
8,88611627619931
14,2287716742119
-27,6533500776512
7,96444197985613
2,78678889060569
96,6595431704205
1,49712259967815
18,2743684837446
-29,5514621584736
6,58177083645087
20,7666136410034
-86,7784326969882
10,6742638288050
23,0918958407378
2,62018977097116
3,80569413444243
11,2543671933536
66,3917891227248
3,28446806698218
20,9526764344683
42,6212022941098
10,7072167529275
16,1791887507992
-56,1943550327394
13,1835603475151
8,74260711021178
93,3804045440817
1,63611081060595
21,3739515336676
64,8546419919442
0,0882262470177153
17,1838557598223
-44,9510962228423
1,52009078246975
22,4577281356102
8,91882934881356
4,21223164145246
2,73944936501240
21,3193960910310
5,92687602686287
17,4214632420819
-55,2989560908277
14,4494049465932
5,14918826651434
20,3456768715299
0,442190164576727
19,5553231251560
68,1916567190284
15,9979993789713
13,7387543043138
-8,43979716631029
5,85628772838200
4,75811292371746
10,5114014271857
12,2552304634339
2,74170392646368
36,3349963716525
6,46665752223130
13,8401397388712
-39,3161729712740
14,1127292597391
14,4593702531998
87,0437894134058
11,8804272026219
6,76406754693366
73,6197373316749
4,39927078891391
20,1958404102742
21,5380665288936
14,7820093601144
15,7293765260095
-85,9274697235844
12,1296007313714
17,1561015697533
24,8547673068305
12,8761942771961
23,2380181316475
-75,7371769246413
5,33272410409092
5,23179590811222
-10,8840172251652
1,18209717755798
10,5260215663066
41,7697898672602
5,15340013304952
10,8767263457770
-66,7998974821741
0,0468901203802510
4,63734703537583
66,3580163390181
14,2086090441320
18,4022880380727
60,1997220006626
5,75360421955030
6,50794885840241
25,1991001423929
2,37889247905470
22,6728562327506
84,0658134747633
6,36991428182524
10,5963483179942
79,5110507840359
2,36735065682359
4,99358162822587
73,7179036147231
0,987032755224195
9,47117815996785
-89,2629888030204
0,0253470758613652
13,5895439482852
92,0841271920258
9,50901767556207
19,8236715399638
-1,62008989522437
1,92217711230496
17,3704470295735
-42,9974460184508
0,361673371580338
13,5325785607319
-12,8224820446927
9,34991911649681
11,6190363142363
51,4642748140840
7,17255533685409
13,2795639768903
-77,0328318545230
14,7032608661329
6,57662585809460
10,1614659939361
5,45850420476988
10,6972388055691
88,0602334053188
0,335284447355578
14,4929325786889
14,2312146015620
4,71715638174866
19,3023920265090
-5,48931258868393
5,78665024293452
7,64360547149603
-28,3783330356838
12,5938130947014
3,35738374744154
-8,99956750577175
1,82474253263395
21,7423721118273
52,7711547453129
5,63875757038244
22,3187516341538
81,2508714576414
2,80482000618701
22,9975758423269
5,52173878595232
13,1338093748411
9,13750439367268
-39,0138478160620
13,8318794360993
8,51763085000737
2,39861234702732
14,5682991184118
23,0219636883065
83,3062932280070
11,5625164648472
24,9277239821123
55,1100710022811
8,85043476252744
23,9803381530044
51,8738479627889
6,28128631917026
2,52644040370031
61,1460281455773
9,43096424219628
9,32798343720547
60,0637044987016
5,50802361739717
15,3314478003741
8,03927865996159
7,13165953027384
18,9874049297476
-33,0577348053764
5,24987958154802
15,7239493397519
-91,6657645727680
15,2573773480180
22,8103795321027
-80,9855732082298
15,6045492744704
0,841231508556023
-68,5072218816739
5,81149926273487
21,3081336418002
78,1674420526456
3,40902150672901
0,206868354359111
-0,612622079438729
9,63053000179632
1,09495156914988
-38,6056647393845
14,4736207940130
5,00079417086210
34,9424793831372
13,7072514773475
20,6985931885637
38,2703098726358
1,30787268060575
9,21166430659427
-95,3348807096363
3,45035795825273
11,5803077211377
98,5493981341844
1,47089428879733
1,26049655175732
-60,1886722310639
7,86761880652797
8,18724682409400
-58,0552289245540
0,555483129398292
2,34695773647471
-69,9704783790215
6,99042948479199
10,8774620638456
82,5566978814547
7,47619210697137
23,1841896099126
-62,7748193185498
15,7721282041485
18,6496549395011
13,3098130623095
15,6206955145646
11,7851780681121
3,21516950878480
3,97860344199946
5,84488898051223
79,7182963995923
9,68284341088865
10,7675727536467
80,6264038150768
12,8093875172619
15,1579365563139
84,5984158850536
3,93411065122483
10,6473059701763
-83,8573629240950
7,20816479983957
6,37269898351406
60,6682112874770
5,76084883001409
12,7599172517921
-96,0714969966747
13,6406810945016
21,3263608402026
80,5747324686238
14,3273056799419
22,0439460277526
71,1104490756608
10,2460876448172
16,9099074110090
-63,9324711609093
14,2725276351747
16,6129064933071
-18,6706184683888
4,58086996749039
23,8752593630800
-88,1995757856300
8,40546630105368
11,4499388959027
-81,1381498116716
1,41030215880325
20,4968210945134
7,12298198379409
13,6338066686052
12,5943140382511
43,0215209264000
12,2017874032660
24,2458859432420
-58,0236409108356
13,5154353993339
12,1966519164506
7,23372351508134
7,68104867395761
17,9035386778718
37,5133720963219
12,0126330669092
1,98459180302705
85,3927996534995
4,84767829797158
10,7924210598053
76,4745065805007
4,25032025402856
18,1822102549930
28,9138655859877
3,95784728019318
8,59844137898636
68,6579903148191
2,19149751993070
17,7619823683262
-8,93933514902885
6,90747101866061
12,0226784705770
-39,2128116079884
14,4366263367693
0,462556989773621
-54,8411346361652
6,35802390676304
4,71377567311316
40,1911711299574
13,8335851180693
11,0326450727094
37,1665526539284
13,3497900095117
22,6563677758726
-95,0836525713350
9,17374904034548
23,4899991222574
31,1273813671350
9,15629649544728
14,0827122773851
75,3548994258322
5,70527004640068
15,2824392080413
85,3820659911513
14,0575550682311
22,2822442661120
53,0709475363478
5,28442684720879
12,6495610463446
-51,7422435701530
6,29868299425361
5,37692493949709
99,6003819397474
9,86501946723162
17,5583284035214
-36,4660609572147
12,5996833423352
20,1655899261320
7,82485233262469
6,35463060621818
16,7781238510604
96,9768215876797
2,85936447229502
13,2463495222029
-53,7467800996054
15,7575663574659
22,8271185212924
-33,5036252147025
12,3873080772396
7,57418189237761
-87,2938334345091
8,58852623412826
7,64446754634763
60,5255860955216
5,66560715039780
12,9901221786753
7,79367829847357
8,66539113662886
9,49630535898261
-56,0623194481235
1,88740456822914
10,4594515636032
93,2943661361341
12,2909763433610
17,6613980085643
-63,5273250575471
5,32595193897892
11,7426715137555
51,4755455954596
7,59853189749697
23,4695999136624
77,7374881813461
10,1588615389691
18,9658647540813
-16,7942817582257
6,22295183854570
12,2949475189085
67,9463032637153
1,63066916658458
1,46968559538923
3,20028092015539
11,3821930701997
24,0961116894682
-42,7262269862843
3,75664356421416
12,3016202866520
72,5095381461929
15,0682585207853
12,4932814191623
-56,7362571399138
4,27444816982106
14,4984597216194
80,8085928847890
14,9582145824235
7,98906094507688
-81,5080730325017
9,22930444720299
7,90954259300916
81,4446054946972
13,1261578587835
5,65616414288741
17,6584462541667
10,3341428624933
3,66714649379038
-38,2330449994723
3,09887555561783
13,3764110973531
1,10632887882456
3,87173313763360
18,2011069003581
88,3165595224901
2,72453023790503
13,9579293185662
85,1641612022589
13,0898488525622
2,72757528260428
29,1678686407574
13,2223396859515
22,2131971863373
-82,6800279432524
9,16006701977145
4,76967017105031
88,4710969750207
6,46908918291038
20,0358822730032
-38,7222706560339
1,20903668912739
14,1610951685827
-31,2590713872000
13,3542879530992
6,10544120586854
-17,3610266551030
2,82519275874830
8,36660873816117
-19,7876231998949
7,67844754768830
17,4446725040125
76,3105148353480
10,5951626671376
20,5990209114832
-33,9458412070430
1,21820750554092
6,89302912433334
5,58113266099152
4,84946034342715
11,6733069449098
-71,6472175196004
2,77410020113775
1,66272124659218
85,4188455176273
5,85236426053896
8,34545592728792
46,5816928318074
9,49186413466340
19,2034923081844
72,6920445046586
15,7267996280810
9,61238042575590
96,3672824701940
4,16411171362448
16,1570608191122
-72,1510711095539
2,56886409096322
7,38186883595147
75,8756355356601
9,96706305763304
10,6608917206776
81,8549862536827
4,99636179803956
15,1286780481885
-42,1193194374551
12,8421924759970
23,1382248350042
12,5405454503677
10,9064263387721
24,6723009829142
-7,27484299973695
0,294127994012710
19,2635299319013
87,6076546500482
14,3057149190596
13,7547907332267
-94,9461115789081
7,80249694832783
9,66467500026086
68,8124311764974
2,72015473368161
1,76819389731950
-95,7738642747987
11,1873185712081
19,8981319584264
0,846499148783853
10,1111476225964
0,333864610246989
-68,1118400318923
13,8690126745783
12,0445723131684
-35,3848803534265
15,0799743080272
1,50947691284175
-16,5872164153771
2,76879562001993
1,22191764614710
66,0907937722420
5,74597089005702
9,69797188348725
65,6595565242210
0,955332866285341
13,2847970817891
-61,5222801058394
7,31209166563526
20,3706469288603
-94,3892948278285
1,47199035489876
24,5746008515134
-91,8593485775860
12,3013722554818
19,1322657296955
-36,2282956955059
0,615683811206109
11,3355746773828
-24,7505354491046
3,52240449092119
5,94854545681002
60,6613892867663
7,02320044492547
20,9913702731385
91,3750205883364
2,39258723176874
16,5316350838704
56,0158413177137
4,50369781818385
4,61180022525334
20,6202181046568
7,95890611758849
12,2513371242774
59,0472320020337
9,98493952258857
15,7187992892117
-1,50448266923224
12,4093624208983
1,12710609150260
2,85849694984759
3,11228442861568
14,1519839248958
-43,1951127075090
13,8238388325635
3,19800807579131
-9,75302274633974
0,254735697995045
0,907026877818026
75,3349710603283
0,883466796106180
10,9050563446713
-52,8717167638483
1,69139659487467
14,8730533580747
0,437148959804312
11,7147937077181
21,6488829666979
16,0831159089863
11,6673725483630
13,0123866943709
-39,2772724937393
12,2587297896223
24,9702516780844
-73,4446265850484
11,4576952845031
1,44537691840180
-24,3237379866332
0,609679733431417
16,2306580456629
-58,4610275357395
11,7537340712856
18,7480108907947
17,1849579413933
2,14424237641210
24,4078298375487
-47,1652079844070
12,5559113622152
2,40292688926177
-64,9536849004020
7,80509903847914
7,37539957500718
-4,18910346516535
2,69954188017318
20,4489612484377
-57,8451595825904
15,3373022570442
23,1384493272776
7,91849182695616
9,10446339931077
18,5301378941183
-80,1682493320228
15,8409296068918
14,2382990231320
-9,56965623662553
0,917114808772464
0,986379501448262
93,3485034762423
13,2531465473979
20,0507553858351
44,5179571117824
12,4711771111950
11,3212080769976
0,933666927174670
11,5772113468717
23,3220829457153
-70,0921330733876
5,95655423504913
20,1880700810079
-25,2331694822357
11,7951370648020
23,6600083836779
-87,6754083197220
1,34727343062020
19,6991249608752
30,0976283127983
10,2307902603240
21,5807861554072
0,250523656239188
2,52319093499828
24,3810844878225
-67,1240831611815
5,14622825474923
10,4812074702328
-19,2427312680842
6,60184430841409
0,430499570039745
48,6690510852264
3,57139700197841
5,07054202206822
-18,5975446343364
0,644311920718725
22,6829739263432
65,4597239883157
14,8048842200529
5,18714463201880
86,0572830358905
6,99253924493652
15,3120086173413
6,86946526695782
9,79080144680494
21,4706394458947
-14,3281843074273
11,8545953747630
5,48545608463248
-60,1317246039051
9,28375389692649
1,31855360457756
18,1221280537929
8,21073882155146
14,1785994412630
-10,1867386401088
9,28430779830051
19,2644886065068
-83,7955207960482
8,60771695583110
19,0409968226691
-27,8453322178248
2,74172161374592
7,89488870463402
-47,9149931899943
14,3931146352106
8,17764841550117
-22,4024260669150
12,4196704751222
17,0518531630923
0,756353919701169
11,9959747784072
6,37355464769828
58,1085435098188
10,9299593829750
20,2535755889745
-20,7600676640297
1,72849843575426
16,5529850660738
94,8515712469846
13,0423222076877
15,3400166852573
-30,1504188915048
10,2383789646997
13,9044483836591
-30,0885336885328
11,7165935265646
10,2467645658525
58,6943572142151
0,551430165779870
12,7459537849329
-84,6079584289811
0,849501049061841
2,53111623523674
-52,0817444129203
14,4921479665775
23,4469619660344
-40,7962848661633
7,33515932271147
20,1299673513548
97,8370096537522
5,59008891650819
1,26717370882898
-8,87151352593349
4,19700399348537
1,09857971033873
29,0175092053758
2,19637762596085
10,3534577232021
91,2696041103196
12,3910426929275
13,1350925606641
32,1052288726721
12,9742113978809
15,8091692065455
37,2509439134583
3,25804592407353
6,88879980089277
-7,66968917670929
14,2331746797799
15,1301882839489
27,1625863316115
5,60586901348953
20,6146599761031
-88,3038131442429
1,22664604151624
20,2495610884843
76,5931088876741
0,396870470599580
15,7172717858164
-20,7291586264925
0,268782802394531
9,99993603122631
94,2854796590036
0,889221524194111
11,1499799872862
29,4373238230411
3,98468462125782
6,88588004175853
-30,6071172757923
8,30050329507879
22,0619139369847
-40,4418704318005
13,6301656398875
6,43112248933986
78,1252154638063
9,56760205909954
8,13840383033149
16,2806197354699
7,61345358624477
3,10004788760179
-69,2500383673021
9,34713930652209
0,459628475444370
-97,5211534231322
15,9397677405802
4,21300439512421
92,7899037390581
1,64267899000434
5,24220905474093
2,78999918780405
3,87174536402513
20,7762549868503
75,8924001625149
13,0131026286184
13,1451558004646
95,4241008894800
11,6131400547076
4,18254722721939
-72,2254733475613
0,877937028718316
17,2585213234020
-64,6978488313448
12,2055320975832
5,26914367951711
-71,2127617292430
4,58072249335056
15,3565969927031
-49,5056646530423
8,05903505782688
14,6416929804627
-64,6663595726168
3,21180017386734
1,19855532000591
-58,9900911546123
13,1029464156243
10,7170643868167
-49,0225803649199
15,9144946252326
21,3199981397290
-6,20200997142835
13,1486144910035
10,5510315526570
40,9600763113879
9,33010654333518
5,87720474897277
-49,4680854881349
14,3279379024162
16,2940909731611
-37,5083604888549
11,5132465455714
1,76628408246086
-29,9164185869954
10,6134708650167
3,70612641236962
25,4269310262503
2,67650809562792
0,349491666731797
-87,8589138096701
6,29233079789185
10,8444299264355
50,8301447663073
8,64196195777549
21,2937015834115
5,99776307400211
10,7444780363371
14,6513590097415
46,7980401878410
12,2989312552406
14,8944915076834
-6,80672019194220
4,51066605664764
16,8100629681744
99,6933890817953
15,8871889476474
21,9221884854673
86,9524030791925
15,6551280592956
1,63273709452146
1,85820508657994
14,1406578487233
5,21411695188606
1,57258028452716
14,0806480940488
11,4561789987943
55,9663873264913
10,7083591117898
4,94951293309237
-49,5575452770404
10,8850129020841
16,5122189372841
83,0532404351057
1,32325723734634
9,75067027134564
-82,1630263293557
9,89743159533013
14,0776335595987
11,7460247379673
2,36303405492876
13,4694986861295
-44,4216765883750
14,6545361831009
15,4444600825854
30,9637848906037
12,8680459206816
4,44619751352025
-23,8418600753972
0,0786941751955173
8,19735971647033
-12,1286434081121
11,8964215593762
0,603011767602046
-90,6464131396836
0,0642931807315499
23,6108552467284
6,56171539771910
13,7531552717930
16,9242009565708
45,5002824801741
6,29856414650921
7,63253600746990
9,33643680493650
0,344846938646576
7,44394044319310
-75,7856964840222
4,00260075053467
1,79050407699238
89,6695622697677
9,82379303887382
18,8193068152935
50,3943189705693
2,20456397559421
13,2899798741575
-40,2128458179047
7,12215980803566
7,71348220093467
-45,8930186271558
12,6269291947155
10,1709951587309
-67,1910502145331
13,1857428837600
11,3448484436397
73,3221968654842
7,15491470699542
22,5940340881957
-83,9438610571775
13,9173651861729
6,71633016910170
82,7464949395209
3,29854526869033
7,98885445803489
13,1058582088935
2,25612378607323
16,2085732774990
63,9339234159359
1,79500180186917
19,7379511758675
60,3527067287895
9,78472182150582
22,1421325361466
56,9469346090132
5,78479149970109
0,902134091750980
95,6507310312551
10,2875626762886
17,5585536723969
59,1480152747744
0,519452917565097
17,9099904137275
2,78182123912645
9,14385146456753
2,68462114456983
-62,0078811091440
12,8548040824422
5,86632424816846
-57,2943732339567
6,80712099228824
13,9195338714720
-55,0011482142007
13,2243229742410
9,01685639479610
99,1497742586633
5,51755876668273
12,6686975710655
79,9547404269667
1,21416592173870
2,64076318668386
69,6825217009711
7,28559088702623
8,64712892972088
3,80000454993605
1,09910679012600
15,0837292070941
-96,3188998951410
6,51842271729138
16,8050495309751
-88,4395115572215
14,7155957032720
11,2403875969337
-99,5813056289207
6,17115438544684
13,8383022288829
-5,47886076354878
0,699820383197544
12,0946024309365
-66,4225832581789
10,6268032888372
0,492364688965974
54,2333337712155
7,74173543398659
6,52289981854621
-99,9201143772413
12,3511311998898
7,79142070402764
-33,6255103750568
5,56264777312938
23,0432750300526
69,0962896898988
12,3864710163978
6,88494254931744
-55,9419828735087
9,28891591645827
18,7951922314729
-58,6852343303227
10,2195514829581
16,5818634941626
92,1164813438454
13,4195581383918
11,9337519716951
50,6519174045905
9,02969522504836
8,45856530497791
-6,84992361024766
13,4686359244564
0,816186251447187
-38,4332347617159
8,76961905244591
14,6833520886831
65,5934638598243
8,70142553955409
1,36861323277239
-4,22569406937192
14,7315104589528
5,79980238760680
82,1851622114655
1,09611872592689
12,2365884587838
83,2174204893577
2,13753527653627
20,0908216356366
91,0403203241368
3,88351447743734
3,02567427712973
77,2754400764783
14,6274663196808
15,7399062929051
-69,3477410549437
7,44820002989224
13,8301114590432
-24,4293989417869
7,98214231984865
22,0657916671695
95,5142253622741
0,607677771342187
24,7578044054273
98,1343106532578
14,0925659306884
0,863332923869317
-53,5794673591626
6,68750010670973
10,5018349586634
-56,6355005668552
3,73828948354992
9,44312444136728
25,2999529293700
7,51962111202817
9,49655751826017
-68,8636286960436
9,85938633559352
14,5035500063322
-26,6364165289761
7,53739589715976
14,5015194953460
13,7009690722137
10,2369988775865
24,6723456274678
-61,3214590751975
2,71722479617115
19,0321736150226
61,0954121150733
7,22907607279847
7,14703385707325
-49,0318597431725
5,87650207705338
6,18648623970226
83,0137195478609
14,6909665849404
24,3379298870503
78,0008144689559
9,08154581958245
0,682117288341837
69,6204602755771
1,61631525004914
11,1831641956153
-38,8384304919281
9,04156278742788
17,1635260396144
-46,8822992129087
5,20407471400518
11,1283757549576
-95,3274682845267
12,9598666902589
17,2853962749922
7,00525817114064
11,4876811114756
3,71230844663481
-71,6672714507694
13,1728312270555
7,80280439902915
85,4428679984323
5,24649316802852
3,14468383516115
-34,3469897140761
4,56030704154173
16,4613535733214
-87,4253693792743
15,0927922854822
21,3859860706401
87,9598588735712
6,89991980190058
14,1972990211040
23,9971193640159
5,34146598914235
20,3832191679777
-75,1739874118430
3,74955367334107
8,03001011425052
-48,2361180793405
10,5168435560760
13,6093445129167
15,6278705192624
13,0295463842331
23,8084164053294
97,5555160095702
6,00681950293745
23,7702466942321
77,7439400207799
15,2272167632151
1,15623374741919
51,5794678859220
10,6946815904903
18,1963706409496
-84,2878313708150
5,13012555190430
6,51209353413038
-55,8837351518422
0,578504157410672
23,5322630596823
-40,7503022673720
12,1440828738013
15,6119708246837
12,8366605528465
15,2169708502408
10,2624288899077
76,6173315011266
8,56129644422672
7,79830005265620
-44,3673860857047
15,3090925612310
11,4921766988415
-79,8215513526110
10,1573505544141
18,3027871714782
-46,7478611969686
9,40409286091556
21,0733050469761
-23,8050147295999
8,72380404749942
3,87942879863260
-68,1972024002541
2,32725406594471
15,6486344632145
-58,9567931865234
6,80029107289456
15,1213334905944
-76,1568619364479
10,3190414712098
22,4740581495761
-98,8263999684863
1,61633012570949
19,5201654697917
-87,6145932078825
6,51165423637526
0,166858208539388
-48,6954457753678
12,8831717883645
20,2119093990683
-47,7688470259057
10,9958246099548
2,17518011783209
-97,5158698618399
13,3257138617577
23,9487134227802
23,5457873232513
0,318189457571819
0,274573389237679
-26,6652075031227
3,42312930699429
5,68188635620199
-19,5834182785162
7,97613440358380
13,5594142634685
-39,2927386111799
8,27552111013709
16,1822782816496
-63,2230273504102
13,0123282442828
4,80489279615416
86,3524382421296
13,8109907714601
15,6725072209368
-97,4247110778309
1,39149166417757
13,4434136793627
-67,2980086218459
11,5391591092930
23,7222772915106
-76,0346156955283
14,0790676254135
5,49502929233093
-64,1429132546282
13,8617619598001
9,17602611492490
57,6827623864872
8,47227516359046
9,77601593947491
-87,6254128647174
14,1177719317744
4,11458654512982
-34,8430111742578
4,75662108450669
11,6820236127588
-51,6974149713950
12,0965344073261
10,6874989190310
60,3739154134453
14,6037670248594
13,2414781394708
-88,7650308975067
3,90189295901639
13,0115694676676
82,1618578829533
3,60238888588067
8,62426389317149
9,74794238563159
9,34782692487132
8,98143874791477
-94,9924109332815
8,33745483854169
16,5644849223754
68,1537395207775
8,15649627432075
24,1763628629642
-9,96659321075957
5,87945952500312
10,3320508956458
4,49111632083192
9,65381332608402
21,9433996207072
45,9153298107879
2,47875218607246
6,30263242651097
-82,0288981221610
6,78922189805532
24,5818808947452
-92,3462066419543
7,93338544325269
16,3026338367087
-30,9754329235488
0,265680584966232
5,39548392107478
99,5648642003975
4,54437442223060
5,40285827641306
83,2976797924758
11,0472766055583
2,95817278557766
-86,9779104334517
14,8306980088565
4,10864933281903
-59,7713606381250
7,15946170153958
9,18925555898575
-63,7066120639768
12,0709771532851
0,0804809575432532
89,5369597975036
9,26831113651181
20,4430997998625
-70,1697888704499
1,95116124052738
11,4511245766826
-82,1626102939397
12,0784161256687
4,84851504367295
-81,2802874946073
6,21634404208007
19,8787747803187
-14,5205188622426
15,3614039817604
8,46962716938805
-57,8887056439533
0,867984074022292
2,42365704249074
9,83595316549410
13,9535751006107
22,5438595967476
-6,20588278280267
13,3011814033926
19,6346236234059
-82,7965721110428
13,5789128120076
24,8702490878941
98,5035355793056
4,64602794486793
23,3575168383427
82,0207885783036
14,2482917835199
13,8528241284716
-92,5110403847292
8,70191318996580
6,45492560430886
-65,2317382816959
14,0774338952349
12,5707723016636
30,5830512628505
5,98470703309179
11,6144199172911
-88,8801979590904
11,7062509024732
4,01013303856571
28,7502450702051
8,64878290057370
22,3823237173416
-27,7484531349654
12,0611495834823
5,99250478626811
-19,6495831261973
0,858564462674131
17,1185994031638
-5,15496800877253
0,916985401920673
14,0085847256320
3,58198531964613
4,87804881748272
21,9445385513413
92,9701787990683
7,74389904096164
8,44957389112873
-73,1949451912889
0,749740743911930
2,13291745767334
57,7697763336051
1,80284429834169
18,3110994380001
-32,4607636074461
14,8854174428082
0,123568548634873
-6,17266137608261
10,1329493713027
8,48698261885463
5,56500945710661
8,97119514214990
10,9969089466784
73,2967662785238
2,67373995952819
4,35349238680635
51,8819020227593
9,23025450946090
11,2274659008934
51,6066144795786
1,32396348149695
19,8993536395216
72,2566755018880
4,38351579422664
2,19702303919406
63,7959248797794
4,55562228416498
10,3552476440491
-21,9135634039535
1,75171471955853
14,5005457415503
-56,0732063368171
2,79413855136781
22,6835420934984
24,6085559927779
6,33326642771074
0,256672512361581
80,0576794857865
5,62190026875288
19,2218355450898
-18,1290260248557
4,87843501810249
15,8206413016147
22,5521878297350
0,145993297670644
18,9210441530269
97,6020954654074
12,6932544042456
17,9732527391929
37,0738532431136
9,48732969987577
16,9791232682870
-77,1308836036455
6,84684264459098
12,3792521594359
-10,1686961478237
10,3683034093758
18,6789277786200
62,1143330153670
14,3120690411142
19,4041832979010
-89,3496252908864
4,06979274235144
5,43772288992345
24,4778216083397
6,30251492259106
15,1867448212767
82,6396975273168
8,63935061362122
19,4432458720910
-91,4190000454645
14,1877166535435
12,1588289089670
-57,7502966948823
4,04699827344691
23,5965305032731
68,0113319262112
12,6394250195042
14,3521524383014
28,3907148216100
14,8112358122382
0,803480015234555
-98,2971326083276
5,48815454308765
17,8786992285770
-94,8997778562892
3,37028174526785
17,2794098592014
-68,2985274140225
6,06124186880154
22,0664943302602
-99,6951399945563
4,55442918863587
4,78452951069626
-67,0638492886220
10,8779691892875
22,6310689232770
98,9541558873219
2,11723233122457
1,69194605433500
-4,07180760466357
2,38458015640321
1,86947566121453
-10,2994757113912
13,5164939006954
10,4325295037870
27,4506031835249
14,9006842079248
17,4502431004687
-3,86808808752559
13,7296154412120
2,13832592633615
-73,9863593600284
9,61127767029393
2,81687097874166
5,66838637810547
8,83628516473511
21,1539889953039
-16,3073673534090
8,15853960251535
9,59836080489285
92,1119449336357
0,247305073230747
6,78537054501831
-61,4115893060918
3,77684886731305
12,1229963331715
74,4537640641078
1,49842012527249
18,9846817996051
47,4338551991336
12,8324045378675
9,23328587350791
14,7305145904153
3,67413545401769
13,8858621443950
56,6478791806955
12,3179956834616
2,60926679532933
66,0635519848515
10,4568088068111
24,5471160290143
27,7866676052178
5,94471580753521
18,7927204170939
4,40063812863429
14,4167629847345
1,60992809662950
19,0818199680217
13,0603571682708
24,6727530395900
-37,2728345469137
8,09547005128499
10,5951801942188
71,6586253613472
4,21111160126152
0,726132166539086
-50,5033536770009
8,15724316491744
2,41669077642517
18,5537303329426
5,35987029571894
8,24324292551126
-41,3843530616954
1,55516791105813
16,7720331709661
-42,9764272426578
0,215497420386425
22,3837344641996
-81,0419506219225
0,979608172323996
22,0564355275223
-55,0858267431541
12,6752710956222
21,8403550904756
90,8692484173058
0,103484888988577
15,3015393589966
-83,8354545336591
3,23205740553986
11,9020924608382
-87,6714591629896
2,26451992618414
0,916314697160455
89,2076012222629
3,56118000460279
3,50164327742999
41,4012158502115
5,43279112901693
21,1071685409067
-54,2211904641936
15,4713675383579
0,527825696221672
-83,4329911572468
6,40181972970553
5,21683908789667
66,6971889289387
8,93475698347995
16,3685687208553
-51,0338054193387
0,565088248566806
4,05029217067389
-80,4685086160391
11,7567480291554
20,3360676422051
-62,2247027203233
2,97889951960315
19,6212319774471
47,7148835050501
10,6452350787977
9,47842236568805
18,3054492801702
8,59072823292128
1,92681809964895
48,8620880937972
12,4784453574827
17,9523554665508
27,1552638717395
7,00206681392890
10,9791969248815
81,4343793729152
11,9822337764702
23,5148010409078
-96,2225754497514
1,91830645248863
13,6415246890812
49,5263280774754
10,0776843640343
17,1433583580583
-83,9180901201131
4,79315026878236
4,84366035015835
-64,2459970208625
14,9273687503094
17,1024005201223
54,1550176167742
11,1942110799527
24,6975419880830
91,2364468643288
6,69952858525106
1,91110457465387
-9,68975124063833
5,12326915965370
12,8575596524430
27,5843658048919
3,94075033824610
1,62551556396791
70,2706643768938
3,41181024944168
16,9401501361031
-60,8728634290224
8,22913164502204
8,72108603230498
25,5847959692334
10,4344094321070
15,8949273507257
86,0231510016598
1,05776962556852
9,15318701722184
-61,3717670598998
4,01744721976702
2,51300503954999
-70,6657369496671
13,0811957799026
5,41314125208147
-68,4420742233985
15,7825380382289
24,3179240912592
10,5281786375366
2,22324267926773
15,9262175649607
85,2332785935874
10,7883503125366
6,90068209458953
-68,9154395107639
6,11199696987717
6,54214715054542
-64,8151313234611
3,45187916623029
12,6578660693215
76,0972829983823
10,0122581597479
14,2134690897271
-77,7681611776578
5,30295195196328
18,0913265029179
5,44866480249415
10,7705217539971
6,21929684575717
-15,1068412570256
0,563310445037935
24,0380533127023
-68,7353397971638
14,6073054936496
4,48504067504885
-21,8756393913578
11,9203790490795
17,1097262278199
-46,7421627056119
5,73798572049173
18,7388787761241
-47,9235794841760
14,4232683505493
4,25191391834513
-62,7321593348821
6,05479254081379
22,7772529250971
-18,0263181712987
0,929523619045741
6,16188456205546
52,5843455639430
4,27487965894303
13,9577719690353
38,8228394419771
15,3892264040074
2,45408261623253
-57,4510404091545
6,74654109302099
3,33583188097044
-81,8155595416687
2,32595165270802
16,5488762252849
-16,5660182601628
9,37986298444121
24,6082867271190
73,3474987229926
1,22176037835635
2,40039926363415
-86,2338553634528
3,96172476287364
18,4686983101288
-80,9570507763940
0,384019320290960
10,9473081594393
-14,8327430221828
0,196858276115336
22,1183876981449
-65,2380065506952
11,7004624841010
8,84729915950160
23,5897970420987
9,25207277024549
12,4229133196374
-65,3333281763967
8,49090778268717
7,31184705852283
47,1475151360631
6,25252706728125
24,2299696221329
96,4378739126687
2,31169537097862
19,5847424125340
-97,4292491204830
7,73569617844090
12,2023460250195
40,1798285644049
11,9276570059782
5,97935346413121
-86,8921432651009
13,1836907110990
14,7824029022570
-13,5494842245496
7,67858585870277
24,6256501268739
72,7967900614870
0,315912140630834
14,9116337012666
86,4890575417065
3,76081436341554
9,89500333780386
61,1723412423377
14,9039036739189
16,1956773659555
53,1728027758930
4,47248939717989
23,9010428400473
-33,8553477052859
11,2109057311395
3,00064074614935
87,4111968460093
6,72083718876768
22,5645073214267
-62,8188762980205
4,50170141219571
14,1511265427345
-90,2079419276532
4,37142345517029
6,12548270205833
87,2547973798577
14,9656061846931
10,2129413145725
7,66614805278187
4,92805529711824
1,01280145532261
90,5482210297990
1,55866129293731
1,25694774945821
-22,3636176377908
1,67022414145497
18,4735616876305
60,1485241887409
5,17080681162921
16,8993993418193
-87,5880132898310
7,30772902424359
17,4506752147309
-39,1661852525643
8,58141697096717
15,3600091711980
38,6875870052889
7,11270611621311
10,7709996759975
94,0115778975908
14,2822791786612
8,22291510849746
-55,2885988809809
15,3945080087073
20,1326006152186
87,2178663706826
4,42051341677792
21,8132804628869
-81,8809266442669
11,9644455394507
19,7255368380772
-33,8140199274321
3,36911287943299
23,1387357990407
-96,2869109377669
8,09912169799902
20,9309098244471
79,6998354030516
7,76357813345268
11,1068761052093
-51,9528448667871
8,63212481196549
9,58204288038565
-62,4948963276976
2,47779748729040
4,94760647391894
-15,2970398806815
14,4013427365888
12,7316754429051
83,9492835065266
4,05881760045605
1,34105488793726
67,7478107076062
15,0284466370399
18,0809267120123
50,2594855623633
2,85243347089389
6,65880296720336
-23,1110174289833
0,184300021058913
15,5346646996036
-12,1181104578751
2,57348454486628
12,1423721107108
45,8625388855217
0,604127554970674
8,83979983127697
-47,5192695263332
2,93960064688593
13,6929862507927
3,12106617315822
5,18081175154100
20,0968103339853
-91,3890520267514
8,40680336246173
17,9362388698215
-32,1598135964369
2,63465027263968
10,4621948007016
-63,5052887869771
15,3035813566964
17,1789619097335
59,2077307985838
8,32771490006986
11,4642241199223
74,1824893706646
12,3186762273582
14,8393123166947
83,5345481477444
1,67475382676070
6,95456362622606
-47,9454455538871
1,01222893173612
21,8673016791523
95,1417582119639
2,00681336479805
21,4311315505111
-71,9665379928433
15,9130290136753
15,0065410308284
-72,2653997191909
12,2227227631535
8,03204771486232
-6,69787630218544
0,152135841853822
4,20922646639196
25,6977897302486
14,1213391308772
19,2700054844136
-28,0708437152219
10,7275662421939
0,685974011425294
86,9165550294833
13,0906938561859
5,09761105601565
39,3578652445659
7,51767613753783
6,00308264307720
39,9612581298906
13,8772064993409
10,9417056131558
69,8182663503742
5,49889805818792
3,49064411597180
-46,9331141313712
8,95548668824140
10,4566694855180
-60,6033685109727
10,8895472926831
5,01498435721270
-75,6497301379937
12,4966357770297
19,6509820824180
1,32721979565322
8,07897683141762
11,1212640235295
-98,4451021939115
13,4194586177204
19,3756908267459
-53,9766071415712
12,8795547356809
17,7387031067367
-94,4620819129750
14,1768111944188
22,2235321444593
-51,0811199586732
3,04979432380409
23,1403063399434
24,6089738625827
1,18228737451406
9,75307830481414
71,0447348533081
8,61886964373669
14,9372933071329
10,5975779947099
11,1941835572723
7,56808327820845
-11,2909635477184
0,233942905922133
22,9776561263047
-49,0665090012202
7,26600592250519
6,03608338067711
97,6138416810220
3,91501055766893
21,6833370039064
-2,20410669321312
13,7474319004580
3,49305421663048
48,1166878597258
4,87925599667505
18,7348013516257
3,39479064945873
0,910566548087783
21,2907763730874
-86,3139182080613
0,742540919074784
17,8266921314408
-49,2567952072552
2,60597223223886
2,93423627526864
21,6498779231281
15,1411911335828
8,49155312094572
-96,5726119476679
7,99324737267854
16,4337816658846
79,4542969425335
13,3177676888017
3,20877665891603
12,1683683354069
7,29424393083651
8,08205839104146
82,9971083329452
12,4219818753418
16,4043658173111
-95,6725362812618
3,33089986256040
11,4628224143056
52,2842734756056
2,21739603130941
13,8458853559110
53,0053340728267
5,87644046944485
5,77086462440304
-42,3168865698123
9,94326451245353
8,27054602006886
1,48270097499148
11,9102022313330
22,0012222529448
5,74275041980810
0,750033142252722
19,5390036737919
98,9838738972045
14,9622262968549
10,4093681311730
49,8097656297227
11,6251699024965
8,81224723967178
74,0438286047948
15,5129967742751
22,6129026032779
58,4965287200512
8,30489850357753
18,5816284570009
46,4888023018444
1,48306687994694
21,6624521536693
-37,2303620428301
6,31194530416020
19,5794625015723
32,1085057598353
0,315535249175960
15,5030084917483
-96,5917368176228
5,47026781935265
1,12880997886725
-28,4587158449977
10,6162011793724
24,9278768906730
12,9062524648282
15,2639749345677
2,36567759890647
39,0237409183400
2,64274811499559
18,5762972537374
-4,69847286956151
5,32812467611737
8,56202437813299
52,9063813334262
0,417874441986843
1,52260599275574
45,2622295311232
13,2002110529896
5,99444875631748
-28,2135882810097
5,08750185144380
14,8545867915270
-37,8826496939738
8,36271328222724
4,86201995775032
39,1830441738952
7,61779348845266
19,6144864276029
-17,9216417262711
12,4790484626777
21,1462211314524
89,6274221415028
7,26595170240686
6,96188701426033
-85,0800431031659
10,1036060621889
12,6059038981966
-61,6666231139025
13,1280443717225
1,93282986774509
23,8561509654631
6,86934953600053
13,7912394910773
-57,6833780712015
11,9774529763197
21,5508310403611
13,1450731214532
8,89861733087215
1,89967966515232
92,8967986408965
10,1814818305612
18,5673840991057
-19,6732921631936
6,51413099349847
22,3558511162407
57,0313203401033
15,5677083189835
21,8805147104549
-13,5804957493259
7,45153873769731
13,7391576402772
47,8881128834352
3,70334439748590
18,7131325495494
-76,5254531313440
1,89982352921667
2,01920348408226
-0,327927686933238
11,0005144169099
6,84490120426906
-35,6518025239680
6,78660638479392
18,3268313378077
-83,2577809675242
0,0325143639009955
15,1674103441832
-8,88866081269524
9,15356187780863
5,55505640516261
-50,5802557980881
2,19282976460141
24,9872675051897
-93,1254001094521
10,5499308730988
24,3122832653466
-62,3730731077552
2,58717859013835
19,0453254853195
35,8535681653946
11,7014502644848
6,24365426791564
6,95000816487996
9,36177747007545
14,3905282461943
66,2730807329463
0,229345178747950
15,1266514245250
-44,9495136258879
5,98400744717661
8,52487913955269
94,9739536160588
12,6359505431923
4,81190285113195
7,26684266741395
6,34336589569682
23,0957553155028
-91,6729250982915
7,13630658118527
7,50057451124823
-62,1575193418120
5,62172215529176
23,5416959236853
42,5396453237198
14,7295086115898
5,93393691066301
36,1313166444440
11,3935975578339
6,43493710589014
56,8423645489244
9,60449324194564
6,25675514342793
-96,0413610993125
13,8114680480838
4,17691586512269
-12,4944389501314
11,8771101754489
1,52580726626692
63,6549642696747
7,95296847985095
21,2163392144328
-17,4788117918333
6,09218589460520
7,99173027826681
6,13767245638139
13,9269240527957
3,44184225690557
38,0806154774416
12,0937594083501
2,09529126819445
24,1110446464587
4,96756283426121
24,5222023614209
-3,99010480625135
10,6631294443452
1,80092477870860
13,0033633006667
9,23696546292304
24,5650086102797
-17,0192631394058
13,9975592742619
2,94517039620956
-57,5985623875142
12,1479908926779
6,50055365205482
-79,0516512010902
4,77148161316752
15,2492824034412
-11,7643327615964
7,26083762091375
7,09003983371951
29,5727286866677
4,14408133430861
7,41087023397978
21,6427005313509
15,9675576274398
20,6970759635534
89,9162175269200
1,71441153493332
16,0275533213834
-91,3541296732079
6,30690382959168
4,77826848401895
52,4229141486567
11,2749747613252
14,4909955305160
35,8173877356190
3,73859904402306
20,9536526758954
80,4234155488900
10,5728663461893
3,76465845586210
50,2386956729002
0,570221143957513
19,4920863133214
-52,3743488961026
14,6219653714385
16,8742453549878
76,3410355711706
12,9270588178180
10,2448811519956
-67,0480245882348
14,4293947209826
11,8924172278208
66,1275798341106
0,360301250850768
14,8981347309910
-98,0251664687721
14,3309836849149
22,2325860710812
-94,0546248249473
13,8385708776535
13,3468244817617
-25,7180306783317
5,97295008609792
2,90373071310553
25,8591360305295
7,59162668120248
0,338376421290970
-1,05624021196316
11,5300452700361
11,2045650250926
-84,2244772901293
2,33470697569502
21,9703676856759
53,6523235558730
6,57221118400746
21,9517557154130
-8,44547696267666
11,8056173737677
1,28874426243269
-58,2917170191757
7,49851598273106
19,2995730213675
-7,73415991422830
10,6689186548960
20,9305591204915
90,2290261805590
8,35568963145351
18,8589844752280
79,6914279606204
1,90350509715570
10,4219042309561
-15,5864441096387
14,1980633836555
5,02671114395620
-65,9977593074028
15,1713610235677
9,11596039791327
-64,7527868646696
1,29710767216079
8,42496591274016
9,32500041522870
0,336583347867283
23,8712419547802
74,7229410210466
10,7793644110975
1,58123251119967
-62,2069419312839
15,6919191357950
20,8114907865765
-94,6163004407177
13,6806266570541
11,3285904586322
-23,3188351131140
3,98008349087048
3,79019858182933
-93,0389853870972
5,35848980122226
17,7586327389849
-48,7334929877115
8,46556006828703
19,1891265942366
23,0943229836784
7,37584942831589
24,2378971249389
96,1091128754306
9,89737427208765
24,3563477511685
-64,1865747501318
10,8394492524802
0,170470802630579
93,2455718646298
3,32767593371628
18,7778549468651
37,6273098918961
8,26983131236809
4,78130185564185
-35,6541609799085
15,3902464083958
8,05470780175063
-74,4481098876991
13,4700750028692
14,6800182755504
45,3319896227062
3,56863994689606
5,84819326036525
94,2648613786641
1,77624608772943
12,3987660588093
53,3814731019891
10,7785818946930
5,92792993732001
-19,7246249664366
11,6127098212228
17,9840529355696
77,0310630563694
10,5173788853259
11,1641259117198
47,2653070945895
15,2735217620848
11,7355031491260
-22,3344066382003
0,233119572178317
7,43471943226305
66,0591299804073
6,24594486801828
10,3428631644951
47,3403411823054
15,1048459045412
0,296555696996755
30,1618167754686
13,1708670857570
20,6387396183173
-48,8149838049052
12,8443238455875
7,65480588421993
-33,5125520144787
13,2211267387770
7,06177541528435
5,54345332466830
1,20773836361276
13,9441448333202
-45,6152332475155
13,5724340742785
18,6468803979892
-29,2066917605659
3,18881566619400
23,8145806099422
40,3714889281484
2,07552314453202
19,9072063591939
92,6058555475561
4,45689350843578
2,92346442945932
46,7718374440505
4,81642183198599
13,1570323638369
-55,7201355207303
14,1451255354215
23,5526646100547
76,6099699478064
9,77130848102432
15,8573833418037
-62,3903344783471
14,4463071346731
20,9426587771644
75,1459035228003
10,4143388048855
9,94267396943605
-58,6723043811331
4,83768053439359
8,78711079874750
3,28232958931598
6,93287981576786
5,12318348951042
-70,5011534721041
9,34413270326178
23,6977436452302
91,4811670908964
14,3855475712087
21,4864290948700
77,2327212919038
2,21527284331576
11,0699237452838
-10,1136930514662
12,5233106780385
4,59632075491361
47,8257349751073
0,727653803759488
14,5766357356832
-60,7938680346319
5,50955387457847
11,9601148329238
92,3542708852699
11,9178235561787
9,74757707230769
-0,620755532329809
13,8681128257222
12,8216858024330
-62,3896664279842
15,9169488996046
15,2311392922983
78,8068266419085
4,19087113912364
16,4729062414551
-57,0435758888275
11,8308217594018
7,98909047428468
-47,7852024415838
3,35294248329345
12,4927873118128
-61,2526604833032
8,80724779120959
23,2126480282037
45,9991793190406
1,82287479057513
3,64654910190146
31,1379462232870
15,9055054762041
19,3494040540524
60,6989188768714
12,8833493442133
14,9385253894034
-9,63213810625654
7,88702524022518
8,97666946282851
5,13369340980456
9,28254716122632
11,4918898143952
49,2525753039832
15,3763852732506
15,2398677707015
-66,6968507998206
12,0684217384876
10,9644133020896
-72,4076475498642
5,09236416450533
0,575576334826710
76,2108610067614
1,71084035995013
13,6744401047189
29,9367660791989
3,15400522416175
20,0686230160165
98,0915214045328
8,10343250821564
13,9017772131223
-34,0719886743261
0,431155004489842
9,96340954917086
49,0946554302260
11,9340366282994
17,6890447696487
91,4391967311645
0,303341746651130
16,7882476801848
54,2948990803519
10,4887391790585
16,2413553389358
29,3113166432971
3,72814111373005
1,90871711357554
-1,37476987502769
15,6717445912485
4,01824697238916
66,0381941645234
14,0645708934076
13,8060350984655
18,0601070163832
9,85916878522053
20,0790296402427
-44,3637080976790
1,27433810096255
1,56823758174785
59,7792320512462
12,5799736658705
8,22407790961522
-66,5703759722872
15,1566022846042
18,3673608485877
-23,8845743302935
1,18082632710449
18,0386974248612
-99,1092289918278
1,91710114779869
5,80954839391257
-9,42385531006420
11,1907048158101
14,0477455934015
97,9998752731832
2,57338867164553
20,3109939095330
-74,4380561812680
15,3937209318569
2,86562402300458
-57,9270313238183
10,6327021507105
22,3375354384975
-17,0770976261473
6,89889837366401
21,6708817956216
64,9299069676384
11,1827074680354
15,0232628782414
86,6030008147547
15,1640639744276
19,5970869491438
-42,2166921748242
3,63626738544554
17,1743193533203
-43,7159755174191
0,781781320547852
19,5021800313925
-17,9159594674313
0,555816128484134
15,3095436401252
63,9974739916102
6,32355572350924
4,17969740120995
-3,15834082071376
8,64110269750302
18,1275051919470
-5,71461353504579
4,54332429688862
4,90146116933171
-31,9659088411815
13,9209538222002
15,1279012366052
25,1291707570483
6,50838779135205
21,5702604181349
-88,4488364540838
13,2666094671493
5,12738798407335
65,5460944460222
15,6976903084577
11,8678499115547
-6,61731449484526
1,82953342443394
21,6430776984867
-31,1508830418634
14,7823664606856
5,86709812334601
-52,7539450785280
13,5354571736615
23,4483264866016
35,6253442379382
1,44148201844501
8,55852972510644
88,8652612175316
0,0841776145236217
1,99587658423669
-79,8117634209065
4,48216748211268
21,3236653647029
39,9548040702992
5,93696807825952
19,7949869647499
-22,1361854241103
7,73528451499773
14,4409623110920
-84,3514037078951
11,6802720752391
3,97742408376565
65,3689385038383
9,10742604033531
18,2906026467104
40,5803344257659
10,2852346043200
15,8603269922571
20,8869506762442
5,70052964595153
19,7243854318953
-87,3149916876713
11,8397769907315
16,0522262510902
18,9419886202915
2,63826089731513
20,6660271075178
-21,5038957133317
14,3936838883907
0,979803832496240
93,6292028345820
3,59458685733500
19,3944569691169
11,0158803826765
13,0486392941188
20,7677224119421
-3,80645268799509
9,80424081748037
8,94717320798972
11,9084790431244
6,18924435060266
3,81786386104350
-97,8091038450335
6,54620673210852
0,729030388055186
-37,2594784649915
15,5987861271093
2,44048781918437
-49,2346845231705
4,77404714111966
7,63913227130261
66,9107982715145
0,0947662229043473
24,2654815297144
66,0076997199317
5,77710801530506
21,5379891864813
-94,0077972634413
12,3889181741823
1,28016736727488
-27,0014331890831
7,13268925044856
9,38189981959970
-1,40578902367139
9,58649043982422
4,58985488647689
98,4944170380188
0,245583104414999
19,1664156534090
-78,8200966680797
11,5929831295272
0,313982785070218
88,6032906085606
4,21148236722982
20,0624273852323
-45,8182278900392
4,33268146709583
23,2104225481319
-23,8453033903574
10,0212290598738
20,8403724779403
30,9076634361174
9,10554327935519
2,29244288324008
-67,6592471811592
2,16419949571482
18,8297466368216
-78,1415196836124
14,2545769380669
11,8507280490422
89,7606749125989
9,31197347029181
7,13715404202558
58,6731951008510
3,89260716254725
10,7078489438485
69,0848821387867
13,4889844979151
10,5766945327130
-83,6539075166848
1,65760860565191
11,8065792974233
18,8783048596953
8,24603893528807
14,7700277132859
-89,1249679912816
7,09507797503566
14,1924542683120
-8,90875309449295
9,89653908624966
8,57854737503971
69,1462171011075
13,8014227109531
10,3938660470778
-61,0342234832232
12,7552045282257
24,1485327598264
-90,0064075905323
4,76216437437473
19,7922956959220
54,2135846752741
4,03303358755813
24,8727385744095
-38,4256538202528
0,218228003833511
0,593308320950186
47,0927623740961
4,54946287943393
1,25955198377220
-78,9512094468883
6,21761103434086
12,1749938400959
-65,7462925051045
14,0750466531157
19,6864689994112
-96,1251499617720
12,9573330684621
5,42367630031635
98,9392091423897
15,7922589304607
7,44554429902126
80,6875278393893
14,5658978819724
24,4593619632367
-27,6501007728323
5,76069685336406
7,40228437311997
26,6957466370173
12,3528266558724
0,860205344796370
-28,9278211893793
14,5165306804985
8,10671285491237
-71,9172393621052
4,74238796556802
9,16069907754369
58,8952713361310
12,7391315741323
14,6400755372185
-70,2607633045363
7,83685879033446
4,25876734752046
-44,2310846400394
1,42059897545317
1,52707567975137
-42,4257039269269
7,00497589060584
3,15050911576381
49,7970476937079
9,09598108065855
17,2725110244122
-76,2923273658251
9,12808147666131
10,5782222805431
95,7682397218441
15,6262157326686
18,0972732719724
-6,16158525043689
2,79879959391653
16,0475616597667
-29,6000102629073
2,88908737503601
15,5796312291115
-82,7569026072197
2,50386009713132
3,42986789586285
-98,0363538358548
4,87894138900854
8,76765699519090
0,696165089239598
5,15498322527627
22,6711417135961
-9,72582386404983
13,4467025838390
1,82006629257271
89,4233004493366
4,21163075187172
7,03181767665122
-87,0036732200438
14,9618948248908
24,1626085583274
-92,3314624472484
15,7460843556196
13,2353027575823
-44,2711267663666
6,70690262920019
15,4553174144238
4,59524335213022
1,13973278144493
9,65862903539293
-72,0906548068081
12,3847931272299
3,01001157804831
-63,7859993082579
6,24942434678994
15,2533642646281
-87,6626053792611
0,848589020117345
10,6891092232575
16,5437399561145
8,61191330208863
18,9357936631146
-86,9478104684607
8,29522927055083
0,708677450712392
-22,4025001839437
3,25842957198060
24,8286677770398
38,5717526168592
0,903937046619753
7,43562326488710
94,1826551973273
4,28318887635310
3,62354656952301
-25,8928423703096
14,7083557593753
24,1027864479233
87,2737024037478
13,4767393077754
12,5396198964018
80,5192735072348
8,28130539045371
24,4428927089827
-47,3829957455201
12,1153942964717
21,1712318151688
20,2299881846588
15,9705184750541
24,9214987587961
16,3736920841764
9,90862079534532
16,4314873189465
73,4258970786772
7,68290014975817
11,2505843131053
-11,5197486894057
4,11551931012386
5,74987583699400
82,1478170025256
1,78774214842873
5,61419380659972
-59,0999965461551
4,94671668580823
23,4120286938321
-0,479059322328634
1,82255445273018
14,5529354876495
-89,9087322094404
7,55527369574092
16,8459499299290
45,3214039928449
11,2284512113865
17,5995868403136
56,8605625389550
14,9167247692735
16,4906890453027
-65,3127594179120
14,9454614991596
24,5895174496470
47,3760158204694
7,94307883053733
6,82098592823126
-39,6358339766657
4,46323723032622
2,39045509526655
-36,2164843805429
4,70197762841799
15,1693118023195
71,7727382021409
11,5721747482969
5,88616751401333
-60,1688786691199
0,958370881640732
22,1554692573880
95,2526611304008
3,16018229813689
3,49877244300009
85,0323371742390
8,64864961766440
22,5490662149742
-67,9695181469372
7,98468886584151
0,618835470980853
39,2776095572304
9,04260573431421
12,8597478270967
-41,6877032059363
1,29170906783206
12,3400276225551
97,3491642866578
0,517093840477285
21,7847785998180
-60,9210686556710
9,50780146038338
8,30188679699863
-23,7742808919537
11,2775293746358
22,0815611529809
62,3349987054839
8,41710320006198
4,18794058595388
-33,1659130319986
15,0042556882460
5,11999059471106
-25,0839082492871
15,5831339679787
3,42744487657315
-3,64196976788669
14,2890236798324
11,9569044662765
-98,0798870395756
8,44592329385914
22,2601756725668
23,4938241101984
7,69118612567483
3,42410441222689
70,4113287952698
3,54503959104186
24,6761310386059
-19,2383152659807
5,47899335275280
18,9735202895436
-10,5389860672982
10,4054547255132
23,9870101261517
-70,5578824518114
3,61037061443879
0,826949676858964
37,8124377045026
9,51638776827764
12,3118406929725
90,9941752102016
7,25426394852042
5,51558771237304
63,8286315132457
11,4198368864652
6,79829359249379
92,8240904067231
11,4303087536081
20,5787977125968
2,82305890060965
1,09913536820236
2,40367304367508
-41,6215119943838
7,37137745529861
1,02304376104984
43,9370533562103
5,62631740065641
4,81542215983698
85,4670479768704
7,57498554220884
16,8213794771480
0,0301550532889827
15,3784956066857
15,3669613606151
26,1352581070733
11,8697783257655
12,6576764889676
9,51714542769866
1,20645263197630
18,3699507890071
42,2450988893337
8,27400119877365
16,2324432638081
37,0340540191149
4,49013560871744
18,7867005253824
-72,1159695402977
6,68057873281207
17,9981331849825
44,6107993779041
14,3927368176323
1,66194950711571
22,1209632590085
10,6593202786274
23,4496306439683
35,9542376044356
1,55066208707536
5,64109706258070
5,63034672435945
0,763036235856571
17,9931977407670
-92,6576174905161
13,4238633236858
21,7498205963684
69,3977115248560
7,79562930801584
5,06957582990812
-5,71037856112631
15,2001817082484
7,94001448555326
-55,0877366627457
1,74461471020886
7,44107945644750
-94,5213586338142
9,38066566997141
0,997910700342890
-79,4703672966793
4,14137219651833
21,1889779237774
-83,2824561015135
6,28307300089419
1,87801732698085
36,4380051629052
15,2249646377386
7,20738422674646
9,68399460959168
11,6382871324404
1,03056699711477
6,44777101031488
12,9306833606557
22,4278926785767
-57,2881477975940
6,86238888352834
4,96819276007672
14,3547527830363
8,07048086051316
23,1546475454589
97,4955863134727
13,1506984552314
22,5061257201255
-41,7914185877189
13,6139905147567
24,9253492018690
70,8001974543630
13,2498691550618
21,3551079628208
-63,3947602308004
14,2046593339295
17,7765567566260
0,684560313548777
1,35773864343413
10,3214113868628
26,0762279116606
10,3153401863167
0,345796106513252
-82,5063186281381
11,2923746064605
13,9447181405569
73,2701732916546
14,4070366237469
20,9631135476939
64,6389130640219
12,7291595700727
2,39321490464757
-88,9962672923820
6,56027757957876
2,14680563878699
70,3231125339291
2,84588070411304
19,0803094019787
72,3708290574781
9,46354791217152