7,32019309356706
57,8565338271686
0,728660414554573
2,37388891617163
-18,2996287706655
4,68867354873425
0,285152361071924
-16,7691612410974
2,11429303191823
14,8143203621530
-52,8086729757034
0,0301846245691113
1,54875351138480
-11,5261302411833
3,53257412691161
24,4422421590247
-30,2292912749005
7,29802672361824
17,7077848512671
37,1279958375567
0,457979662177296
7,24307895811112
-69,9917170565526
13,9535229800196
12,6426328193745
-19,6641346859277
1,26087831635033
19,8073058913960
-98,7640522333920
9,95713116747966
21,3567924784567
50,4283360233411
1,61745448702188
6,92247571183340
-9,57445155237657
6,93684435198889
22,2630178398514
-18,1197923014647
8,43734488045456
12,9740942660914
-33,1177872751288
13,3418991674047
18,7911193843527
-20,2334550261343
1,24844473750113
13,7315132943791
-21,2123529794474
9,18906145791940
2,79477885812459
95,1792714398666
4,16238860870477
22,6207787643499
-7,98592567178380
14,1658861102351
1,77426580102198
-53,8683427142410
3,03892914322217
18,1595247155822
-34,1323982000940
0,892462310315445
19,6015021419538
26,0925827322138
8,13865171874779
18,4674009106682
26,0844993113883
5,13045813354700
17,7960401493841
-68,5971188809232
14,0979128686454
24,9715947788776
-97,9693627976779
14,7459308115199
17,5203522760754
-46,6788343279126
6,27526268157621
18,4577784358471
2,42169261988716
4,42837868446025
2,61920105096552
50,8249653367960
4,57659466977709
16,3193618904019
-36,9735292228603
2,61333965360346
23,0222027622694
-16,7024938334622
8,71953971483339
17,2193050151533
-49,9511443767000
11,6966766739368
4,19957171488224
48,1522323752748
11,7843827668966
19,8633211712834
-33,1071485964995
13,0069474716885
19,2587125757456
35,4944578592510
2,91385586086793
8,73264606101939
-51,5390099312144
5,88007438223080
9,04657673231584
39,2800572209299
14,4216197647884
9,75433965207516
-52,9270563028999
14,6825126977534
20,6462273008086
21,8054930658759
11,6737492285165
14,7450472270389
-0,732231272876605
4,41991811081645
3,63514035054284
-41,4753969377541
9,76600548457101
2,05232739599852
-51,2850757449589
14,9920887487383
2,69946856092932
-77,0874376485196
12,2722926224616
24,0536097567065
-8,40299067699144
4,85940949392538
8,09369097693276
-61,9788573143866
8,63558760865590
13,8742078708089
-89,8318026523490
8,77434845177850
21,7480140206894
-77,5766046660224
10,4631640565290
10,6474009515361
76,2802639796783
4,67619782075794
14,7140473950625
96,9106690540172
6,05166033171861
16,9593877077282
79,8211987214651
12,6939414961456
0,863477638150311
20,0502136223532
7,86245469977841
2,37238773652470
77,5603147664984
14,9936070058912
19,0558073970505
81,0696189073204
11,9750020250398
16,2716034411271
52,5349802867458
9,27714955582060
4,04843331650967
46,8857927863429
3,18622542591207
23,8438880824823
5,35149461091187
9,31070012137583
8,63588905386967
41,2844517732437
8,63066771301890
24,2648507606472
-38,8824732626863
3,17118300406321
1,46244378115455
29,9033705825322
12,4897795075958
4,15237131461656
-29,5620165522985
10,7267658450952
0,622218394677518
30,0526487030950
1,05792921322577
17,1361967446031
-59,7135741223039
1,06623375873274
12,9546720953426
18,2407147520238
9,01480950647381
20,2154178330722
-10,4676339891673
9,52294416313809
24,6331567917768
-36,7900044270121
11,5076783241569
19,3718889188910
36,0531416633758
7,42490954157694
18,2568982609159
-67,0091033026049
14,9518114500805
1,14699801348277
40,9610833044167
10,0373200086171
24,1440069875683
80,8445954075291
8,89514024761612
14,8016387173049
-4,35604113532406
11,1738681154129
24,3790176391780
-98,7149623739210
4,01418863431966
4,81171650998465
-32,9197347372645
5,72238290753379
23,2471886850877
-29,7822027818979
7,28091870058246
13,4345949314980
29,0789378800167
12,5984118085497
22,3686790345454
76,8700269805494
14,4374188652061
19,0626220836862
-44,7154126759075
10,5951238589743
2,52446327291238
37,1466687388012
5,51527944747297
10,0055048113894
7,86891475785778
15,6670306536468
2,12661216533393
-91,4516013624896
8,96605187647376
3,33816390474843
-39,0361698225942
5,48370143356736
1,24116786512491
-34,6455523272559
9,88906915742683
14,2153023430023
91,5130417073527
3,08146865328498
3,82088665697990
8,76454027044606
10,9869613441920
1,36106145415421
-70,5652802572703
11,9282535053972
10,0119062106086
-30,2472834067574
15,9783677401122
11,7860429861151
-30,1779641377161
2,94513616992353
5,10506046950923
32,7312019315028
0,469662026813188
4,57422898037137
-27,1869083091273
3,69162958148623
19,3359701789544
99,3012066405893
1,78553804348209
15,1676114816358
-25,3688934195328
9,40147829856610
22,7736235291616
-28,0014062925385
4,08700886450148
15,2574163136599
37,7142075864878
1,60888338618518
10,6668140875008
-22,5673602632549
9,56325648257372
9,49121696156204
-63,6538386126266
11,6023472575575
23,6054080612122
82,8444937304358
9,78926632826871
24,9342451170731
72,7538786073086
11,1336400621848
4,95811687972288
87,5686049265953
8,34360152694713
24,7792833148516
24,3071954391162
10,2856589631644
23,7118655880478
-48,4524919770669
10,2563940546174
6,66122821960692
-95,5996227212676
0,292950289413691
2,62612165489614
-24,9776908032321
11,5933875146237
9,78913029393249
44,4864792495562
5,55028555196440
16,7495225593934
46,8470692863356
11,7566992424738
9,53393060560185
-63,6767534251785
6,13481814392964
19,0027090140237
-80,2780385553083
6,65708085346359
10,9017490412665
-66,3977666975015
4,62197853158938
14,3907238855890
2,11976839512342
6,02583193090876
7,84469529787224
2,44441182149611
10,6574656898064
13,3895743295521
22,0137736338861
15,0547171789628
20,5821660484029
-14,0641517607531
0,731290840533092
3,28655816248865
62,8585706122186
1,84386359468704
16,4454480968218
99,4289955206241
4,96811793668361
18,9543101301193
-5,27999644160244
3,04480231245488
13,1635153384144
-40,1838996381852
1,47141496167351
4,62183314187836
-93,5777892059045
0,857729548349770
1,30784357619676
48,4883300338723
7,12879169724506
10,5933521834922
-93,1242402871833
6,88305589331167
7,07715399721353
-67,9208031029233
0,139903689716073
7,49724854392413
-96,7072159954295
12,8531609670178
11,2401970836208
-37,5635427063568
4,03342400868576
7,23698674694215
35,1482714256703
1,11383334677864
17,4264465722415
-38,1244715531664
14,8631748967621
23,9336452464482
26,7659906224097
12,4221837393081
18,0973882675553
-51,4280537030705
7,30373199222457
3,27264742397867
-5,70232621097608
10,7067750512660
11,8322628656988
24,9694324871050
4,89124807461867
14,5805386777565
40,7632585139267
9,64017090237837
13,5876673350755
82,3024896283418
10,6970930742238
1,84609051364053
-26,2109792176188
15,3156847095903
14,8298035675428
-71,5434169211735
14,1014404974933
14,3194642534483
-37,5732772014478
0,466872242142696
18,8255550067537
91,1071205738628
11,0874294832480
2,05913367401782
93,8067485704220
4,04490207306657
8,80719643349869
-89,2141479427722
0,687201868070170
1,95490808211409
79,2541240077487
4,73164153856252
22,0504779778269
-54,2961554761087
1,49068416743229
3,63840974391045
30,3779017865160
11,1670559716190
20,8913277753135
41,5989403011550
4,64749081174956
7,84869456924537
-18,3709750555095
0,828078198638080
11,1854739164256
-58,2320699709516
0,684697631927993
17,0833379897824
70,6704887542140
15,7346069796450
21,7412676547058
57,6738420683758
0,774740186358505
7,11349505596644
-54,5534713025983
7,08979157485149
5,74300091370531
-45,5767480715654
9,12593487120013
13,4787569371876
82,6419119343788
9,84044857780443
9,49731559764548
-88,2120948490492
5,50919235925760
2,51998226607446
59,6878002969949
14,5621140099133
21,6800603002885
67,0917761775487
2,88679087858843
10,6139664994023
-30,5568142882090
4,86732469168344
3,51283756883563
-71,1541616196145
11,6709552559073
10,4014433571004
-84,5999250105749
1,21202323847035
10,8946981187753
59,9530409062464
1,32951542679581
5,02421046317323
98,5674282140689
11,6442393122142
1,69931138831966
-54,0658345724265
3,73548462771446
24,4316141684592
42,0645338289976
6,42301114548152
18,6164618146875
41,5569609162677
14,5647085441123
13,7128801190218
-32,9599477513315
0,894353850785667
22,7580417594958
68,8088044810643
3,80409577468999
4,49481737561392
-98,9804839889591
1,86838875056099
10,0374790907811
9,81946404104967
12,5712890980183
5,48233204035735
-83,5806014760693
11,9883004726577
20,1762698924637
-57,0291155162736
5,66710022501852
9,02813680228281
81,7222905211572
14,6264071366138
8,56553566398942
82,0355806821402
15,3302443105734
18,6553987524973
-89,5021268744573
12,5844734155912
17,6588037232023
-42,7136034386397
4,74419715448592
14,8097415608173
-27,8242016462578
10,0946783812433
7,37644539648707
97,1320671970858
4,30604535718434
10,7057057378373
55,2348267285413
2,66685855777807
5,82690903929871
-18,2787714865327
8,43308944599017
7,42886201360060
-27,9036193780286
4,82844093190636
10,0147347775119
-73,9637270812285
8,04979071413151
23,4814571112549
35,6275408324935
1,65283463714362
15,7635714582804
27,3135905541547
8,81356347455563
22,6100538119864
74,2922476725869
0,0982531459778979
20,5488284340484
-50,8113524868161
4,88877583656320
6,39558863028621
-40,0179296174803
15,4025096031865
9,64349435990861
-3,25211753178087
7,24216429415789
3,13352456163675
-90,2135812234507
6,91181271842360
20,2683762369689
70,9083839635905
10,8293562115699
23,9693314452649
-10,3955776106841
4,04172136741437
12,3560413423701
-94,2640702694203
5,29104161220604
0,436935183632107
-77,2902759106555
0,301206945294052
22,2293754345832
75,3189720934935
14,7935222665072
24,1401046301204
87,4969830920175
6,12889054472228
15,6531627443604
-74,9111787829701
6,95992087058430
11,3846944740116
15,1940677361889
6,33576657204439
13,4495583262712
-41,9533780966595
0,00393353562848198
9,33210495237728
-82,8040852280738
9,51708884112091
22,1666723856793
93,3298165247969
2,52641236645674
23,9042514261084
49,2487624925383
15,5912454889402
21,2550303274426
-73,4443856149861
10,5173214001184
20,4429378768354
-42,2446133941161
8,67300444225237
14,7060804992513
28,5405038946008
5,55267484347281
5,61676243634316
19,4228679666533
15,2625249018257
5,47164449316254
35,3342085891011
12,2649365171226
7,90715949230023
62,8834348616000
13,4072067253720
18,4398896429863
71,1644448868803
13,5017448659648
11,6467086873896
-67,5177514726242
15,8781743491342
6,59445480610435
44,9150697271293
12,3961539967320
8,93965095441161
54,3385864769384
6,25598832994281
6,57189918212688
76,5932254696626
2,34151943024612
6,46096751685328
75,0975533699685
4,41277847758975
1,35722587313448
91,4031373053400
11,6977220474906
16,0226535500657
-54,0478935078997
1,72747348183051
22,2213718876565
50,8506312884371
1,39271339238583
19,0704185868559
61,6331386196380
2,37708361532410
22,1066070497469
-10,5752627320721
6,25627363051368
23,6595002140575
18,1795542426369
6,18347744350551
7,40939228744409
-9,30409352742985
12,5382613745493
3,84180968915759
39,6514442083460
1,83219394232618
2,22377722164595
52,1971262593569
9,34409086240755
12,6448352363024
54,6250783421359
2,80294750034684
22,1516202135453
-79,9465220667047
2,85513646109099
0,824482408590530
37,6852727463818
4,94412578577584
14,8063833336392
54,6652094709149
14,5672368146225
10,5414594308373
17,9213982535516
2,63084212287194
22,7285372206044
-15,7259671072624
0,622146692139292
9,55242552936282
96,3864402264012
9,08110021440512
0,204305932119734
47,5593139416819
1,47200540422944
11,5503824808131
-96,0865526465047
3,42756211497033
17,3695369742252
-49,2899115617222
7,36669383514353
0,952232986453222
-23,8183896777245
3,35882840859882
1,85434354423209
15,4929772966139
2,30584015477353
7,13807309941772
-51,1815167619457
3,13725644541864
19,0815129176824
76,7693755402065
0,0160889942836313
2,97419176036643
30,8442470252917
10,4743696767309
0,117931022309634
61,5251108509083
12,1308816752261
23,5829562471917
-28,8700302468306
5,58020793865066
20,5254944157968
-60,2585856859325
6,47679889938862
11,5320129421969
-16,3539543648702
5,19783469213530
24,9243051830310
35,4312488790342
7,52997028518419
8,50642506699774
-69,5731924563452
2,04465302033793
7,30107396781301
29,0822286108609
2,97677878668334
4,28492614391111
5,07383605828724
14,7054595263854
4,73768441000917
39,9744739376699
14,0030612532051
15,6392292806726
64,9380332512729
9,92301827147024
16,4598071555121
15,7712848593048
7,81047541141097
21,7240412939283
-52,6833701534994
10,4029030387533
20,6470726569386
-14,7499603168926
5,83506076352760
0,761111200347935
97,4237507540561
12,7556066597622
6,13539687990361
-71,8892622627222
14,4016890555646
19,7006785422741
-12,4092555686421
10,9852985497836
9,95199581424839
42,5595448479008
9,75860992656403
2,48927662792130
-94,4307267684464
11,7819269627179
8,78128873707082
49,7402558413453
12,2878198086882
19,3661577424706
-13,2542401040231
12,4883508678472
16,3597461210580
63,4163729745632
13,9886257785572
0,453346786825327
59,4466858723597
6,69371939488812
3,79779233597402
-8,80248390804588
6,25061532160073
18,1202532713872
-16,5385386268360
13,9184017304760
8,35728706764002
84,9739277065495
0,648817673633547
10,0194699958884
9,66500819215625
14,3223769453172
18,2919797166774
-81,4638769633098
15,7880431811984
10,1271845075905
45,6360483774361
1,15698160302384
20,0120723152712
-31,3693633993269
5,25129248928675
6,40104708836340
64,6962550221644
8,88566183687980
6,72692925526600
-20,3263076248893
3,31769127805856
3,49663518687165
80,0244914959322
9,77429846873170
14,3254939018165
-3,15313511733430
15,6946557180907
14,7861778022792
-45,0748607716527
15,4265563077181
7,12233470689790
32,2460741084608
5,06469092360102
9,41641112561921
23,8105202185921
15,6706719967548
9,94967418926739
32,2431019007013
4,08824428309644
18,6144968502204
33,7063528875800
7,14088766589237
10,7769326337834
-55,1911085622204
15,0025900898977
22,3821479373106
-64,1211363813927
5,31596206569468
12,5070916474685
28,2741891256448
8,31565029904902
22,7008952839980
-97,6285946988395
9,78317705980605
0,124470683032266
86,1577245982098
5,42369679409831
6,09274760560383
-15,1277470579457
9,46629466834220
18,9634698666828
-81,9672415995108
3,57058371645305
10,2598721333632
-87,0616241351679
5,58047234072610
2,12628144069943
55,5863926401581
12,8371174715788
7,22978631099369
-37,1872765829144
6,26881023262975
7,99539886006195
7,92145165755791
10,2663712572465
0,474231403469927
-41,4253099787829
6,28475952513300
10,6976364939945
-3,93589525144449
2,31064131581402
9,96946315238416
-7,80169859292852
6,21206499966063
19,7997654063988
-37,5408287671786
15,7050228432961
8,73080550765796
43,2249709686822
14,8719528504239
9,86650580884391
27,7625303169126
11,1141673219634
2,04121662196539
52,1261413157688
8,48766120522445
19,9714972587880
76,7176115415448
11,0218338478365
11,9525586849878
80,5573034885773
1,10302224574741
1,08663421163180
-23,9871317001645
15,5273023909159
17,5787501914817
93,7476101577362
12,9031631678688
23,1956934982011
-38,7358957639799
12,7449495037621
11,6593500321027
59,0612120048421
15,0569635511315
16,5653037545247
-0,127409831220238
14,9217705624204
22,1438817842481
3,44677278095022
13,5529154931182
4,38212475126056
-62,8695185433169
0,832145034443464
19,9959201410290
66,6892738364974
1,39665722592090
13,8698481847141
-98,1094486267733
15,8398095015414
19,6714272404304
32,4479450784779
14,9778861224998
24,2986380730578
31,8577257103661
11,1195374177451
3,08000520543109
60,4582222611604
12,3103268951416
2,22267495769149
-7,72696463063878
8,59896298592885
14,4796950747103
-1,62353234982005
12,3209567868383
22,0207378299743
-17,5924295238687
13,8361331407604
10,8878384339290
-56,4793165365888
11,8317017840560
14,7494148966765
70,3933182106317
14,6844976800279
22,9088693450212
53,5445847664611
0,861470966365083
4,15297407919998
52,2216701827698
14,8525918748247
23,1283544318668
-50,5692719545672
14,2343406048461
14,1507449538237
18,4498047879493
6,52740043102991
14,8270284569331
-4,78327627051989
14,0709235749467
17,9862088542260
13,4075793896755
12,4668268062452
22,6630758049492
-17,0147173084312
15,4511986149667
22,2272064623457
-35,4558210378859
8,08636523486853
3,39339612211185
-38,7545734706637
6,75814150371665
6,14583435792279
18,5609346393679
10,2615652419663
9,14456434417900
-11,8130053178362
14,5606637118420
8,59274709041669
19,9473185729187
5,22972157279291
21,3787418576321
-15,0314795664066
5,45839510746686
17,6058582631577
24,8136913057439
15,7007571288023
16,6421172943810
-63,1702903562475
9,75166648674304
13,1043747895808
-31,6385432521420
14,2218702811300
21,1606961019452
35,5481244928563
5,64537845665086
3,55434601159768
79,3751453227600
5,96810694315130
10,8113341059850
-0,663729544814351
7,16615358688676
3,34767697866174
-63,9345928649085
7,32861150657792
2,68423870808758
-74,4276717067686
5,16916589772150
10,0861084537942
30,3661650005657
4,34352406233922
9,26100670312942
79,1705756895348
1,13095584331920
8,79935747267951
71,2682494139605
9,74645853069981
18,3828350900724
-28,6493950846911
13,7545153175078
7,67244617423604
69,2375023591458
4,71906997623523
7,86656341436312
78,7519671997503
15,7397561654867
1,14375299596779
-83,7706315073750
6,33708437898302
4,76965399534534
43,6821369171371
13,5849274974897
20,3666416959147
-44,0512640588012
5,21815197871087
24,4929267794484
90,8296579929092
15,4878309552203
9,63722067303674
-6,70666316731536
9,81304563098890
18,3228454830528
88,5737629234693
14,7326295908891
22,0474881694748
-14,6437888982982
5,85512261115233
0,337091241635903
53,9799565531881
0,269971270056645
18,1956632511774
45,3592088916793
8,20222579649897
17,1131141111340
13,3289705779172
14,2608223289034
14,1109984954756
37,1677522484480
1,51641001246857
15,4317262803196
-31,2819531661351
8,37511123757625
22,0534841833289
33,0530437880746
9,39427546002524
19,8199215306195
-35,6675012103920
6,37850423267845
18,8192997632795
-80,5647500965738
9,49064811232418
1,44595028403835
-87,5950327841169
4,64453633400123
24,8835809610343
-9,57195283789316
7,62819854672244
5,36332322395198
27,3323162818067
1,78404611456639
19,1814946975158
-93,7224481694342
1,97279426074513
24,6038359098307
-27,9812956402581
12,4384752319661
3,85091203019995
-64,9741850367999
10,4898842660200
3,85919964205988
-57,0941862944949
9,78640564584584
7,79557998772074
65,8555455093944
4,33023491889975
3,70709560380581
-6,24750509335559
7,59712908004982
20,1094451588662
4,64559713091426
3,78194961652429
12,9343148562880
87,3366728911739
1,63315030271799
8,90122953547254
38,7552248867884
15,1606334326060
6,77411464609557
16,4036419553551
13,3107838291826
14,8384442389782
97,7517076663099
7,07433350216558
14,8806188253711
59,3969717651873
7,80026176958533
4,55883721430354
69,5466213768835
3,74494124724472
20,5115449336869
18,8567629122539
8,11763167667148
7,08016924173580
35,7260983290215
13,3487239760813
8,31354222054632
65,8848777860816
1,02682199184920
2,66811680392742
-78,6919237111370
14,7326772774665
6,26318426852834
-55,7431506217766
12,2040373710927
3,21174760955677
-59,9643943004340
3,38560335485190
18,5144680902130
68,5138273818432
12,1054505925714
13,1132163287687
55,0781403154700
15,8521580835273
2,36483290161565
80,9719906343240
10,4272586259560
14,3296204092117
-79,0129125622676
6,19841070424885
16,1801682172921
76,2994528855605
6,32099947648829
23,5317967436585
32,8578642714353
14,5030926833251
1,93602814916555
17,4717911392807
9,42928055597028
13,8487179369345
30,1616600703280
14,8449113525483
23,3684029336763
71,2356954918092
3,71759877271728
0,444529840997337
-86,6402562877866
6,95197610929082
19,1613022329103
10,3267683749211
7,91923644813211
23,6955337446835
88,6874543005711
5,88109402252283
20,2378937123715
39,1643542405576
10,4130985553366
21,5567219596550
-87,4170095256878
3,46827012835186
0,319058549872715
-35,0066990069208
13,3514166613866
9,97117717931410
69,2663298337391
2,19528591931468
16,6059221618033
-9,94584987280980
1,15816433057711
3,22838471130653
-82,1040384801807
1,81500336564563
23,8344178791938
18,0027096006354
8,92215619572853
19,7451556143738
-7,10100735231456
4,79433160009802
10,3113876643495
-4,05391589107105
0,169266160788430
9,44102815874552
1,33787920938087
2,45857566797493
7,88247962688996
-60,2512079886379
9,14976605444814
6,51666863106563
-7,36221665795647
1,75858259146249
15,0360861785197
28,5759511801027
11,4362840596478
2,42291213455004
66,8895641064004
13,2149714279513
19,3370386962729
2,93068471983866
10,5154754751386
15,6774955273836
18,2501537810147
4,16231189748553
21,3050330701289
18,9378306538054
15,9492507288756
22,4231317125024
51,8168584225504
14,9615551775122
16,3952375942027
46,9101859482521
12,5136551357555
10,6046808576023
21,5239078527991
9,47473039196353
10,7375581082464
10,4769555787420
4,69945021113318
11,4973908638106
-45,9349884175243
9,75967784707396
10,4346125862101
-32,4627019583178
1,45807064900848
7,39631176876486
61,5239339233561
4,18637761246479
20,1758068155404
-43,4193315887082
7,21314840083225
0,210419691500944
29,3975763632754
4,10307533017063
21,3451005322597
-0,281998054743404
3,62250164009335
10,4856597964403
-87,1886456399595
0,212643791277795
5,06669265254603
9,59533877276941
3,26139001756176
13,3585549518682
60,4323456513443
8,78283461292505
4,42891475498970
93,3002831488532
14,4538793948659
15,7042504917452
-45,1956573494127
10,9409764248606
7,73162613638160
-77,2127597960536
5,68934147258181
22,4000558974421
20,3812415798610
4,22006311284805
9,19726620578985
1,74138727065611
13,6840482684780
21,3249685349632
90,4476693031992
2,10020765624282
13,8831530141146
89,5397323066195
5,13880439270328
17,0668966225095
-90,5990546155496
3,58519957325822
7,04982735993030
-22,3032592607949
3,53417279413142
10,4245850047219
86,7148000776147
13,6290228339147
13,9960856085135
99,8243643014830
1,75138338620742
20,8559351183291
58,8325125948987
11,5624319135896
1,81191214196254
-26,8022631745030
15,7638132046024
24,1541698670189
18,3966522967813
6,76338447220031
4,81169741985760
-19,6352578841902
10,3623663528991
24,1028222440615
0,866372980347574
15,2317720812947
24,2948027715908
-40,6027800245254
3,18493386900760
19,1936209769832
-65,9885936781840
5,79067736704623
11,2484787712330
-12,3695648582913
5,84269228815038
22,3688133569383
-30,9717453025715
3,02190550375385
18,7482303243907
50,9122584537676
3,90379740134561
4,15027231118504
10,4489058546340
8,09603120020404
21,0981007103517
68,3138916326950
11,6929528788064
3,99271357545847
-80,8373772464781
6,94314176138742
2,19437277769349
-87,1949265156651
6,34497047283706
16,8417076304396
47,1529213208949
4,85924814967959
16,4988599388730
-34,5556382011727
7,02881986037846
14,1044905253544
32,4501387593948
2,15975002027557
18,2692078030423
-54,1020629266397
2,94803301307496
18,8107923790289
-39,0584945885117
8,88261195483049
1,85277182407117
-68,0717554268804
4,22334666041645
16,0241819659497
-11,9362049870756
7,74232427185458
3,42995814443088
34,4141184003117
1,43152290568403
18,0401728038331
-98,5058621844608
14,9572532950263
7,15775163047392
75,6244007526005
3,30836172333744
20,4800524893540
-80,9777750674212
5,15750288748262
18,4200217916544
-20,4995237841062
6,06796079060510
16,0919896213197
36,8496597916408
9,45008067774685
22,9512675541833
-69,3318329808933
13,4463787221153
18,4257904190478
55,7333113791129
7,65537365102644
17,1151300841552
-75,3923834853901
8,68589617704159
10,7680934203492
-42,0272170810694
15,3929503088852
19,1088598918184
30,3884191203204
4,13058600467885
9,50731105319896
88,2920568084458
4,27060212374515
4,69636294793178
32,2141620469803
13,6296024615046
10,6606722073962
32,6160629919243
0,408199237463506
18,0283901855270
40,6969902560457
8,50284646747232
24,3884941402988
24,6040257969138
3,09006541905523
5,95470572834219
-69,1491488937067
4,67961246567851
20,2436727328855
47,3837349120451
15,8495820981493
15,8690718562927
42,0094994810279
10,8409273650083
1,28524083491790
52,4540900759829
10,9749009612693
21,4608627408520
37,6762383659204
13,9304659235129
15,8925786157686
-2,99510229541464
4,04595842043297
7,40409134775024
-11,0578195167817
0,425915435621178
19,5968486485134
49,6596583464501
14,3271288992142
16,7316694238115
59,5402387502625
6,39288793183605
12,1971249447316
97,0499966156852
5,00984454848650
24,5678082677468
-16,9172567314324
11,3010093615846
17,9362675457817
3,00576998714743
13,2781673161132
3,15721373467555
32,7996583606081
7,27665110396653
22,0974725918406
71,4671968338123
10,5129602022146
12,3499211295775
-92,4509326681809
5,86282406220446
24,9883121135629
-77,2999850821577
15,9469214083214
11,9896748766078
39,4189631032134
3,14300439230079
9,39280143890127
50,5854414988223
10,3821104962400
12,0767845137610
-58,0185474005189
0,891232326278244
3,00353444153572
-15,6034560725628
4,90908482845228
17,2127080044975
-18,8435215587678
5,83731226327938
18,6895779768551
-63,7229021316261
7,32316777980482
9,73586681030818
-14,0897256015550
2,04155479726155
18,2225654385393
23,4874348930389
13,5723229794528
21,3273985637757
88,1275245828963
14,9906066248923
22,4110768053203
34,4186200166399
9,07255432109509
6,39066840040572
-67,2186280966382
4,49067526549848
13,8238878784439
-54,8642960938316
5,48096385389167
16,5182317937798
33,1455950337648
9,68444982325211
17,3632777773324
75,0715503933911
6,43616410839993
24,0112022963620
74,3808936917741
6,25519022566517
10,3927706396723
82,6211069643823
7,23513852244283
19,0517689124729
32,2387376377368
10,9071673815509
2,25118979310500
-66,3777232721757
3,45283925033288
14,5654804692250
11,3039605918291
5,47298689437157
2,38329497359131
62,9934550643184
11,1542783791399
17,5213029061307
88,3353912479943
14,7751372026903
21,0947635749063
-95,2218220018488
10,9842148544667
20,2423243724070
58,1289252076913
10,1867827944399
9,92061366558117
28,8917746625647
11,5048138671531
8,78261989600053
-21,4640693982903
5,91322886167759
17,1667351654881
-92,0662405592052
10,0679357418773
5,67067484262623
-15,7341179612786
10,6811739618474
3,93443182958684
-28,7849352959083
1,59635023145109
6,83323389606739
97,2625084683869
3,50637445142648
7,60020606362064
-40,6702060484804
2,58954185643929
21,5406901508853
-36,0290627483087
3,21742571464591
4,96900781539741
9,69986217292749
13,6839590644327
0,733318850012928
-37,2293815270234
8,90550545490649
2,88406284895865
44,5396870051479
7,00039255547957
5,66562387393671
-41,8688301753157
7,11165905118320
23,1686551032396
-82,7997234048247
2,18880219139638
9,44631275851007
63,4686350731497
2,44357889450735
21,4975242488875
46,0759449530604
12,3584430990268
0,806416431576393
-39,3259400922122
15,6549857402149
6,98357191005599
87,2674954829342
6,85910609098124
9,41899259086517
22,0028109938164
8,03123172872077
8,80949848241703
32,4421657314094
15,9686548681403
2,94706650276369
63,4436606702764
6,36783582490123
16,4786556658352
-78,9723602311491
11,4306540426996
15,7365996892211
-71,4383610111717
9,34173112150092
14,0167667623145
-82,9654416065013
14,9370692368069
16,8786287301850
41,3401714814033
10,9228914762450
7,22647288072404
69,0951346023313
14,8671088530000
3,49498956287544
-38,8065720293173
3,20851211950258
7,81111669690815
-37,5590049180396
15,1366235842778
2,51782045102268
-53,4886755235540
6,86786658007694
8,74277339897434
-7,20294532311123
3,42461275800642
12,4334273410593
-23,7601475006981
4,78883615497950
8,22109593987155
-60,1960929026349
1,31573504068626
23,7843397190263
43,5120305529600
3,81847799847668
0,733343900152480
58,8209178950063
4,80570445119146
18,7376611258659
5,90080900681040
8,49437552267588
24,7718199023810
-95,3765363549185
1,71329684383555
16,9419457500772
-50,3322294980800
7,51149568638322
23,6708771117206
60,6694173207531
10,0937289137058
15,1136719540510
54,7023224074185
13,7262932859306
19,2371433282657
79,0083270580024
11,9556923178804
16,3319329030086
-37,5640024305277
2,61511655611533
7,11426719111856
-88,6267283249128
0,549260574634658
15,7557837251648
-24,1128968956573
5,54166037604302
17,1774621445187
32,8215012451328
13,0007900867682
4,75534917685173
-52,0077549870897
15,5187704223301
8,48980456802158
87,7514274464690
7,99145809709810
24,3930432934247
-12,9483849405138
6,28404297278231
3,33056495684333
14,1958314691780
8,09399483082587
20,0673470450054
-5,91304896658216
11,4637271169448
20,1852283747453
74,9685972583577
14,8024160516926
21,8611703510826
70,7141177871480
1,01613208680857
15,5264995850798
-44,0819140168967
5,98324342636166
23,4068077139983
-11,9210021110373
11,5236253689338
5,66586199745369
-29,9192366242755
6,75080662951565
10,6911919274514
-82,5822938555214
5,94953328306370
20,7681971136866
79,2025903306742
2,55889918815338
6,07191270056473
9,04128839761524
10,2048380481054
20,7476148039219
94,3493134940966
5,09045506206046
6,88849469259885
45,5192436106530
5,25589131948606
9,58996732088842
-80,5925884929413
2,01905184961296
10,9675241886906
51,6807712285226
4,18709878289741
3,49179358756126
80,0983882905370
14,7115534451522
7,71678467491633
8,36468221708833
4,39387450788149
19,3101727953541
-70,1772373173023
11,5737639155321
0,863378537056954
69,1686782462746
13,3713603110208
8,80288026892147
81,6918427142600
2,40308130904403
18,1242093127483
26,1532532235146
0,227334324514588
10,2127419370368
-28,5922627939923
13,1770423417635
20,6422822868508
-87,5698661189398
8,70083598726450
0,461385428402226
-6,21984537458180
14,8327475373780
19,1180021341234
-11,5275758743107
1,28650782733966
18,9609412770139
-79,1290359199972
5,72315159189198
8,14651881582866
-40,0200375714089
3,31214868534036
8,78898184004682
4,68850289027509
10,3095183918114
14,3936869032933
-52,3763637704749
9,51804053489529
15,8343817714041
-86,7753554554321
14,3123434600216
0,377385969465507
92,3638103756165
6,77525355593602
21,0064910920456
38,4150597590670
4,63831962808170
0,454546731159516
33,5223316779770
8,49159714858396
4,28035675081132
-96,3215742380332
7,65742199699280
2,61060816447255
18,2845433099899
3,91548428029542
12,0608598328940
-20,4614135018864
15,2285932499738
9,12209897737025
75,2969513272804
3,33533807516315
9,18339356344002
-5,39631905466229
8,47977880648222
12,1421234385884
-27,4909660284324
11,3081368478340
10,5217642517212
47,8156044381123
1,13437618491591
8,15109025605809
97,8758989828244
8,36257814918356
10,5214316436712
-1,62661811395903
1,09976356177486
17,4296579813258
-75,7201047849310
9,25487053879313
3,59647073576681
1,68817673928037
12,1767115007562
22,6883540391599
-65,4243355898107
14,2608494553602
20,2819566698578
-82,2341390851646
14,2131969970997
6,77257899425212
80,4482964422431
10,6609656672263
22,6252994349128
-46,1448571162199
6,61080619870174
14,6027970634332
-43,8669664677645
6,06988899893506
4,96612800430928
6,30812076491927
9,41574411770087
16,7069644347322
-83,8058695380176
4,93548767436124
20,9534763242990
14,0436356713967
10,9315426046096
5,85048515529938
-21,7630739258682
0,209944036408380
16,3263690033542
-35,6355755621863
2,27208901522098
2,58642072827484
-39,3536465200383
5,40031316727696
16,8470322771252
-28,5336861397849
0,796611393124847
8,18242864982769
-35,1571619861589
10,6145666485459
21,5369241981468
89,9716653763952
8,78434111525908
13,8553660235844
-88,3716353596342
15,2933210038624
21,3285835740014
-12,2163875864569
2,02805179699454
22,4329919587920
-80,0258093538987
1,27335644363563
4,41573018094044
25,2563338361559
5,90009156913242
10,7049878376764
-71,2260800751372
9,03086734008906
19,6013347861845
-56,3172136967215
3,01425600966510
7,73950181267413
80,4754634637491
6,81068141276695
24,9249514587800
71,1409680185350
3,32702549832855
2,87574689793758
-66,0073847186075
6,25338293224076
13,8567086624399
45,9382506856591
7,35975266587899
11,7884667992713
85,7146873214447
15,7760985409078
20,3036753896007
-43,4556426498568
1,15326972120062
15,2393782845447
52,6930627110867
12,0720884850544
7,74134031680092
28,7027741620361
5,41328258801160
12,3310133330370
78,7392452645136
13,4132865746892
9,79477639846566
68,1460742224841
6,33627691813214
4,11742696250670
63,3139437518241
1,90001364106174
17,0266449762134
-14,9847041597494
0,273230645738140
21,8464271279024
-12,6740049483133
5,35600890514409
24,8929576602843
70,3168578169057
8,77432362453927
8,80023331169929
-51,0060742829236
12,2136913393921
14,0165284370705
-34,6042343462582
11,8877374209552
1,26107220612593
-96,4290778642593
6,70704054179194
11,1527404601152
-19,3669842940961
7,14582827826045
24,5596311907885
-49,6644110756390
9,19982511466429
5,35460729933490
96,7489711318123
0,464321984996573
10,9119773923562
75,5939006844566
0,114719620824623
13,8148268459792
-57,8380234828851
7,52282899247728
5,60379012164327
-74,0923966448199
1,69786645569871
2,76760567384726
77,4494950934968
15,4469362802906
16,7213162160667
2,58059847441037
14,9325343631476
17,4370086785305
31,7046115871716
8,51047713468853
12,1250103290459
16,2459974152831
3,61047821623710
8,59113243609183
77,9769614102037
11,9728469064711
23,9422650413910
68,7856962385422
14,0654020855982
19,0198030967664
-50,3333461810625
3,56708428001016
18,2503125161870
-27,0738761661234
6,69849013887117
15,8334278830871
1,58843381842608
7,96859859957546
11,1990105618417
77,4325519882973
10,3473230953722
12,0326557964259
-90,0662215472175
14,7924517089170
2,07584910522957
-38,4116523729759
5,51212439488634
12,4319554289903
2,56630277236312
1,44123917068054
5,37482220844057
31,9671207013441
6,24139310155484
14,0405015445627
41,6434987601315
3,33429423630475
5,95473776985868
26,9925255854743
14,2265098823695
9,68300070775545
-2,83977276824914
15,6229487746133
19,9352332635246
-66,0526503039468
13,3006848996329
0,0647746571903305
-71,8449573547690
6,95663284450916
9,46078580646170
88,5878997755178
12,6158146394825
3,11413563341567
-77,1152107158214
6,41143690073892
23,6251215316088
68,4988273101284
12,5164692003373
18,4953109741112
7,25193206926298
14,2258363287857
1,34013037854636
-0,255755862135443
5,24660922551274
14,7702561828538
7,44615204552883
0,154260996877792
19,9951717654233
97,1149086366280
2,40017247412782
2,98144349268533
-33,8933884882515
11,5153839591419
3,69337956180752
-36,1183630979907
7,76222409078174
6,69718074427673
-50,1620911292169
8,54159938972411
18,9958364018300
87,0007378342694
13,9682078088419
18,7587761350568
-94,3851784737425
1,26415412184964
17,3208635637373
21,6381332116498
0,112113952923476
13,7377987474702
81,2076168252923
10,2245466561403
13,7577234697885
82,5329480243281
13,4669707406004
5,78052521156313
86,0089512695049
10,7172920374005
13,9743170776132
-41,9077600829059
3,24401515042045
1,00147877736526
-1,50983326619627
10,6190608013106
13,3671148156022
-1,77709200016087
4,43419399351851
5,76712498214635
-36,0057876881841
3,27100498575904
5,32592235381462
41,5524077670025
8,34112375068653
22,1026712359632
-85,4176317906755
2,04920789562063
23,8785323043109
-94,0166389428488
6,89633471376086
8,91533590149604
-22,4331413557035
12,3574792082777
2,32522299836241
-24,1393981052706
7,11872708216692
18,5980250216583
-75,4621405368598
7,30503492710099
0,978106569324744
11,6098462089723
8,89222648139183
9,07215850056396
43,3826893952750
13,8846296452971
4,94241125209600
-19,9076541597596
9,27140361583754
0,0961436776617646
98,7751299750997
6,21035855551869
16,9771317920904
72,4254549873983
10,6372213276226
1,97550851934748
47,9510651972646
2,73419802939380
8,44759228875131
-50,8085722797406
1,13984468993539
6,65090563990139
5,04277688738077
10,4164063541277
19,8209025082870
43,4053785971187
6,69736341404422
5,60173102110868
63,4091837600736
6,62721096258072
18,2628260658699
-49,5863842038354
11,6244220064234
14,6888027910677
-54,6261193551565
6,15825120285180
20,2504092456385
-13,7912971560053
5,23762443090300
9,02253542072866
27,9766611838679
9,18344078908016
3,50076510128561
75,1474266415841
7,95079419570593
17,1814944928944
-70,4156252116449
2,42462207937852
11,6431413129577
93,3619529192750
4,26657292920503
13,2766952743204
-30,6759133536608
3,72600028242653
13,9526376873260
23,2681076462921
7,77972348432968
15,6365396896939
-2,81417225522065
9,88127830985042
22,3853505771822
-25,5446742388678
6,93843361848051
2,31369807492675
32,3056960689372
13,6500767909919
18,4819781175319
-40,0079755233583
2,37360426801396
22,1955452861186
13,4099219043994
14,9844666509415
0,282152814139112
34,0056708357486
5,38487695235387
19,6666544726728
37,8270063044688
8,28326289961648
6,72255338542508
-57,4295441026147
15,5063931788293
24,5754750248792
-8,55441661774241
5,28412925406791
19,6340174588853
18,1579886383838
15,9743076379355
16,9451715593945
-94,9693624388821
0,382339890201294
22,7390588813460
-73,4393499333716
13,4056387857559
6,98398043262753
8,97735104440081
14,1524609108107
19,1736051194021
32,2078109254075
7,65882382120612
2,00295570853353
96,9483292428836
12,1458443644694
8,04512073092465
-47,0795166242171
2,93532398403500
13,4003757366752
-80,2973234053622
6,69128229134801
23,3865792637655
69,5636038881605
7,30941501957437
12,0676955858429
-95,6410422108843
15,6989251244791
4,77583263017213
83,9026420963847
13,8424766501889
15,9987592230536
-3,02786846953209
13,2525945342451
13,1493206418664
-56,9614715788960
10,3721151941684
12,2161706569726
-3,12798179838512
14,5884399209495
8,16453905824947
-80,0836240904474
0,111105913976566
4,30341172908067
-85,3240215580575
4,45214360460761
0,141980654618626
-40,2347391235046
0,0484670389441906
17,3172142170722
-29,0751710752817
2,22649068274609
10,6899524361638
-77,1837826392546
8,66068318875582
23,7543482683372
5,78051150777741
2,82998179306841
21,2468138106412
3,20041751965621
1,04569205160569
2,56070845001518
-74,7152654145983
12,7304976680791
14,6428669451785
61,7361658290534
10,3536478952222
20,8687729403161
39,5174422939834
14,8071349120611
11,4270278442649
-74,1135366812277
4,12476822877450
24,2599490801278
-17,4360349458139
2,00101991869218
21,5763845951323
37,4004948920137
1,79466167109943
23,2711089084337
-2,28005464521561
0,649611470981393
6,94368724133995
25,3448198216799
10,5018943655302
23,4783839684289
57,9809814444076
4,04149307354163
11,0501809837301
88,7481796229695
8,89173362661734
3,74879541734565
60,3761729270879
4,08252715217442
10,4748181503116
-73,4049480417275
9,39437912852770
23,0199848077300
73,6658295004225
9,61357357447295
10,4027347362250
3,98527448487971
0,769726437401644
13,9436277654200
-70,5942745199379
14,0162260761145
3,53941074778310
-98,9167255370317
9,57845478111580
19,3853154226287
-32,4595509353160
9,17993444515621
23,6127596415136
85,4641541109294
2,71252921940359
19,8188249769338
41,0717575124943
0,198291844113632
11,9239027903209
-42,9980377737878
9,14900480253009
14,2037714638839
-79,2839652219449
9,82699704667863
22,1026346727219
-32,8405961461422
7,92819538406232
15,4737554772862
15,4880754598425
10,1932746489181
19,2432848565818
54,2054101242896
15,1302556353278
2,88681974682290
6,27116715807248
0,246893875658486
4,67549608669346
13,9612389916097
2,01283324846778
7,43806911565201
-98,0757214344672
15,5509792703305
20,3208944744874
-72,3082974465519
3,31294506772210
10,0703499972985
0,904718796172999
12,4752717680412
12,8237866166599
48,2809865331678
13,7144413634708
23,8672435304401
-97,7042454604059
3,02035026122928
0,0146193943362771
80,5029817628702
6,89097860725138
0,271583804107909
21,6979459909832
4,04831395953704
4,85228774627682
11,4810506148997
6,58373049488992
13,4106769717655
87,5928941255644
11,7480565373731
21,1964453225752
2,65109269628736
10,6498945354531
0,0632562414194684
63,2428218609234
0,131885456723522
21,5992382935646
29,1210819804908
11,2627079674786
4,25713913275774
-0,253466156405491
3,78938349304772
1,71944392914352
54,3890727595191
10,3017712833686
20,7884017223713
31,7244927751205
5,68405755857878
7,46378120288619
-16,2239393159874
6,89946053098851
6,10972463716386
-36,2040941521101
13,2266755471842
10,3061949086083
79,3747758333780
2,61361231531356
14,5375595827445
-70,4813522396310
5,38560614476271
22,9170214540673
13,3335729975640
12,1263538210957
20,3230311581882
-10,9198145831126
11,5362655198145
13,4846289425896
40,8206585681811
0,662618297978984
2,17888824483027
87,2554589617720
2,42658232739202
20,3259266072167
89,8880205829176
6,04470441054477
20,4554578131448
-47,8897437750917
5,55136879882780
12,9243737083006
-48,3141434716336
5,40590701577913
5,99061296656771
-34,6734029429872
5,61211676964500
15,2565610831387
8,44878457660836
13,6044431717362
6,70127453184087
-33,5332157656130
13,8515704185003
5,74390161678036
75,1685589618288
13,9857846737310
6,81225913760318
17,0558482402310
4,02747182558379
18,0857669262127
-38,5761443708309
7,20565420417112
5,57777753835388
-30,6304990906738
3,93351023933738
9,72965313900818
-23,7124037666625
9,13094005122793
12,0244217704467
96,3616605040939
5,62736629242343
10,9036938933854
-31,9162428590498
0,433812568531211
0,735731695847425
39,0912973373486
0,720232875190634
23,8381586596341
92,3730137511365
0,491161988072989
22,9088177065300
-42,9972245526575
12,1733922447130
9,11083073059444
4,97902110246677
0,600768316128134
10,3662392252681
-50,6808635591947
8,77307945499834
12,8633397462922
-44,6339027385416
15,9464463317169
12,5879875063786
23,1918995431594
6,85396169032440
16,5915100960268
20,0854308665856
4,49302361087805
6,37121220292732
-75,0750623375122
6,31445760179390
12,0030899163866
37,2155758853639
13,6318555432482
13,0783913606224
1,35874347750067
12,6886972491925
16,1081935279779
-30,9104244715971
13,5255680518387
14,1787271723488
51,6195328415758
2,92416009793132
12,9240035559138
-61,9408281266407
8,24115552750410
13,1609393247911
62,6726583258087
7,60473461462672
8,71748213830803
90,7974694639687
12,7947148979933
22,1722698489207
-65,2846632018278
9,74810150328137
18,7737372798046
-70,9690732953863
13,5827036673975
18,4335368980988
-28,9378128790156
12,5122203431292
10,7831399739872
19,4175847588234
3,26481668361633
21,4540339021534
-17,0720143458820
3,97677757157476
1,06985265185764
7,59862709845243
12,1813732900181
13,1254757063887
-0,934922401940819
12,7027664837152
11,3956640040836
-14,4403698134348
15,0450665912142
21,1035756868593
-56,9998353750089
11,7900313751820
22,1620855478473
-24,1793208491184
9,25810562699690
22,6222054492762
70,5835894242680
5,67916007275446
11,6641653693221
-95,2943359003445
1,22580943978464
18,5858139187916
5,53148351490025
5,12699498311679
4,72417204070306
4,92912855693559
9,02156729868902
3,72574500811197
-19,9111243581148
9,45934700892793
18,2451162996727
-98,1814850979452
1,48723332903150
20,7312267319987
76,4444726693335
9,75995948433763
24,4655653317633
89,3318262690710
13,4395806890501
6,66148356158924
93,1445951419558
6,93001789815138
10,3111591972866
-43,6646447210217
8,53938797509626
24,7350910919443
-43,9391761053971
4,05331166122559
3,78291567570266
-86,3275668600811
15,0976838480598
20,1809964581243
-70,6048697149815
13,7668088849529
16,4944112085008
45,5095021694451
5,60012000628727
4,98633126819577
52,8134377756460
7,50317892750758
16,6302214084003
93,4345366865894
1,67025969150756
19,7048382175570
36,2173880038699
11,6120876188112
14,8390736215253
-24,5038459782127
1,66273955302697
17,7990833454919
-12,9453343789359
12,9849026895098
21,2698089452240
-27,2241927114625
10,1294571339302
6,91169393521459
-29,7505239409394
2,38505322158129
15,7214768890335
-63,7359374550508
3,05819039066889
12,9777618341269
65,8531052520614
2,64848270894797
22,6681198647345
65,8285551637902
13,5950295256091
1,10445102642701
-29,9215457943335
5,72648950672904
23,3947028509406
-91,1679671587654
2,25990365823926
7,52892878744546
5,79336224942231
3,52849742118686
11,7085959534624
98,0607051480107
7,00139840026368
2,83258498142514
-79,4107433122988
3,08165486211195
12,8614832180818
66,2085724508583
7,54682042565478
24,5086047536146
75,6275026606258
8,08787705658850
18,0595580519893
58,4942136379403
15,7573424265565
1,33671422964802
59,0317739560525
7,05400907215067
18,8844469333735
-15,7728816425797
11,3634332585414
14,9421471136070
26,7472083218915
15,0106458186632
18,5611698247555
91,9673764961492
3,11075114852461
4,36853564613995
3,18675383055083
2,72723462269912
23,8492879353260
-71,7159764723552
10,4889211313942
2,71368905604832
-47,0606304775371
11,3650895546317
4,64206724248136
-84,4689988827152
0,443343282033243
21,4797524369413
-59,9834200647104
13,8566825820962
8,25939325163607
2,94825395692613
5,16548140295239
5,60809644089499
41,3411902530255
11,0287793019211
10,4347475134811
49,5715927777450
7,94127570652104
23,7793304623319
76,8365730439933
12,7146177813265
5,34093823465215
0,736226036927867
14,5638080956237
10,7985621730695
-17,1456275439566
12,2845078200512
0,802678984193635
44,7480020761628
1,40013589846051
24,6782797617659
56,7269659933645
5,29977956203740
12,5016102449070
-38,0472063757648
7,02309310251399
10,5746549734463
76,6336489541645
9,96832661523694
5,82863079988792
66,9322313882846
4,79050613715978
1,60588212006949
-18,2591739825144
1,30654637993819
23,3339256750418
54,7844469493904
13,8811252006880
19,0065070380416
-18,8186574329922
11,7489278083188
16,9238068455561
-66,0048765105391
0,383559153502226
20,1154200864067
-4,66484144708099
12,1628924356916
4,78796027338239
47,0757862436428
10,1120364322928
17,1347247845040
-24,0274958576567
10,0113413414334
6,09676304700235
-68,3154580442313
11,6261761262873
10,0615113804958
-10,3885274502612
9,58656686365906
3,07834934056343
24,9858424534241
15,6164746150705
14,5717884195340
46,4475926182295
13,5963157752318
4,39604307032764
-61,6418702814347
13,7699599385556
9,40806383602906
-25,1505459775096
15,9191938992390
13,3714401659139
-42,4263037736154
14,2095214588056
12,2929115025279
17,5801686066096
10,7854363178300
23,5381511805964
0,579046108562409
9,98058461540451
7,95593139517968
-24,6592596256173
14,6501599207951
1,78915793856324
95,3156950970460
14,5159006572018
22,4097559101897
-72,1969203414843
11,3067074507367
15,7315323686966
0,142515487803618
7,20730803629359
24,6211418407392
33,7150757679157
7,74014351994219
16,0868276689808
70,5701824270862
5,46383091665657
23,3470634858210
89,0856177533386
9,49097384602514
22,6523031704219
67,2476416559161
3,66736408958272
16,0093177679870
3,23475136705627
15,1628653942664
11,5491411756792
91,1355269533230
3,16188913069268
7,17701146581650
27,0012770438854
0,300551317049965
22,4713221294843
-48,7727125548299
8,31938280974606
4,16440134728312
57,1440957171399
4,82443583934823
7,12067704988652
-81,2486323268573
14,2103289712560
14,4932830904941
34,8480678562875
11,5719323832430
24,8429596742061
19,6472081041683
15,9084897305153
0,524309688337194
-64,2525813739185
10,5938935205984
0,458737961352846
7,01068784731960
10,7056146787668
3,74726063945814
49,3123031825029
2,67853330841073
10,2061845647620
-56,7363399949750
11,1077412674385
0,331746958286661
18,5171507513354
3,45716485002692
0,0397524202402391
27,0227963797815
9,16243334785030
7,87289603269904
-16,5129982083550
4,56908099701480
5,96345777862115
37,5621977908141
13,1649535820290
8,97988496894703
18,4568457932026
0,469292004333710
18,8674309274537
-88,7621922542661
6,86499462160637
22,6919177840386
44,6571042470401
14,2388785067514
6,31566312750572
63,4143524003186
7,51646689821123
13,0633718876289
-77,4643413831238
3,31954738532951
9,26719692112802
-29,9998537007006
5,64916482922419
22,3720126452129
-86,3306271637892
13,6127863578488
21,7383777033358
-39,1175903636519
2,11783336427486
10,3636401049320
-78,1134191330707
11,3926814026265
16,9328080672119
95,9477294614692
13,9684544988622
16,5464306748597
-24,6801492940625
1,92438275855762
18,4025095915184
-25,9443534316605
15,4186918067296
10,1253427670823
47,2880197435953
2,04987367385933
13,9319600967721
-1,10975910571607
4,68649046230669
9,39732242619307
-58,7439228319010
13,1904688878948
17,7556747113275
-87,6151928172549
13,4967022191928
8,90462991711414
3,46459699728270
12,5484713392213
18,1609395799063
35,2477343211680
9,64954808991587
6,63869849363049
11,1689239851172
9,64158813852471
5,76175270493992
-21,3322831946405
4,74586462621866
24,7838353361966
4,02172755337129
14,8300210135687
18,8455779600344
-96,6803810267186
13,6440493254138
19,7040215240998
-1,02329371982381
12,2082289577498
5,05004087077704
87,7117771565174
0,0922846817565741
18,3805020049021
-43,0361807969489
0,0403780108913523
15,7107415496122
40,2373339231781
13,8907931218563
23,8330875110419
-14,3708073813135
1,30245525568672
13,5679637073086
3,50021050600087
11,8331234510497
5,11596123799202
40,6576127025840
11,1727455458433
19,0399532281817
4,33480305352669
3,30459520085028
18,8634879576427
14,2399254991810
11,5438089377004
1,41950081267269
-1,95816744978399
6,62015291060337
8,10142738014557
-27,3200607285937
6,60969401035874
14,0562618433491
93,8317121366436
13,5598393996546
6,98560730385443
59,8374108441710
3,78897000818280
15,0872283857870
-67,9655517601605
3,10779783999038
3,15134316403963
-72,0624567661272
11,3475319036870
8,51098589959399
-21,8294345893347
12,9954652110666
14,0538008636156
47,9397884223158
11,2265131855340
8,17250032502212
78,8554390857621
6,08633719558307
12,8494903989139
-28,6776394680073
2,64814000981866
13,1056731774401
-49,2403250360571
3,99455024512003
17,4208138050689
23,8760077031647
14,4495942597318
4,57518832210331
79,2135555683315
7,15853121464603
3,71691103305436
-10,4941052029266
5,88225290656712
17,8879212907192
26,2471300337617
12,5035234154727
14,6975262774054
2,27208325918187
8,72955688123955
3,55553354976590
-43,7621499073484
6,60111644753964
13,9259863503470
10,5766185489777
7,21158209124771
7,17075271032589
16,9913197206747
11,9554518110222
17,2031830919539
85,5751290139920
0,290292989358951
16,2181056904666
-29,4561770264802
8,49700455923476
2,91929353470146
-30,7375163201798
6,41644924026004
8,63089477507568
-76,7806146857407
3,91507745129719
10,4087143866015
52,7823986162213
2,54666793310217
22,3469593619272
31,0360897741957
7,39452836005371
7,44653935434723
-59,1312445020226
11,8121829825367
13,6141928208023
1,95461324691628
14,7892697160840
10,0290846345796
10,7086845622997
14,5898558646398
18,2908798120333
-79,7302920611196
0,385264572010847
18,6254504506676
96,1939674840963
14,0069495206393
0,917055352600791
42,1624976860432
9,69946211766566
15,5454315123427
-73,4991373263525
7,23373455234700
24,7456823318146
-60,8128811975170
5,11024007700344
24,5097529582232
-37,9743601677794
1,35249893514037
10,1233600423768
57,7371434718494
14,8265778306702
0,998794952292158
3,17283072826475
6,80151067684432
8,00925265771976
-52,9695487547833
8,56394300077693
17,1205554441518
-72,9207269954257
3,88687208051589
15,9183716730620
76,2321016938577
8,86945225450440
15,7420354879419
-58,2704859911958
11,7659166729836
2,62277538624118
-17,7242704474512
14,8973066902979
5,25157693078355
62,4573949143876
13,7372945592258
18,9764783049795
44,7665362648703
13,7463363028067
12,8919527734552
23,3103893000718
12,0455426194461
7,54657062702640
72,3616575901154
14,0658735961301
17,2567189621715
68,2019227976121
5,35080021554087
20,7803943344814
-3,52995540831131
13,8575096698497
7,42078909133398
-6,09043037552621
3,96309696957495
19,7722793289733
38,7126984804866
13,9536373122464
1,47115661374189
51,5772838258332
6,06727766931761
16,3431027427079
-93,7489840653392
14,4055791526813
19,5182810444392
-67,5166006114560
5,98692876144873
2,29598202106265
34,8244776806681
1,23874059501380
9,84732749432686
-33,6743971510740
3,65662931980282
15,8379525725045
-13,4606792810092
14,0658967286379
24,1771588840192
26,7636538716776
3,21658185790493
23,3480804041714
-99,0656597776636
14,8757404686828
0,565394779575360
-0,611050409645353
6,61940111804189
8,04583852409091
-22,7175691134076
1,94586283378930
11,2267767988659
6,93029681707533
7,44989743320350
21,3519485919380
39,0131580178841
12,0619302276957
21,0207235235926
56,9834246529878
9,92375564989330
15,3185958288576
-87,6628078844558
9,99444316322780
3,44603483361476
80,6985320857091
14,1409264849465
5,94156851539897
20,2892002449924
15,2597798650382
21,0411236732747
42,4024959856052
12,3318798061095
18,4363496079172
-72,9732703111085
10,7578766027765
24,7113866545088
22,5116974002579
15,4235535262583
16,1719258435800
59,8480244133609
1,62582376709888
3,73974887405876
61,3606167195852
11,3675690105284