7,93752113765203
52,8005337916839
1,10545580432226
15,9544390340268
27,3187242917273
1,93775865593042
5,29837893256202
9,11521187745077
0,470980947550686
11,3535516796865
80,2751532532316
1,76621324988665
12,5724045831668
58,5420846078807
10,9594598931781
18,0222579761950
31,3505418052938
9,32850813904097
13,5011295523560
-86,7624382106937
8,17381100507202
3,85262863517319
-3,08409308877322
14,9784769626608
3,04806064101666
-52,2904552372876
11,1603680541167
13,3717365566177
2,75550201242389
0,224094790073528
12,4143079487093
45,2099563913264
11,1942538066243
7,35063261194518
93,6367264931774
7,39831725499256
20,9848199086589
-86,9036491317177
12,6641740334268
2,76518130594725
70,2238934371275
7,06838565472309
4,00816173457259
-77,3790358344728
4,48467050842763
12,9637936094254
30,0632768949603
12,4709969074617
3,84463099735686
-19,6899545462785
1,64922092366636
5,80553107163761
-69,6244222759104
12,1780015816419
22,6730847531218
54,2008707333483
5,96781396687392
8,67089620754276
70,1244283887637
11,4084766562887
13,5660206728217
-45,2099867725871
14,3446010740728
14,8152818265632
-86,7699178171277
5,84687957954664
7,76507753093381
67,6761505138255
10,1525275934967
4,58243829881017
23,4576286604945
9,30764224802067
0,122073621753593
5,75561982086996
10,7966337615388
18,3999793539835
-51,1635354417199
11,3317931779497
22,6775682028888
-46,7964004344932
6,60100894074616
16,5398184844334
72,8940141514777
11,5555877186129
3,31970811729740
-49,3330593929232
13,7973765630587
18,6401992416687
87,4522138948013
7,93963113686464
20,0810644072795
74,3844774865700
0,683278152036408
19,9964208377030
-56,0760831392356
10,9925551225907
19,3688285834940
-90,6087580339953
9,86780606909003
4,46630362845409
81,5236635911522
2,69718083994837
11,0799196579015
71,4844865101563
9,38849264099505
20,3238473393996
12,0583140424890
12,2097955318513
9,09856936117721
-20,4690513726031
5,25572848118627
20,1170721325371
-4,17473878786521
1,17182870702243
20,2541854666013
22,1961516576897
8,47923869542636
21,5927838094908
32,8078652778442
0,0214429316533753
4,68390776027615
-20,9162223334950
10,2868652325547
14,1183648732219
14,9232744848892
5,57722910660660
12,3398530796526
27,0982549024100
4,14951785734028
15,5627346798218
-14,2979049532768
1,39363547072541
20,2486604777294
-63,3765950751018
10,0213600742863
18,6719226040960
57,0949356650274
10,2750586016853
10,4899734442079
5,15121249334618
5,23141261486256
10,3344771481894
93,3365261111243
0,850702407228589
14,4327428395362
-33,9348611518545
11,7776068277524
11,5829902709193
-16,9831425599388
15,9821469782808
14,7551010021449
-99,1780264047972
9,27506476189018
9,12334552000192
-70,4133185236646
9,44045523326393
13,4002427996212
-8,46678124372713
13,4120672447126
1,87142547697555
-82,7772274763799
7,10890803250030
8,94428726498939
-87,8810224832364
10,8169528317145
15,7304522979759
-42,3190501470605
3,55945301153176
12,5418168248463
-73,9715191269189
4,87914051676518
14,9290850346175
-1,36485385334280
0,0118997151862228
15,5962985423785
-97,2418330200920
4,16023915765168
19,4377935799417
-34,2750787446412
8,90711750693560
13,4578677728747
31,5469083473663
12,1925761006355
2,27119846546899
1,02814660154591
1,18615418214637
6,24087500349646
66,6089671864470
2,70888771961816
17,7552072904625
-30,8691973678868
2,05433850074002
17,2755884979272
-48,4267285626573
8,52194056235024
5,59535860039450
-23,4142233302094
12,5342310273894
3,87888671189815
-21,8649707219942
0,454496896371538
16,3163403679022
-52,8052489469678
14,2165131667120
18,4607852696065
96,6570162068498
0,331572955594487
12,5913730399319
41,5094188036892
8,79181859748388
2,22720148344485
-39,0685785740438
3,06414317726048
9,63005645959533
-62,2698598970744
8,59079069912605
16,5812438187337
-20,8122771898567
6,27218578895465
14,5741403789313
57,0537837474273
1,38054610370848
18,1461419683673
-54,5139937788564
6,57100121669285
7,51655583298732
34,6280564751361
4,16070907728218
24,4105775664504
-20,5680808223017
3,07960341099871
0,0439039347560435
29,6608079434900
5,65644228484967
24,1860033126713
-87,2939283997980
2,50835223110789
3,84975773737595
-20,1247340629498
8,85973593408004
14,8698026081670
78,3148886318039
3,24440927741704
3,05098862215408
74,1619241015308
4,20958458931066
0,162382534502589
-19,8284408566673
0,0327411912179425
5,20951985602546
-28,8662403006293
13,0490343062766
13,2445840454445
53,6446134451146
1,81179611384805
10,7123252445170
54,7617481262121
2,61466156167743
20,9775710510832
7,09454357266384
9,21327613818380
18,5074421148043
-85,4349393863941
8,44769789401764
11,2834535225874
-49,7867696576593
12,3149483631279
6,30856334146715
32,3073908617677
10,1919764697862
20,9492682824174
-5,34586318621888
4,71141728815799
7,48253510663948
76,3518271022438
12,2122141429857
11,7246255022998
43,7735798934456
3,46356314600118
22,8849190184637
90,3769904557366
14,0854742472919
23,6620034780219
96,4314624666441
2,45867797062808
10,0400756007071
-62,2670214217999
10,7381005605879
16,1737204656012
-63,9821354258663
4,32723711446250
16,1887152083545
-27,9646933968180
1,22669398735512
24,5139837188107
18,0479414298009
11,8289636431841
7,33397939976089
84,9379978119596
1,34939119060787
21,3473239261342
-99,4490021245597
7,45042315074944
5,42945735827899
84,9740682368983
9,41414386503013
11,7955167844434
-64,8687995283285
6,73145196134067
7,22709382489497
-93,6379313025888
2,31384201235015
3,59170711076183
-8,40982427553645
3,79506101932738
17,6241595823240
86,2551824946534
7,85532361082309
12,0876456251905
-65,2614925775851
15,2823367530834
6,60267582394404
-31,6351096590343
1,76798466160011
16,8176785274082
-6,96879208105676
8,28585396435005
1,73546869620989
66,3646938862617
3,60090925549144
16,7320089623282
-67,5367889609357
15,2139524790605
5,81255581156025
90,0026045233930
2,92762857308266
5,43123604665797
-38,6959514399818
10,5136489281934
24,0602949785899
24,6845983803967
1,80070077129708
22,7354379043928
-53,4997817430644
9,16019964478429
24,5790875622577
-85,3628492328591
12,9985514750202
21,2141467992083
86,7828336886305
9,67206609380665
13,9786964309037
-45,1304638861419
13,6961612034276
24,4505922586807
-76,5851382830103
2,55824425254692
22,5267301406354
-42,9258728411965
11,7984599968324
2,70689680977176
-95,9163681197716
11,4774241604345
12,8842633193515
6,18178274357497
8,53531712455876
14,1846865437091
-50,3164105289800
5,03980959825622
16,3879269833397
96,3099981262339
12,7346531003859
8,62969233182197
-57,4001438807927
9,24186950996479
22,1736070296543
-50,4114695087309
7,98032215190998
23,0620114936869
-44,7618679685391
8,24836272139913
0,642204493530011
56,6187906926190
7,99343894360142
1,79615403487985
-17,8894001838616
3,55828590387295
12,0466489295543
2,37454028069042
6,37128417910368
2,04815676743364
1,31518594800129
4,49471777944609
20,6832767667110
-86,7832256293414
12,7440545936349
23,9275191832924
51,2996287319610
5,61576841554123
23,7355761630224
9,66271636600959
2,51786831042148
17,3656718462040
87,0509809663761
4,35052703618062
18,5066852779725
41,6205886974159
1,90153515749883
7,56375040850420
-89,0140675158422
8,44539577228176
16,9195269544004
47,3345156883136
5,44357437661702
22,5543837754005
-93,8293736217918
9,52721914705193
0,767272491454724
-46,5328949800705
10,3439845632227
13,6385921642546
43,9472061460772
15,3574446745234
23,3713070465810
-72,0382587432931
12,4959471678095
10,5541483618602
95,3479348237517
12,8555587279457
24,3039042055168
45,9459535995805
1,25330082701188
24,5328521866655
48,4104152372710
6,86382876565600
1,29920407251536
7,60746519115276
6,18640789806133
12,2975046988459
57,9246636723174
11,9086952036402
15,9578386215182
81,7351775336842
15,0029131221597
21,5137219272291
95,2842888652148
8,03110376641986
1,14111692105816
24,8048901085303
14,1393581861583
1,48412179906132
36,3164174448746
5,56945037222556
18,7801066220053
-35,3973420370261
12,7497327092388
3,61564165143082
-9,04181629500145
9,69226898870191
15,2689082055826
59,5264038192393
5,57630425129906
12,8167662146886
56,7077085935877
5,11987171559093
5,19128756771969
17,6828869780820
15,8038213233935
2,81657831090773
60,5832991283968
11,4720293372849
6,28655677688394
75,9291143294450
0,138125198865710
2,74718230915133
62,1413981787125
10,1949049178253
24,9761569325430
98,4982295607459
1,79921273516721
11,3729744899151
14,7252903110489
13,7281633853670
21,9856242021088
-0,270081482147555
10,2517147404338
8,02240814960025
-93,2099066133932
1,64106351240565
13,2500471540982
60,0942238298989
4,78044028152097
17,9448799696891
76,9331955024248
12,2468986919540
4,23102408904618
12,0423499920770
4,97474287606606
3,87029654451658
-59,6796569727228
12,3146411040604
12,5641744741880
7,96090042969937
14,7980100616956
1,71237422057972
6,89136314314980
14,8671210318310
22,6330551125795
-68,8958769316934
8,74117404351763
14,5007501872994
-30,2544767176015
4,16923236692832
18,3088989657252
-91,5827105842397
13,9403538979503
8,36888685083350
27,9399458179169
11,8533568703444
9,95194579539083
95,0222541263402
3,57386795267835
15,4183696523438
0,232607920173766
11,8495920532816
10,3446862548237
55,0198290639468
6,68243885412989
16,8122324153959
-75,0907294280645
4,83001516988489
22,7811358799159
-10,6486010531154
1,46275101734670
22,2039996823810
10,2603476342892
12,6308718994886
3,37921437173023
-4,95727200333456
13,9977989408164
18,5437383113821
-41,6005732069246
1,73956117606858
6,36336220388495
16,1486052778217
4,63122545658708
9,22491055544500
14,9816671539574
11,8602976285875
13,2852302777079
86,5308120479828
5,20448716554255
16,4438869981661
58,5288825701379
6,33573554394441
8,93112870794985
-81,1607899273289
8,52441849635757
13,2047237666132
53,2397416237651
8,41236577987917
7,69309950826194
32,2022158506451
12,3046371288070
15,9190698481844
84,2236503734313
15,1120391096855
0,237530985180950
-47,0113853973672
1,24921658209463
6,71245649735899
-9,60060763727126
14,1256734215030
8,39416102890251
99,0922581880326
12,2208512331293
2,30857680941402
-55,1963257131239
12,0779189946734
23,8139168704093
-4,24024439975710
10,9362429693963
22,3727726244575
-42,8833872741790
1,59413339735621
23,7319649348385
30,0371707629648
0,539160011045217
4,46637424327987
82,7321155113396
4,31844556735501
6,00855922644727
65,4797676454734
9,03200385059169
15,7698616023054
99,5289082966216
14,3833067935474
14,2898435016865
42,7520279366292
1,60678015831016
20,1568067104931
-55,1825318964501
3,82005838415500
3,21080664328413
-54,1756257037487
4,80889646766465
14,6181888130280
57,2869206991938
1,51303661202323
4,77538008408995
10,0473429883750
8,62276242349306
8,70901164027481
71,6274051172989
7,88978847994714
16,8046385212882
-29,1271804102666
11,9471842408662
16,9064490402250
-10,1111727446018
13,0600519475796
24,5472963388880
48,6537178471700
0,981481695417797
9,49804005400121
-8,73595937120215
15,3469085788491
7,77032047826766
-7,73502972172453
0,898385846032875
22,7584918216813
-82,2450516524072
12,6371187965045
7,02018018422769
-98,6381558490491
4,63573977373848
5,89338714672831
35,6126199868209
7,59665580564394
21,2185456503049
-63,3202443086909
5,70096212070684
12,3397964262077
-11,5571635708629
4,58452092012569
21,6674941790259
61,0684792833604
13,6577156365070
12,6798979085547
47,8313061132331
10,5702285346849
23,1199772103235
31,6341549645675
5,25741603730615
0,216255787365306
89,3753577525054
8,37318977099456
1,01233709402538
-71,0924175170330
13,9927754117965
19,8788084615261
39,0645181447544
10,5157955067566
14,5276695565779
54,7175477172712
15,1929876134182
10,1904668775592
-79,9241824796839
9,87840796599441
1,02963567529302
-70,7683678979641
0,676293620110529
11,0050237115082
-27,8486994530190
4,40234385776290
7,63671023566952
-5,64179976185981
1,02507581269018
18,7614511156440
70,3829664285358
10,8494055755740
0,353179825159558
48,0793708847166
10,3424335953711
18,0652335469552
-41,6586952808219
14,8615698274089
3,58421802685154
43,7501322129109
3,85857719806032
19,9203400186495
10,5818371644236
5,67524069755579
16,6506032553370
12,2903553133597
5,21892837770654
11,6072698737367
91,0396702321254
8,65274328863972
9,84846168548383
-27,3786300603302
12,1462388536285
19,1561766976044
-78,7711212579053
13,1021507441227
2,99754117946381
-37,4720467333716
9,65725127852357
9,74971049150361
-0,491710605634532
8,20534856960765
5,42538273274455
68,7753986592756
15,9690058035594
17,3571155079340
4,25656650345281
6,65491918929903
6,11240479227774
-4,75929621114797
5,73720325389608
19,9973805685896
-57,0109558556600
3,02953912936089
7,61241030239995
-66,1025666644160
11,0536589849848
21,4692254873562
89,2462846500334
12,1746007836627
17,6756041335764
58,1660247038319
6,22720883745131
20,5856517800807
-11,0373584116884
0,404768831796961
2,84631794835498
-65,5637615005119
7,78123286342247
15,6637114239403
-4,65202876390163
0,862808729385165
5,81492866603243
82,4251416191384
7,38802064178402
1,63824137914869
-21,5729713367877
11,5892907277757
22,8995070248162
-27,2317245873962
10,1759838939315
21,2682759730566
-66,8646280410285
2,95205230216162
20,8958638673411
14,7398305400519
4,83591356133213
1,73630752224326
-30,8888344891906
5,73038616316516
5,16204153526965
-88,1436389986624
6,33185927361136
8,59504964290198
-95,8073797252307
15,1290983090403
7,36731103424344
21,8128429899500
6,75246785738531
14,9395725233757
99,4629677074016
12,7321688084663
24,2290398596804
-66,8491549272783
7,16775678054749
5,85526287873434
33,7235949636774
5,57377307940116
11,2380869254626
69,6297523817300
15,1495518549838
5,96606595782574
-6,93118992164541
2,88365283045023
24,8620180545630
-64,3184896764020
11,2546323871098
19,8795953873452
-8,88792080846250
12,6009855444058
21,1249490447218
-27,6288196923924
13,4575694974839
19,5714008120560
-11,2088987134829
9,41096417580774
7,32866684505320
-7,18025998741794
11,0229704193862
24,2062328844671
-26,0695544302773
8,43598503958732
24,6581964870125
-75,8548245620119
1,34319770359289
5,08188777740088
-68,6300214044332
13,5989634805797
17,1089247689416
82,1146582759653
14,6168469233399
10,9853398064573
-55,0322937262759
2,85497038543393
6,20931051359927
31,2291073062456
14,2679176633911
10,7299106135516
76,9290374596708
8,36972269542979
18,5384530797390
-33,3308640091191
3,37423713372252
1,72038577778698
-8,08432673731749
13,8125970473160
22,5284919111679
70,3330918255460
4,67230365108852
9,23406356399153
76,9420778025823
14,8778940842651
13,2857021971573
10,4949499256804
14,8696768738539
22,1309130672821
62,3683545153088
6,10424859290746
13,9516589011662
41,4258637191717
0,586530101423280
4,87017707705069
-15,2375611397321
9,79190094203234
11,6593660446741
-85,7402528198781
9,54325420393146
18,0266278278609
-76,7627626444323
1,98832564381945
13,2761319330634
-19,2731029703520
14,9359719092900
9,78522487908127
-95,7995303558822
0,951417895318514
18,5391670757613
-42,6070609878365
9,60458930575559
9,95710066741628
35,1407206235019
6,87421945579597
7,15937395833971
10,9912750514112
12,8521777885303
19,5691445391755
-28,2397715299876
12,2095291036952
5,93157722462570
-97,4556477551128
13,9805084303299
24,6469147267565
41,3856705668980
15,2069407058763
17,0045683645763
63,9037280351688
2,44848575643498
14,2994991492332
-90,0668231367122
6,07678552014565
1,07447422445765
-26,4962137418497
15,8140664232214
3,89230335062125
-98,9333331507918
5,29223735905911
13,1168900015378
78,7850874246878
8,31360038935854
22,5933828747178
67,7154855842288
1,92455932791232
3,09282556848282
-92,2265397716771
12,5782218302422
8,14394039392333
55,2002914432662
13,3992908173802
2,14670365445670
87,0013607231799
3,37373838625750
8,67537657282853
-72,4172817741099
11,2994878763399
2,53276527178924
-90,8715019320262
7,05065839439113
15,5928971865248
-30,1449178272404
4,60777043565293
24,5891247356816
-95,1800587356088
9,02567681226309
16,1874632528783
-30,8529716445233
9,38936136674544
18,0733578467753
11,9089232013318
8,17275975434088
7,40878174399720
96,5346054572691
10,9153026938680
11,9957899382258
60,0761610510572
7,61785226338873
0,145579171461835
29,4790760003728
13,7278118186056
12,0330826668474
63,9839714876060
5,10734014141415
22,9114517886682
-23,0785984354982
7,40996825445224
18,1464341159720
9,79324949767342
4,94772058308599
13,5131811983678
31,0828148165055
9,88731869439878
23,0644563833730
57,7545602881355
12,2715299301771
24,1284679301417
-41,3700284176213
12,9635901817395
1,04175629905901
-76,8802830935789
11,7312155821853
18,5863231994902
-59,1805298687885
14,2908191934857
20,5836243232679
99,3447390586590
0,0539009656105502
2,96144539118152
23,9255585786115
5,75365793959340
15,3792767458278
47,1084718411489
14,8713451607299
2,73185102749961
74,0394779000877
8,09770316124914
16,7772131351622
31,7653811065920
4,01733163694246
13,1859855410716
-96,1836808156938
2,52049342594908
20,9568597831817
53,5199558238884
3,07202879187801
5,04925724748473
45,2339511213253
3,01982244106580
9,82882828712609
12,2151575058775
5,47953709853866
17,0503445337872
68,6431606425912
4,75329059039546
23,1700862070899
41,8510941759378
14,8526635346275
9,31146379749327
95,5971782718029
6,24969827453901
22,0349411523443
22,9989602958825
10,2139556785119
3,91750575961652
62,0783745037329
14,6964826784528
13,9247582343691
38,1507626847802
4,98484763428048
23,7868498660913
95,5645360159132
9,17115798729856
0,913927524465450
-82,7434766715413
5,68422335736461
10,3457679366086
98,3843000515238
2,00260696194748
13,1146605051456
-61,8184058974296
15,7209267007465
3,87544763590323
8,92331048553696
6,03014706772221
3,99146660114183
62,8975437542203
0,694534870307830
23,3639056860713
83,6066925800776
2,48228673939978
16,2340344676833
-7,00531745787547
5,78088864538553
2,91757769535417
27,9191755866258
14,7886300659150
16,3085181898422
-42,0723221799288
4,69435426752674
11,5653663396188
-93,7175696662330
10,6357717353397
19,5484882337598
84,4234616267912
4,48545074939490
6,53237270626545
-31,8643361648645
1,84952679928923
11,8353823681113
9,37921046860291
13,7078934414688
5,79090939439601
15,1437569643500
4,11535657963082
3,69246652741705
1,64099583956019
2,67482406835280
5,65960129360801
-41,7671733271915
8,27037131965039
23,5675360243159
-48,9442866490491
4,13016297297880
3,66353151345746
-10,3394386914444
10,7139236730877
12,6872778655690
75,6735189755413
2,40164249700672
13,0136525402251
93,9496464852544
7,45690489172426
13,1555326243837
-89,9197608881574
2,82088131695853
10,2224633551160
14,3102173207867
13,6153476083284
3,94102571148840
-54,9331112649152
13,6095470634959
16,7645190717287
-57,6748933099831
15,8441372785451
24,3816083341862
18,1274340051981
13,5836076049829
20,4503962728375
6,83064106059166
0,685389166690126
21,8864057332791
36,4369462576951
8,62505736068015
3,58126891508290
55,3200173009069
10,5880992588733
21,6553071982667
44,5530023783637
11,5259542213620
15,9976777905952
12,1453740029744
9,80020129787140
16,7871386599231
34,5640374388827
14,0046554587539
20,2092745113631
-32,7001043526371
12,3191135300244
20,5580715162103
95,0752841364246
15,6790546214518
6,46651479884030
74,0405644672004
3,30063545067619
16,3482547511772
65,7642425472204
15,8272633609259
21,5612851058904
89,6093285525445
4,81475957007015
14,3661699851348
-47,9020397457898
15,9409038082958
15,8082024932559
28,2205098745906
9,12056055843129
7,52583769490325
-86,0475636852021
6,21906309518705
9,63450128811358
-8,01253350119488
7,88413691720138
12,4708927285774
-74,9317596544883
2,97220216353760
5,39914041315059
-90,1580367010796
2,99789037735830
8,80971011396787
76,9444287506756
13,8415219714092
16,9140629555291
16,0630876261692
10,3766942970640
23,0756224909755
-54,5048081785046
15,9880307237962
23,6836277731123
43,4538597178345
4,01187461419926
10,4619746174623
86,8900969066727
15,8932697864328
24,8812963614647
-15,2903109889305
12,5659169656175
21,9868440544528
-13,9474444845018
8,63484509398566
12,5287736052763
23,7350002679643
6,07896292228837
15,0693135264225
34,2869236285635
14,3753912046950
0,519585357376670
-41,1862249447337
6,39194907465398
21,6008859383269
-42,8107207706818
0,717930682178002
3,86687946008929
-93,1659178620602
0,620240255694425
18,8905974355525
-24,1642113252889
6,11146534755867
24,7005754815090
40,0159216722245
15,6053104019593
17,4087166140256
-74,3338203621892
3,22470385251768
1,59601531585806
-85,1530523052895
10,5855627097661
15,1425993219237
-82,0443809481997
11,3981355746654
24,6901584604966
24,8182140993067
0,231594643857354
7,90334685242819
23,4594716290186
7,07338194017219
6,02837926705404
-32,4624498378359
4,76218563617417
4,71582928340792
33,3526569809234
10,0073020315167
11,4898720168224
-26,4546418814000
5,42993915383179
5,34585671728717
96,1463810489414
13,2246826909775
7,64826742018287
2,33555160302097
4,99441964337269
10,2507898058316
-29,4494045322964
11,4168670795423
9,44224881181502
37,8326603865518
1,09490455856926
22,2878463909974
25,5539878693823
0,260186264710967
24,1898391000670
99,2980655355394
12,3315330891754
7,31462458879843
95,0546697761943
10,7783895388380
3,52386337013020
52,6962367618123
1,97045093755913
24,7817468997833
75,7251254171508
12,3317166894715
19,7569999070353
97,5372440416741
1,58400673558419
4,38748177919527
67,9791720511179
7,16939074642413
3,69143024431554
89,9651579336435
10,9630380485517
0,180908650237837
-29,8276198228857
12,6601625983137
3,57683982430422
6,85508808742781
4,26233461981792
1,70288095365965
-24,8419297477971
0,862490019889522
18,9081633078989
26,3547541732879
12,7165839652640
16,5917209190636
99,6562194367918
4,02921944648801
2,13023272680181
12,6030842221136
3,59810664846154
8,53412367301725
-91,6094608161210
6,27897486649308
8,48101791893801
55,5733397321866
0,238856750703578
12,5183232419479
-71,3925322958730
3,19324727977771
2,02940114210047
-58,3830235402709
6,01176723980274
13,5574962595651
-29,2580530921537
9,57729800028341
8,15323477030441
-34,2438530594497
11,9816727486437
2,73760848832648
16,6098139581416
2,60354493487697
3,17968364403883
-25,1892178698609
6,16048672858312
10,0897487980481
92,7712911078748
0,761962718366014
8,51390492014410
93,2469398162492
11,8785330597584
7,46448526960835
-15,6936179135997
9,83226803581577
21,7094585364961
-23,9365325798575
15,8879325212255
23,7846240898321
25,1576075444201
12,8310981595902
11,9053303000768
-60,2650519938451
13,7551656830580
13,6254789664400
62,0222331539395
10,9031842867148
4,88410338879824
48,7504683906193
3,01585006520523
13,7507412816856
-48,4583974614411
7,03744703479591
4,08847227100011
-51,1516118216309
6,93621590739480
24,0136086142297
65,0461493280468
10,8311824797713
4,02430844592840
-48,4526436745321
11,2361821667259
12,5862231044655
-75,5273130409168
8,10680541746530
14,9601839671733
42,7850147142852
13,3516731411707
20,5534622320029
65,0701131372903
2,84409484352349
9,64276568640860
93,0751253931482
4,39592451344259
18,9117860108064
18,9298009225471
10,0973449439271
18,0711684767962
27,3292682982378
6,43454921385775
24,3925960345235
93,1018533451077
10,8578713397474
16,4313842397815
13,3204381664311
14,6515265067133
17,1075105670678
-87,0359761181316
7,14912412591443
18,3640425490716
-89,7829706798353
11,7230857854766
6,17796519781338
70,0620803401555
4,60421372137451
24,7568931043738
76,4798261962643
12,0138252674762
23,6321058670697
89,2316158498243
6,59054913228207
13,8403885863508
84,6676351345761
0,377000230166876
23,1338942018871
-24,0593542319877
3,75703206873651
21,1505231328511
74,2790397057504
0,947153432677958
1,46040443923564
15,2244900104855
6,22189447300567
13,5632882348231
-62,4626786097435
7,30302810187934
9,79638520274533
98,5789898256048
3,31492555736381
16,7768678731603
78,4863213464641
8,63842430697004
24,3664193800889
-95,7931695284309
5,82145061172253
5,38605377641077
-15,3680625639164
2,42105399590139
6,90475846977353
66,7504375718440
8,07806149173412
24,4222105611932
30,2291656048904
2,65887625541557
6,90055056609105
-16,0102463945019
11,0476456363945
12,0995922449396
50,0506167077679
11,8304686089468
19,3920158640913
-86,3902419652144
3,51117220213716
7,24156888537506
-28,9413495547953
11,5765568679381
21,2995673821525
91,5164852597308
15,0294026906319
23,6439980696475
87,9646338092737
3,56860072907034
14,8908643578936
-11,3163931229614
13,1058085517214
16,6054120335148
-84,0083872068293
13,1736764919396
6,72709880977924
-26,1357469108636
11,9564756465849
1,14773652817864
-90,3255806516209
12,9646435994336
21,7368113529788
-20,4578106218271
14,9607131772221
6,04747619667983
-7,51681217519455
1,31055683282389
16,5854152050950
22,6876431951914
14,6734730718270
21,7976338050670
-28,7904200135971
14,8111841915468
3,95949560543391
58,7198180553290
11,5361147868506
15,4193962733172
98,7429618076165
2,25740689007669
19,6428024440012
79,2351947186391
5,27779989481860
16,0163650587179
-74,7204020515442
10,3568333414901
8,36154202944202
-8,94435914282199
1,52005156403610
12,6290129133109
-94,7402469505072
10,2275891020519
6,44192006397258
95,2443214260475
9,84915832400134
9,54512329963909
37,7949379184393
4,79889288649954
16,2951144729070
-73,0146279417587
0,724335482951368
0,380613793080965
-47,3158551007336
3,89973914547843
2,75329649530452
91,1658107724144
0,851254856110733
7,53525837666138
25,8175957987818
3,72965098085627
7,34582796721161
16,2291486715849
10,8393233568399
17,4296829648597
-74,8533890434427
4,99149437903157
1,13812151945818
35,6261732304774
0,537160486717275
11,6806963060409
9,92101505054372
12,1005083525610
11,2903473451317
5,68897614883133
2,43884837370675
12,9087081593391
41,0279952683485
14,7827757676715
10,2288773643131
-54,5538266934030
5,63490260380275
18,0223021557283
69,6369814441094
11,8798037385568
17,9304504091242
0,374060369282336
15,5619344553398
3,22097779108639
21,7478990979115
8,70549444883100
15,5562162360391
12,0789679696400
5,52100215793205
2,56946408246130
88,4560871822278
12,9435863387819
20,6378980839583
-75,9208733205715
5,43051377188302
21,7467182893754
44,0225684495861
14,3952193123649
23,4958274031450
85,2578384498477
12,5486623879011
2,91061624996556
-9,77341534294252
3,32301299076433
8,34280512880509
55,3802840423562
1,23669820693588
1,84870575505980
-52,0277484078815
6,89088021930077
11,2261536057530
-39,6658344682752
11,9035646643885
16,1848627801945
86,1551807530310
2,72775553122736
0,675897206810669
-6,84577002383964
12,0663323402719
18,8318077680186
-53,6908230956246
6,22012480122898
7,57626049229949
-83,7711105334475
0,807118042820557
10,3223307996479
-10,1188220117424
7,13354147382550
19,2761164868042
-9,42195957935086
0,131106875141139
22,8940773536908
76,1837504780443
3,64734063788349
10,2415109354841
93,4085139748330
6,99622682617595
1,14108178822857
-27,3256801137774
12,8068907225135
16,1888401082521
96,7195744940115
11,9482313384859
2,41439730489251
-83,2061897172280
2,64949300145732
10,7894779188831
-83,2114039568859
10,9310729592779
9,72894036109278
89,7545510665115
3,10877223383455
23,3006188360202
41,2781169491537
13,7813520339779
18,2105530728021
34,2219967957155
1,09626450608230
16,7930055887736
-4,20807154860228
15,5338589967873
3,42725658402054
-71,9573165099834
4,11200499843616
21,7683561554215
45,8662652405527
14,0299353374792
1,44445529400551
-97,7800381852037
1,31952806913687
6,70339010856111
66,5407737390012
3,72949925517363
17,2004859393597
78,3649482289347
8,03924333616752
23,2087932549333
-71,1050556221302
15,2333265158288
9,69687563746160
-78,2213049920743
8,30074218962430
13,2875945764793
-94,3376316164424
11,4612025170363
10,2586816954863
-53,6091491029953
10,3067990254533
14,2503331400488
72,7929550912960
8,19996550248076
12,8184315433752
-40,0649041335306
1,70232038773604
14,5191261639885
74,8517400164922
5,52900403964601
24,6556006636721
31,5248724533841
11,6402921276434
24,0715941120135
10,7341218958346
10,2280815979554
7,35033878481992
81,7922418546681
13,6331090942972
0,500135572139035
0,333067062761150
14,6999812266347
7,55305087002138
93,3402084046609
7,23762036830191
21,6155531647294
-13,6653317590747
6,25389846496232
16,1915604296942
-36,6896761843909
3,60826618060784
19,8358832106117
-80,7302727134722
14,7369172944320
15,0292999458360
59,5501856031628
10,3137120191109
17,7926376417747
69,1067020024642
5,87564569707020
22,1481987405303
23,6267371145697
14,1593859242976
12,5539508421690
-82,4460548623255
10,0820789721401
11,2469548599695
-46,2730159897145
12,8873108521999
16,3982860504443
-57,1435130002811
11,9239433092577
18,1593191082872
-37,0030599313619
7,41621789223082
4,39160894187617
-42,8222641260814
5,25827822282135
24,9634771432721
-11,3956313412724
8,36023873666399
3,35282368329165
90,7592926138524
7,07885185567248
16,8420235119238
-23,7576071262625
13,9735117250181
23,2781596054439
-87,7154684480957
0,116710921638562
10,6217308004595
82,1528176002137
14,9629335974694
10,1382722922440
8,35834805281175
3,02984556403617
5,53706208977573
-43,4142178886318
14,4422193150291
23,7463121437437
4,89324248464966
7,42900207167587
14,6832283799488
93,0941037368664
14,2636524605191
3,88970523004758
40,0280109399438
1,84768571485693
3,09343720499936
89,3801758792339
9,17913400594716
19,5615951445109
-51,4474224561626
7,85253396557814
7,61790975817120
12,1214869028105
9,00950191484904
18,0181713717626
5,37308882134717
15,9174297400078
2,95767197818333
70,8803577942457
14,4347273857320
3,29310121871697
-25,7553679236528
8,61354653671492
24,7857902045961
87,9622647735386
1,58545979126518
4,23992089881956
-97,0804301189379
6,81713245263888
17,6457161123976
17,7648790307760
2,74848074495237
15,4093676964424
7,56810525163170
13,8647417476723
15,6951272401468
-60,5088952139089
14,9207621290942
0,499795266414397
-89,1690292671116
12,2350597515770
22,2567004994793
-70,4556112086521
7,01293852891625
2,07333450525025
-97,4701624110774
13,4184456219659
22,0844612765928
20,0374902654985
8,03254419029587
3,33030229682529
10,9907928446413
11,2973546125591
17,9192800182523
19,2953639529729
0,538877194142426
0,547132600286348
-55,0739340573414
6,49626979481569
2,57264081706106
64,9233089989781
8,54973604790813
20,3841799685621
-41,7055879002996
4,42158891968410
14,7922935970277
-86,5503549156450
3,35452437985480
6,40469381883459
-47,1407450965157
7,72166484728952
0,406277506060851
78,8330422272026
4,03030240207074
21,7044645722866
-31,4383850225245
10,4968387467401
5,97282855366050
-70,7716218325645
11,7064054572872
24,2442526859941
26,5848329547577
2,02313160419271
13,0619537464588
28,0163620493352
8,30213759293050
9,65937556084837
80,5618079141242
13,2566390345157
20,0574886987132
-25,9520521812097
6,77278895942156
22,3723427626890
46,4716646146455
1,92655608913653
1,49681066212995
-2,72441478052250
11,9156117231154
0,0575720920765139
88,8531464124673
9,10282797209070
18,4188864877083
78,8853719529953
14,7751115037728
11,7124024703505
-66,7930557618383
11,9005531635383
5,48553228798175
69,8709537060971
11,6777434035209
17,1327467351879
67,0886521653052
0,714402590256208
24,9093229564070
-5,79841191620862
12,8396552307856
23,1259282421449
74,4930342037853
9,33517372955639
16,4474235553133
67,6991628109021
10,7175541072905
18,9658952365019
-41,5296643849521
5,92215607553734
13,2348131488689
-89,8322083872148
6,26199606541497
8,51166670938063
-87,6284920744187
2,38798546470511
1,02569989955822
-61,7028539833754
15,6400015267413
15,4484399353452
79,3509424241276
1,26937578000651
16,8248747137532
16,0800971079955
4,37400039961143
4,20382991921848
75,1316660821797
2,81193670929293
15,2611108650753
-11,1326778497287
7,98249586988868
20,5503710189042
59,6722078951036
2,19496276113932
7,30793283632399
-36,5621687897176
11,7712493360598
5,21501821282162
-95,0115935948684
4,37500794772225
18,4212403114085
-79,6522404555580
3,48116299187053
24,7209351186105
-37,4303842437738
6,84038860210245
17,4497852659501
-69,8199705254322
4,02971443225915
1,40515018000722
-18,9519173488009
6,22683165012766
20,0229898560720
61,4539954456504
10,3227484382920
20,1460857026930
-16,9268882161098
8,39209877593003
10,1694396690004
11,2323929985572
12,8747195973741
20,1940586739284
37,3053650720472
12,5657438140646
22,9500447406987
71,9700232961228
14,7166288531072
11,3676255725776
68,4531139882254
4,63008747088532
16,3771427691183
-20,1986916842331
8,93894978833930
7,06843934492720
-90,7579052763123
5,07956145968612
0,702024446544694
-56,9488367804250
9,02163929727218
23,9313617386404
5,35402051327174
13,1458876539887
18,8810492606007
63,4350954724616
14,7934273561862
15,3903283244981
48,0645462364335
2,51457262759565
22,3025655659368
-55,8526414630244
2,24187884002230
2,02412982190039
21,9853460935560
9,21871293390841
22,3865874018157
62,5397362099086
11,7170800078294
21,3270260472659
-83,2521594142219
8,70537951443247
14,8352088017973
53,1651052078660
10,9341888744012
18,4347854765884
-53,4563779327791
1,65484564702319
9,23741245330802
-87,2049882289380
8,37363968351769
1,16237026680804
-82,6815180982396
10,2348409588653
7,24160410982380
-42,4054107530939
2,67900730424359
8,86922667188088
-56,4522801581232
10,5178347827026
22,0175547359170
-70,4209063158489
3,04119715390408
5,17884963006414
15,5436020785463
1,13712576065501
8,32434278133216
-64,1106950450334
12,7663861506351
13,8318299662693
-99,6326037023203
4,84676291439188
7,84864416602088
-99,6840666509612
2,90796596229756
18,8997499574855
-0,0459912232787074
14,4798461371197
23,7474883865902
-43,2658582929392
2,38799702041999
23,8160037825761
4,14634757814227
11,7547452385254
24,5326123319647
87,0906476961386
15,1253817848080
17,6747015542629
-41,0404465359750
9,92943257468698
15,1298800341238
-76,4357031900026
8,85975504634789
14,5892006513769
53,6403928491029
5,23525996121997
14,2437117196502
19,7578234864558
6,71849994231781
11,9783385830103
-1,76402372185400
7,51650347798239
6,42487460395043
-23,5765993218853
0,386057621340420
10,5522697770293
-44,6502623383181
4,19921267683914
12,8473526883882
-47,4105326794638
5,44208859141198
18,7386018947911
48,0891844727295
8,44334971979656
6,65387868967738
79,6897353956426
4,43460837410189
2,20371603154329
82,1503336619515
1,38579750612768
15,6651327662391
-6,89273359551390
7,60880053769472
11,1684252382939
50,1912500142740
8,95179586425374
12,6133895799787
22,7335855737862
8,50245231820545
19,3099224648309
23,8564488813465
5,04043964072074
22,4578998491109
21,5303816507694
4,93217869138682
6,92224230733902
-30,6677987678396
8,11862046233226
1,56484230996454
9,51721162160937
12,7974557787765
23,1295975409068
-73,5699541326837
15,0469576123927
21,1162870411574
53,3760205449967
2,83622266223250
14,5087679989367
30,7397666146871
15,1471036790077
21,8975719480652
9,23200129009736
3,06064371789642
9,85563462775003
60,8754171068613
7,97006945168880
6,69127248951303
-76,9244834083327
7,84261403042073
17,4147856411183
-73,9187889452921
14,4239054346237
9,02797624042418
56,9035512341708
12,9956007236940
19,0845732774376
71,8724569002529
11,4984870417382
8,29265519275945
-70,6833522504709
9,22947021779307
9,32865069427976
30,8702691934147
6,51707937041326
3,82279618432057
3,72261483343701
7,26054639215771
21,4035178495431
-98,9162670977700
7,17717830557936
9,08807363472439
39,2815851663826
11,5833390309092
7,27165315635356
52,8079448643401
2,64705339312543
23,6073316601774
0,965534994285155
12,8282440092158
9,60010106352755
82,0003131745349
12,4456785545434
22,1404008993541
-69,4532109733893
10,8618143808333
9,83467284656841
-55,5642272096103
6,87874843002171
8,63324513956023
-98,1437412328261
5,91345236804743
2,55155794647657
62,1484221656863
14,5523579698084
20,3222716120872
86,8755517908206
9,97159742818512
3,46691749934556
-82,9102316396772
5,72798696298912
7,15849074929489
29,6811322688898
6,35604072311613
1,59345168097003
-78,9855335836456
12,3318649032130
24,6099631999671
27,0248995607786
10,7907999500922
1,00714819859865
-41,6614898915757
8,31651465021573
5,33830339771103
76,8444166418916
9,77606046890091
12,0565844729126
-30,5331630836364
5,04182245686458
9,95826662387607
46,7132311988283
4,61333136880011
11,1574219543532
99,7634882809720
12,8965025739348
0,164539611493517
-80,8190017966761
6,64936931589431
16,5190188761244
-10,3800391594398
12,4682190241116
8,59671301832320
-44,4983165713546
6,89096676266947
4,99773947569140
43,6001243805290
12,8653010390964
21,0615970744396
-81,2876346262431
1,55176320733548
22,8629842131195
-88,4747638784558
5,95823705504223
12,5623371464134
46,4736850257400
4,38744532940633
12,8991393348602
-52,4643949230018
13,4364072419419
14,6828649273074
-51,0910370322486
9,74976436595809
10,2397523465063
40,9756702414399
15,2423550179682
20,5258464844196
-53,2851887716780
10,3666088410415
16,9648153333591
20,5656401874023
1,73978553934773
21,8546225335031
-81,6068570484924
10,0483659029229
23,2800810736737
80,3820074798585
9,29844742082983
20,4753728334568
1,61655662507814
2,11173520713405
22,5784844749451
25,0012357318668
11,5707710118756
8,13073736586619
34,4511048736653
7,68227173125356
4,25767960858108
-43,8279580531369
7,27056809972414
5,29759071874586
-28,9668701129024
6,96583041679515
17,4231242123886
-72,6526275125042
0,963780578990390
14,3332984842873
8,42268217872235
2,77287886413254
1,30659044382847
-53,3673074599807
8,40739941682038
5,67839899765606
5,73659380793570
14,9891360405943
21,6886583812504
93,5532940323840
6,45559917625970
8,89689809203482
-98,3759586464298
9,09008142977342
17,3673724002500
-8,32033553934788
2,99856936595459
13,1165830270921
47,3340917235050
9,46994900973532
7,51896922827049
77,8607623780236
13,0868279471000
11,0776342621807
78,1897145613585
6,82535832202138
15,0825552162379
25,6346883186906
3,47811583344369
11,7055611057519
32,8149802347189
15,2531096587117
11,4832959879967
51,7254803884670
7,06985896608613
14,4685486925288
28,0265916643533
2,73886129591478
10,6661935448178
-3,38357235145039
9,29846896828027
5,88551458470705
-66,5623932529178
10,3687943236655
22,2927584555515
11,6037156703538
5,28795001245321
24,6716361171925
30,4520263075695
11,0990454261385
9,79990534474231
-69,3295324357516
6,92006971855640
21,8147066897015
64,3762715634732
8,69242445827089
3,74821530165367
-5,09429180916070
9,97985721299668
10,9235061807751
-89,4177593724551
7,49758629498864
7,45797268156007
-81,4432058632708
9,34236245940009
21,9223023136648
-49,4287735732036
1,64001651597971
8,51922603482523
-67,2993502746393
7,20185595746502
10,9438575180838
-13,2663726581628
4,09317162815660
9,12836785386783
-98,2877596681592
2,40015424332235
0,241718203109240
-79,8463470299455
4,99781978325532
3,76926204349409
63,7092102699302
4,93189041458016
9,54826168098361
-21,5301274353300
14,4026855257246
21,1847861363341
-78,3712514093729
4,89669853325312
13,3546329147200
90,9709958918272
11,2610206613306
20,0820323438534
-97,8402930727964
2,43814797184478
4,42527324149736
-2,11620165546211
1,26968642843840
17,8116899029403
-65,1820212506586
10,3441147866732
17,0324051896320
84,1913575455048
11,7764117158765
6,34346761441298
-91,7494623298275
4,70836936225162
18,1477575087698
65,3103752514282
12,8338900172529
4,06321287509233
53,0054697533479
10,5574136795871
6,32543399845348
-44,7143044283818
7,66334314670434
8,57205016866644
69,0649053935070
9,45753319739945
23,8294779110969
28,4748818551386
9,48536329535911
9,52658009773009
44,5453665985170
10,3127038226503
21,5519401249066
-21,7085642267671
8,20688660932956
14,4804222597987
-52,2370784750279
13,0956257151180
13,2415686678829
82,8340862911423
0,290400158814917
24,8197458695350
-12,8742024659245
15,5698796463508
9,80032585735244
38,4932794349133
8,09558408390012
17,9228033487133
-87,1962775105791
1,46236148783830
2,06582374149326
72,2133805141607
5,22106115756097
1,82125702418622
78,7369772748504
11,6676452100107
9,91832571792648
92,9176218982867
12,7046229151966
9,08191817790046
56,7016743385159
10,7146308619364
19,4074197974603
-62,1901857992507
6,69334163989122
21,5865881696057
-64,4058606949874
0,800837212086725
5,20695610057080
-41,5040051890072
13,9866629198683
10,2745468749572
-38,8221195781548
6,98519370528630
13,3345287944477
-97,5184491261286
1,45429188925820
2,26547759239011
76,7949731554477
15,5731406333558
21,5968288361934
56,9239717268556
3,96794630371025
4,49010820593964
-24,3417165583035
14,7886245506764
2,11187280995227
27,3317431287187
12,0321677525044
3,07409402379146
61,6657993974548
10,2899678166761
15,6279001047795
-86,8118887546810
11,7959967741530
14,8656292792642
74,3371142544058
14,7322204437170
22,2255605689398
89,9841204308374
8,22173011993271
11,7895771303790
-73,8564464332731
15,3604093680398
16,3412766428321
22,0574592320004
9,22953565313271
13,1463179541571
-70,7457575277803
4,22980991456543
19,1851698430101
81,6752363192531
14,4915086249343
2,21538505135349
32,7193278074177
15,3764883281354
6,02232487571700
-82,6175416820414
11,5651002250983
11,7278822141730
-85,2348471400204
14,8064061492549
11,8259583813161
80,2852631601716
4,35113626798627
7,67177582174646
-60,3146606256838
7,61033728395084
0,178616415045255
-56,0544821224527
15,2239076532801
20,0396907657892
35,9960529973695
8,60934864501545
7,26937714192219
7,11660239612570
8,67283906790150
16,7479547735676
-16,8773307513395
6,43615310926462
3,42720988209061
-83,9865693190419
2,91687145894368
1,61836031395768
-2,89428911324929
2,13028737078836
10,2991795775044
-24,6826956255163
3,84193680190219
4,96290243042901
-49,3649667444895
10,8087568988553
6,37214983655189
37,2403373682373
8,88172749867377
19,8993473958564
-69,2553084611350
5,83667132008893
10,2625654788124
84,7742899509054
6,15467767321524
21,8714229389604
24,1508202351314
8,89053946500130
2,24949019015257
58,0090238893388
5,20570847574153
2,45529773984887
-86,9366063798662
2,42994414896022
6,40172530691304
-68,0391875863791
15,5677855689657
1,07350860064808
84,3444654744958
8,32380979637780
1,82460653351455
51,4116031577153
12,1935964999985
8,62000837677842
-44,2584007207837
1,82838580250395
18,2511325337301
83,2753916372387
10,4501237882017
14,0197736575227
-93,7317867234295
9,43583973671433
16,5927774852285
8,80358669768020
9,64859980870288
4,59256183293066
50,0106400041536
13,7548176525849
8,82837306568324
-2,36645772860862
1,94812010859180
3,48920468048974
-20,4682463247320
11,7766461092409
19,5155973277865
-89,2341620293338
15,9094744855453
13,2544016974674
-36,0968107343294
2,54383238988099
10,2733709691575
82,9353043050617
7,73466702201509
4,60785131164889
16,5473377030335
6,55766459997299
22,9773391699801
-5,44473301408113
14,7865441757903
17,2501049758871
-36,4033523984676
0,690550109454925
20,3307822356707
81,6089571528310
2,71324483972805
9,93167836233138
82,5623835373157
4,99446650803971
3,99177296041069
9,85522754662120
12,8307320873446
22,4051585129975
69,2260053232976
4,24302820885741
15,9290255785093
-43,8738003706032
0,350390298932764
6,26936525514215
-50,6376314602860
2,78059880711763
18,4996913694534
56,9565872765899
1,06663666413150
3,05285726016256
20,3218865815392
12,3281034885917
18,7347539267104
-52,0424140652946
15,4815966985643
14,5021979289517
-16,3636144242444
6,21830517798539
22,7719276154811
-69,0965454038689
13,2338750157668
14,2454733276587
-66,4145029325274
10,3946583543891
9,61325181748880
35,1802710171734
11,7265773252284
17,9220820863887
79,6212373254412
6,74262120473070
10,9993229872399
14,7357720195796
10,3074579421485
20,2146213078020
89,0560611976739
5,24864950457812
22,6912725687870
5,97742214216850
0,272375683137502
18,6459184348790
-51,1674657671588
1,63965678742361
15,5263998050768
-43,3707513136025
12,1344892236118
3,77752428004952
84,4262840430455
8,32876363374882
4,69859106280559
7,98762958094565
13,3155143569417
11,3604235714552
0,444598743621349
9,01264377187287
18,2531959051313
-18,0255765478697
9,88785482360290
20,0364718558235
28,1630299605318
9,66620025083381
0,684089405760330
41,3968598458450
1,99047746030837
6,74521810682276
-52,3736046637901
14,9366205472180
11,7365152456216
86,8025115610248
12,3658560357612
8,17270853872190
-53,1055124308156
12,9075147976377
24,2996210058928
-47,9586442602541
2,17701098974500
1,46423866512062
11,0228172190155
11,5953548351556
0,191476856767602
-46,0035047825486
3,03277453972719
2,22706496279482
-68,2565958320014
6,56490026518550
19,6475546468664
-48,0436533977803
4,57819691332954
3,67428188655672
69,9378355016038
12,2777559872003
8,93003853421535
-74,7764227749192
15,2482107057233
8,30805454432518
55,1270339763665
9,01022342205557
19,7988400308977
-94,9065387796643
4,28938040273271
20,9334152312070
23,6971953857046
15,7643014401725
16,7813893789862
-45,6696156804199
8,40376135984092
13,5510351821962
-94,7489100822766
8,54573558911111
24,7864679134588
-18,5674300115974
7,00282164554144
3,80941834346723
41,0378261726976
5,15484795675474
17,1173358588274
86,3190103322536
8,02489116983128
22,4755403057789
-88,0603735218664
2,58402895603466
11,2666015273365
-85,6600585626120
0,337951623982086
22,3161203661390
-52,5236707350379
9,36698194888460
5,82345662120390
-75,5542084925185
4,38105246321016
21,0181474069830
-85,2874113388337
9,65312096410880
1,37305269938845
-64,0960026999614
10,5072878273102
18,6092613214172
74,6343049952194
3,32782812032894
15,8533092099398
70,1887310886935
15,3557258120338
5,59765979472336
71,1160212805264
7,20785366816122
24,2909424060068
10,0881677948838
1,41105479840031
17,7809723280767
-13,6243495266358
14,9819024200003
1,95381989846144
78,2798552423466
15,4969268292675
17,9860788349694
-82,9989953006641
12,0161054970205
10,3278001480639
23,1317648927900
11,8125024911801
23,6150387825275
-27,8573971412382
5,99470066201075
4,06749041172598
40,5615075952585
15,4449041109077
10,7259965871920
34,2059952647597
6,53037116056205
1,04564816642161
99,2581184085822
1,72928046928016
20,4998422779800
-59,3906040574584
6,11288675471629
8,41908397242823
-2,82179245924306
6,95986332325600
0,829484023628327
-86,7634037301355
3,16798702752752
10,4325768676357
-68,3919030729988
13,3662297850117
6,95336984902329
70,6442601439864
9,83991192964682
24,0118051295173
-96,1263256317673
2,21711664712915
12,1969011484961
-63,6494298007665
7,29959625353559
1,20549558197837
13,3163484470451
12,9160047544438
13,0838726502899
-29,2035246529050
7,12428301932386
22,4525443142851
82,3841094684749
5,60599364546168
24,6892109177575
63,0098940259163
13,1700811767904
4,36936671485197
2,27786338520206
12,8443004686652
11,9163076016891
-26,0601967184223
2,97774040800174
16,2398076587640
-8,04060877839032
7,34188768386030
3,79796167676581
67,8708315370533
12,1773221086791
12,3931618111581
-79,6985694615174
5,61634417549453
6,75823534365799
-59,2517271229586
1,38260315275502
14,4700071709343
-24,3436219578001
6,49149139078726
22,7469696459284
-47,1021775214447
8,46636465031205
20,0339586861648
-91,9394504170600
12,3059483079730
8,62755329287482
-11,0678625537598
8,60631648697937
18,2949107310526
30,3799234419446
14,9797688233685
9,14278106378231
84,2921860291755
14,7215469219707
13,5522621070603
-33,8541003974190
10,1123184187320
14,0329767609077
28,1505959054406
5,75107404769976
24,0408134473374
41,0255779265937
7,03320411724104
3,28491713262060
97,1207436727833
7,64267830117746
17,0172412334030
1,61097475076530
2,14276877516892
15,2094302223454
-41,9660460177367
4,31233705151437
12,8150168357434
-62,6004953194909
0,369915324453874
8,61543580929942
57,6077280663627
1,91065450085598
0,0912046444773935
-12,6898988022730
4,47981787163540
13,0886794364842
-88,7208898760340
12,2147905105219
12,9943170081374
83,6021326106826
1,24200104111642
9,38332260094865
-79,3469782897028
10,1865826028969
11,7643016489676
32,6363760753204
5,99759561823306
22,3437665497634
-55,3894995775581
5,33911794710081
7,75556309758388
3,07929698359553
9,25165697930138
18,4691418155911
-69,4589446517329
15,5444461572131
10,9655250926207
-50,9480434597613
13,4991181520016
9,67326530015495
-64,5501043435615
15,4931197710852
18,0368231739453
-85,1797393314989
3,18228044502318
15,0168402191047
59,9090753645995
0,636627276808410
8,49096797899874
-21,1412567381695
4,26513457763265
18,6648750754441
-70,6014164314930
2,19382361930693
18,3829788937854
73,8306161450307
13,3641304168005
11,9009666842249
-75,7297437852748
4,97106398998289
23,2505734652099
84,3772110105899
3,25683387250985
9,90472264320175
8,55178143857265
13,1793842352442
0,0911021502051046
-94,8197442262944
9,68922838122275
11,9697812883894
-85,5418975434000
11,5838008888050
16,7171582673560
-75,0501160907981
5,26837146245657
20,6695349522497
30,9080901000781
0,447575091611750
6,10447733602293
18,6592301259313
13,5582691859024
7,14296164252731
-42,6478922825234
10,6396579900104
14,5068540555097
-76,6029483625070
0,416597594397146
1,46998984124188
-3,17156293143017
7,82975764563262
22,3554909059396
81,7036806103590
9,24817089770609
15,9201363888707
-82,9167145867889
9,47293359618130
11,6191984501557
-84,2759346462458
4,48839307150149
12,6988068931038
-83,4370403745530
2,05071565420104
11,0652543468216
-9,43586031568531
2,88052954523415
3,24388904851492
9,32627627797367
15,0297258848885
19,5143265928283
-66,2046472713192
5,53856194614294
4,81816930308267
-87,1212040140078
3,88977388950478
20,2625267499018
-54,2011465188863
7,30960575441510
22,9440713420175
-82,0755309428928
7,21533773699995
6,37587597513470
-42,0954632174703
3,65454783687087
23,3090597484247
-49,9933109426594
1,07773135633064
9,78270730223061
76,6891232166305
8,07567151477490
8,56362114587482
-53,1727396750798
12,0203871000682
9,13098395130544
-5,09956933868911
8,27507314661364
9,32480552926634
-41,5944381576141
5,43050066926254
12,9920477996517
47,5433469504225
14,8119219749050
17,5446322896152
34,8497397014582
1,13790041337161
7,21688089888976
-38,2390789548142
0,688335417228739
21,6510857128705
-33,5978957822542
0,862937904446632
20,6185493649103
-75,7556833256487
4,73804536576474
9,03166356824679
62,7365021129262
7,01974062422021
16,2916453521213
-10,8055154171611
4,33715708984578
9,45154107519157
70,3191617575877
7,27988758823804
11,3653067308248
-12,4086951922574
15,1253118258206
15,8299090464772
-30,1621217043032
12,8816271965919
15,1983622463930
-85,1090751508402
12,0040074285087
2,35413190673739
-66,3247493999396
6,47652067337566
11,0492137733548
30,7592884649896
13,7373896334452
19,8364571910969
89,2765088583421
8,99154365380625
19,9246019261408
88,7309787874767
10,9805773341932
6,45802274349000
16,7616588098622
14,3490434950981
20,2932621942562
-24,1640092939367
14,3105835587308
23,9071338759935
2,88795093852905
10,1394336986771
22,1714330954091
54,7812977801224
8,73186911143844
4,65739736009391
-90,8856975083800
12,8890451524804
2,90198230002179
33,8636708927247
13,5727219021984
6,63701340991056
-24,3547125765258
13,7520928503592
23,8149519565260
-99,7626484866992
4,18104627251327
2,32045368285036
44,2281935434974
14,2288579639339
16,4962096573948
-12,1636822351997
2,34795827343451
1,70154600261533
77,5685710969135
2,49138023195458
22,5762429599448
13,4410657673177
7,17304409083859
23,9859556315918
78,6397912031540
5,63838638703825
23,8972468016955
4,21547341295794
2,80798636069229
21,6580730124402
28,6139904436590
4,19308238561488
2,98153633675121
-79,9380197088776
2,68711135595605
13,8126411468794
-14,5292077295422
3,70710880014723
18,8432592077185
-94,1082928912393
9,71640211862996
3,45470729861143
42,1633246856655
0,349862371497300
17,4632732350311
34,6566212128957
9,21554703339997
19,5666310651011
68,1872712665344
3,76973635688016
19,9742758417246
74,8301271677696
6,69795617070419
4,03631885813861
25,9409745080762
10,2135124338365
20,4030158945688
-29,0955907842689
1,20337747289380
18,4826151719145
21,9537428074678
0,104251878234333
14,5813641815984
88,1093072284022
3,08596049045145
15,0025839919183
5,74625860748694
5,56029129614759
0,658054038181799
-47,3809761573631
13,3495367067180
17,7132048660870
-7,15885517993276
6,28731788317930
3,48286833904243
62,8581262765352
8,92699169615137
23,1176941110256
3,31883691866743
1,57037549209896
23,1040261704735
-9,80887972530562
2,20334839683795
7,44326844856944
-62,8992352913520
14,9305010375605
13,5947181791094
-60,5033984567568
10,5852954115453
5,26014862749469
-5,07734184933066
1,14692596436135