6,43283218562929
-57,2961209438084
8,09670232377346
23,5299675892587
95,9579960336977
8,78763375412772
9,94447568085388
46,4505693845199
11,8358515236515
9,59895156411596
-5,64864902775872
14,9720242161807
19,0773168697195
30,6324382880926
0,0992372980800500
3,98283964705021
-55,3263868776199
2,58446339917795
21,2095561890411
91,8327699091558
14,6698719592141
8,37415552118699
-48,6287513345561
1,33753955022126
15,8343460560788
98,8452966952385
5,66325144896517
0,780780450427848
68,6521420538891
4,41190090105273
15,7495267336892
16,9328958162400
3,12358803353987
19,4564777929487
55,2191562302074
5,72409258609229
11,0028015667458
-44,0906883900393
4,57503556787981
2,71641607599115
-50,4455055958238
1,43456332561162
2,08593370906407
-84,7939886678648
1,99053951492183
15,6205611770322
26,4481885543151
7,52656331461884
7,85286000591726
31,1172837477891
8,37078110737246
21,2364889076400
-43,5731048519145
5,49188206100247
2,01473561910287
-20,8550920439910
9,32715992217671
18,9903165145464
21,3137759634255
5,46342666627929
17,3393428484301
-82,3160717651823
13,3081364546631
17,5965858317183
-25,5765986490412
13,7832121686260
4,05250021823010
-28,7821370343632
4,17904962754991
8,19225402805594
-19,6215759622871
0,576987511032701
18,8026360610543
-6,33974840550082
5,89027602629607
2,89153871099458
-71,9074126517469
7,53709874261832
21,6874604409084
-27,8279234006341
5,30984494379029
13,8142021638815
-75,7784156410142
11,1817552960213
21,7876090388766
-14,6986934626882
4,80228542943128
24,3777926293401
-66,6536196432986
3,99730072056015
15,4657162110669
-35,8023059029285
12,0229680578157
6,88457355239044
-48,9471235114140
6,81174360473415
0,306120365773785
-48,3121410160913
11,7350070516260
23,8844782682527
5,09927304946602
7,44211894999322
17,3754701980575
46,9780259949091
1,61347977909470
3,78482568442910
-79,2745686951286
9,22606000312717
15,8621957763452
49,1114244493553
7,22250884112147
5,10893292317907
18,5248524580745
10,7924330914080
23,4013809099191
-48,7765516118451
4,57682593528527
5,68599234042151
-85,7320521344034
11,6445601524203
3,77753000810741
23,5575094585306
14,0550003823509
24,6615126534427
-85,4172360572787
0,537010327845934
24,0537400015047
-74,1773299354439
11,9191956488085
21,5111210870815
60,2255286170731
11,0710857019261
10,8060544557584
-3,21713576629390
14,0039908356056
11,9837574830334
-88,9941046883163
3,85880650225020
20,3706865732309
33,3566562697568
13,2205140561864
10,5065947295018
-89,2272520210399
12,7904454569664
0,155039947236540
59,6213464876547
12,8310978458935
2,11616594754683
24,3045363244027
1,51869554396960
11,3307483867508
-15,7020059535502
10,1276643267352
24,0673302197322
-71,3681455353530
14,1495425164074
7,34425113927656
23,8911481373368
4,71112234883949
8,32411555128594
66,3804073935472
4,13937670850152
18,0156546573826
-78,0488426743800
8,93996395420198
3,59400900850248
50,1259099076911
13,2824396886649
18,9077045154472
-57,0979769418411
11,8460983517851
20,6274186965424
38,2083732840121
2,94366353507235
16,8310098534020
29,2814536449035
13,6193789816651
5,29170504833345
-59,9975148594905
11,0950392520782
24,9232040413555
8,02939833804206
1,11209059499872
21,7979223919168
-7,33431408798120
14,9897793151295
20,1649524785759
22,6753832409539
8,84431583749871
12,4395270879433
-62,0977187885931
8,51527988247904
13,2167430379550
55,7266768634273
5,20300598471419
5,64774301680434
-37,4471338391920
11,7188253354808
13,0701728314534
-84,8081752407872
4,83464173561233
5,64398000300047
22,2003240830328
3,37822687421939
8,06598193785431
-48,3078667249176
2,41692580374588
5,39750175897690
42,3791806646863
1,59085890564954
11,9534242077725
87,7228581326028
2,89319098389909
12,4600176659545
44,9388049418265
13,4199415336641
20,8379002064852
8,42191009019315
5,40958537342253
8,65084461453119
79,7913273902921
12,0217576361807
1,09228991236639
48,2655773252859
14,4529249270239
20,1073836769295
-2,66167034664127
8,25249959127058
17,0249021360247
15,6273978606194
6,86121936815718
20,5971470761588
79,3622177998345
3,66124475710430
3,31359856406777
-91,0579014125053
6,03421391539494
1,38405591466624
-74,4717364203306
15,9273400159632
20,9879615122626
-78,2387062055084
4,60247203040185
19,7299026697694
-4,99704685404998
2,10426365862218
24,7280656378622
69,2960399493948
8,18649173800434
0,709581699540749
46,1415289292293
11,7385178574604
18,8992698482511
24,7654966617035
5,06150452693519
4,12524042833555
99,9359210068888
1,01355389169240
7,67469071067918
73,2329026806873
13,8715111166079
9,09840169234708
-87,6341516687626
10,5411223954911
10,6565517593740
-64,5772872095593
2,32698129883090
22,7983444388093
50,5991962442944
10,3944501252533
19,0756146434223
-98,7974641221314
3,10012857196204
16,5392641063083
49,6919475838642
14,4033473538321
21,1336078331921
41,8994336882196
15,6844678026980
1,55251866726640
-37,9075470104867
8,63276267617352
0,167494063681673
94,4822497116195
4,19646519368952
1,68247858829282
19,3180887593377
7,19954532436416
1,99305722394920
-10,2754794932180
0,0786370635333178
22,3197026862351
61,1717430743679
6,17218992478853
7,48478126940269
-14,0804665623461
8,83963135673047
2,92304861599607
-56,2893067093023
14,2667802122814
3,73021734902961
-28,9636439139532
4,18374053539690
18,9924821305486
19,1245103344353
11,5063222391117
10,1770680241535
26,2443267662107
0,844915167189564
15,6947222700695
-54,3547395991443
12,3870775064127
1,90237095144556
-96,3177782007936
11,6288657128150
17,7043686028264
34,2052512957193
6,26475236409073
22,4273151403589
13,7457541465500
9,16999646687105
6,33181525292067
-83,6099373127281
6,07485635371121
22,5091093834084
91,1712856816050
5,89495727487471
4,03105577152192
64,2578365051217
11,6276205889827
22,4581529858559
-88,6611212067986
13,6808300013887
17,2432716862186
91,7858351738843
10,6258476725262
24,2164867022318
38,1139663503891
10,3223998197657
10,2056496593596
-52,9475281402078
9,37212459748803
23,0788069702689
2,41334302774092
5,23356680490132
8,19064306405082
90,1767484024006
3,73384213014165
1,34834697944588
94,1135111490313
9,28707875672006
15,8257234321023
54,4119518319165
12,3197717542787
4,90645201836896
-90,0307147872260
3,32255248012606
0,648764164615029
4,19119306126630
11,9086986831729
14,5160351865764
15,3557286240659
7,51526884321936
12,7483414849928
47,6306495683534
15,7659347597475
15,9103419056217
65,8111493015801
6,14840420303068
20,3902430234921
30,3842693429890
15,7586920748081
19,7929073006860
-20,5651470242527
8,30101435702677
10,4387850579183
-24,6728002557000
11,5348183859146
6,97840877727725
-88,6880135743025
4,14015408632224
16,4413559823626
-19,8244865032050
15,4297194499091
13,0531955071862
-58,6064390943126
14,8388532386267
1,02152939377792
60,9045405278271
2,57322825608763
16,9310184743813
-64,4135738387394
1,18347542380033
6,82134510931558
-23,7252711261645
3,26489249663877
9,12571372963188
-47,2097994182935
8,68884786206978
20,1830243834876
-96,0666052070045
7,50035964476509
23,7590703888245
16,6707231068711
4,55141994025932
9,68757455601580
-53,5188174268444
14,5130906770848
24,3938889305822
32,2395721134993
5,52753320934042
2,48721793885084
-92,5207073101348
8,64798300339183
23,0659604678059
-67,5803613978312
1,19035428688323
0,0946104363011102
6,38977442762341
7,09947781656641
20,4607764336004
22,0371120085210
11,0559607027776
21,8430593535331
8,68971710889543
1,05363586267455
19,4658303407905
-85,9899210944493
9,11093611318797
22,6438833121934
-80,5767938938480
7,20220916380634
8,81223669702843
58,6596499716579
0,284573576399792
21,7308123524304
-41,0717607286525
12,2729167455610
15,2905172488122
-61,1023907915283
8,87452813575971
24,9888068229901
-62,9658063467086
0,303377290015444
6,93748209538986
-63,2065592662076
5,45649854128628
7,36007048823409
56,8141581611824
9,88078897019268
21,6721878309707
4,59580225065419
2,30379664035705
8,30054103464991
53,7397615467831
0,229444754821879
5,23180277231088
-15,2795537201554
9,29167871059775
11,5593807568622
60,7810465200301
9,93156732456994
14,7828132373668
87,3379609287420
9,59494156170333
0,263029419847005
-2,40381222288004
5,36739973634898
2,49475863061916
-27,1046937976731
13,0491265184046
18,0521018588787
-16,0200300736101
6,25618407350474
1,25979508355438
-22,1017080033657
14,1014676195860
8,14624307932441
32,6081740123903
0,0671331141164089
7,40076853251858
93,6271787225580
13,0819032151987
23,0332038343420
50,1590376303166
5,52898939939184
17,5316058887259
18,6391807692858
4,91719321970754
2,51438936156010
95,6356253264491
4,72774000385785
6,42530791644788
10,8973943400724
3,98560437909993
5,39660317818913
51,1112142737484
13,1599125421668
8,15472214818033
-46,0918385838483
4,02328797580058
8,80460355817953
70,0727104468542
6,47501628113996
21,1226522303085
21,9699766689482
10,4510380070069
2,71467142079939
-0,376243798477138
14,4163454949568
3,47946875246102
-12,1129518392473
15,6740014316736
5,14825122539597
-62,2696100501412
8,64278295009847
1,14951821939486
74,5214859412947
0,648849893407320
14,3289079407840
-81,4016143519883
14,7885692094160
21,2221638531329
52,2141538835882
5,14428286545106
7,94936767639569
-99,0546729628226
0,799979695492425
0,455471652523286
-84,5596898267020
3,84297904894016
10,5014905846422
-74,2467821941970
1,17507384558594
17,1762806971695
87,6097087215692
9,64303041475258
3,67438558572037
53,8775165175010
7,82203693120433
6,10443261491884
9,34221747620772
14,1459219220559
5,03372472397381
59,7201423302853
3,34879913892596
6,63679680663103
12,9026742908250
10,7860135323099
15,8106956793214
80,4154765695996
15,3787279937674
7,51737207705949
68,7136248066121
13,4892815467364
9,52233881436566
66,7444916946593
9,49109940177856
15,0059899529336
-60,2433268816904
9,61068967924423
5,66843360053249
29,3528315063293
7,87665721958976
13,8307716133896
-85,2996486564315
10,6683727000663
8,09929977448523
79,1854699285194
6,15617550711233
17,8948381984688
39,4142322675809
4,11194855084369
4,36809093657780
-59,7557227880216
8,26727806654462
22,5535001513266
26,0471189986318
7,67788235138107
1,50676265922247
-96,2116993461373
15,4186887026203
20,0205120571777
61,7101935961451
1,39474091889525
0,243827905128418
-96,6588234950780
3,28234486936428
1,79086639420982
69,2237556367393
2,98095400686010
8,84366836236275
-67,9548444506613
13,2155249213274
10,1243567596398
42,5135189846435
4,87518255240390
10,9292421714064
-25,6251769821452
8,90928779226807
4,68240818458579
13,8812241894085
14,2482516513526
1,34078161552153
91,0362806237386
14,0299967727685
23,2494974195134
24,9235723928620
6,57610500448466
15,0586996788109
-87,4477671366441
1,04945806189843
23,7667230903318
-58,8398298188555
13,5575435120225
13,5583310454960
-85,6035004438088
3,77706504938609
24,1757471282795
-96,3393953272928
0,905325790287805
4,04627580203912
7,78331933327523
13,4558194721489
0,0102040265798831
80,2546748296908
1,54560629368020
21,5541092894774
64,9647110818066
2,92972293856146
7,98891258392677
-12,6305902845696
1,02433991998152
4,87907779415488
-80,7035789724007
9,00427394236233
24,9840439048674
-18,6374496560756
14,0362876804537
5,26016407657693
-23,1600822413340
4,88322313376750
6,81440948168958
28,7882447157326
10,4368133899014
23,7105482677590
12,6580027425730
3,57583611541909
0,387298167915345
-61,1144179294107
0,560571051814257
22,1790622967523
23,4562003792642
10,3095520843715
16,3522519067704
-35,3813441689274
8,63145315581519
23,8659435657234
74,6624821765586
15,9372994414121
9,56905446761307
51,4100919370006
6,70775179450713
15,0043028166625
50,4117849684935
15,2158641131605
6,32385039910442
8,12383714754159
15,8827392541206
15,0127700654801
7,82289484091605
3,18637565728006
5,07815728610284
-84,3358697336220
13,9240815908074
17,0919655087162
-30,9454404095455
11,1707047973202
3,79306064906339
38,7278685543095
3,60858622018535
8,25785682677794
-45,0620718168940
9,60138648654551
19,3475127584003
-71,3230001922119
0,307619729408815
8,56335046521733
23,2196267489535
11,4119758624276
1,58067967576042
9,54456827589667
8,37486614011284
18,2325974665792
-80,3251703487245
11,6989055764378
14,9469936833888
37,8589014920177
8,50309797359400
1,07039677665201
-37,7686370900192
13,8593966625713
19,8189436326802
82,9706228256044
4,90621648815109
19,9372895299995
55,9019894646230
0,0901013591829134
23,0093319403044
7,56122895246101
3,01977314712959
14,0559962960142
-19,5515912762972
14,5783718546542
3,41385158168073
61,0796692518685
14,3245154991261
8,40446547336388
-66,2391765945563
13,4452832433061
14,3613095870361
48,5011628272303
4,12529688268143
5,41285472337234
-42,8845869815359
3,33917555219668
18,7985620784018
-51,1861072374759
5,57085918029328
17,0720616212052
-47,5035560365432
6,90234604867361
13,0278706020536
-26,7542374938931
9,55990387733970
15,9705844844579
79,8182968349210
6,03799981168170
23,6809386724969
69,7946254833763
15,4443352575793
0,647016080340546
2,34818811788924
5,19540324190193
8,97393812004326
-78,6666738749983
9,24728289926307
11,4902931044879
19,5091883410795
2,40024995421339
6,46381615833790
12,2109240533835
10,2179470636301
8,59515796467426
-98,2868459045010
9,77309459248571
22,4933251384879
3,58138002430735
5,43942909177785
21,4448641805804
-46,9200654171144
0,413616776693871
14,4879473157585
-6,39171162253214
11,6944840540268
0,829361434695583
-56,1369693217207
5,85776446829412
6,81692249916177
79,4258982051508
6,92731343048773
18,8492285003287
-60,1549596258616
1,97716768517652
19,4701909896684
32,0771614576701
14,6444052465673
17,1007769331090
-56,3799393325825
5,15318429241765
21,1629645866213
31,9983505825086
0,291042801173246
16,1472522546767
-44,9388511682714
14,8081387463690
18,7936735848673
-14,0012551431320
10,4089255989195
17,1555954180914
97,1905469867041
6,93565990251767
0,495326007525623
-80,3503994488665
11,9524535147690
5,92523121882967
54,0330032680344
0,984890707918662
8,21418980293250
94,0176395579861
3,46928811641906
8,77607345511801
-76,6052767086104
12,0799691418417
0,636151164115065
38,5007988091227
3,63748576804894
9,71092703298035
25,7676863928207
13,5816681496490
4,76579757096667
-33,7560505235748
2,86479653677736
10,5617187332888
27,4200503091573
4,64909955481606
7,74106022142934
25,7837939645016
15,8760279494659
15,8796358977150
-52,9150272004678
6,40085255279254
4,28285188517169
34,5297593158744
15,0215894453812
2,62745355430022
-44,5427408158575
15,8130333728719
7,58198539653458
85,6142282366093
4,64142271712987
7,90276790153146
41,9080657008244
14,4086732787762
0,893851554082700
-4,96118649004276
13,3307924404095
6,51917265416845
-17,7696752693864
10,6512280465789
8,32764268420233
52,9430448231722
10,4875803408031
24,1789175346740
-39,4438940188261
3,93271340784468
10,7393497102371
88,9683301165989
1,78605227915859
18,2173627486924
-1,74178180004947
15,2512994210875
4,78794092873832
35,9324839158169
12,7831922841072
5,90058009806815
-35,3640251947889
4,14610363686182
14,6626565190256
-22,9907901837668
8,00967914627978
15,9751827251834
4,96218662403611
0,836006599993674
10,6983426012527
-69,4161529135915
6,62119444434575
16,0370658708528
3,52693367634744
4,44548357489955
22,2218637768121
-12,4074015875010
4,37546639383284
16,3728189895446
49,3462372943994
14,7873505388129
9,51033729283813
91,9725844468298
4,17265421706584
7,60074182794551
-11,6363890596597
12,0061128706546
7,41685889319589
93,8803958454275
10,0773869595990
22,1607130068440
0,0286010663311354
5,36844437973211
3,75907272267885
-57,4605498694012
2,90376749863168
22,6236736926929
1,80932699462599
6,87319264805821
12,8922284137359
-90,4145159113861
15,6099096872959
8,42301403764514
48,6792263989420
10,7840481714655
1,23647812589066
-98,8437480520841
11,8862004989198
20,9917430611807
12,8193836918313
2,33850016443781
22,9841112910568
-50,3336369787629
5,85900498144000
23,5193326559722
-12,0147157636991
0,253220557634133
7,55909969276075
62,5633994078731
3,90136491505467
9,07380816761195
67,8071797849608
13,5538158751510
7,69706964080502
94,1181381653078
14,4618775494054
9,89411532395337
9,41212214676184
5,25680048270570
3,85542081098380
-46,0508311104503
1,42120662930145
4,08614496725121
-97,4320376362341
9,77462088003538
21,3238075675622
0,154591535729698
3,39181325044087
19,2436696266528
-50,6599607890266
7,40806305752829
12,2846361112381
-13,0009474854167
12,9804466145149
24,9789364380021
-97,5944605949708
0,373788178940190
10,1897075188128
21,7024262956016
15,8436643293832
18,3737855693491
-45,2430238034605
6,86835867147804
22,4133389985120
81,7350086011257
7,37372136784217
12,4038977807971
71,5885216183254
10,6645583997287
14,3946503005398
-14,2984672148921
4,98477053240580
18,4087730643240
-56,3581868788962
6,35328171322947
20,9546385696623
7,73177406252970
12,6712147448646
16,1712752803698
36,9833071152216
11,2458260670596
11,2146458013205
44,6103072505641
11,9382715796530
7,32223768633351
-25,6909206677316
9,18758661705745
2,24420946428048
33,8474763393045
9,93398011154370
17,9868827464234
-61,0314263967343
3,19275412473102
22,1804062500011
-47,2846604482279
14,4039005928651
16,0498345820122
23,1233350052094
1,56777454663103
13,1360448318365
33,2901031671856
4,72627586182163
4,70334092535764
8,49612274694920
14,3677251204959
6,38431713367232
-21,5930256276224
12,4376824990461
13,7421491974023
82,9104115048804
2,81262145841357
8,17528702287836
-45,3478395396553
14,7901500352508
4,04514119341007
-83,0408924694913
13,4628669957655
22,7947153936190
-67,8024326470579
3,09145245200090
20,9125843156866
-93,3959934229356
7,43707748061870
16,8251444576092
52,4789572986574
4,68610649787530
11,5053101049412
31,6381673430648
10,8883690525863
1,33921585506996
-87,5666607853569
3,72417682473638
1,17030698343834
-76,5458593704574
10,9204806989690
6,48360787966847
57,8976757404939
11,6468427458694
3,81973738810764
-15,3253720467043
1,46655013819072
16,1468576968698
-26,4612829943774
9,19396808368665
4,77581728751836
54,2236775024471
3,55250281141370
19,4797650667679
60,0995666981161
1,41732174635173
5,63495772521829
-19,3197692145267
3,06068750717362
11,4646316021800
-23,1377111951150
15,9234154816214
6,51089950865545
-52,3594306044276
0,0536970085684825
19,1505056499311
-33,9729840056643
5,06739212507877
20,8726760687841
2,22878670951767
11,1984506455899
7,55195836966125
86,8694246106141
4,08486100395428
10,1402923803002
-29,8549194396682
5,01569379995342
23,3041063748066
91,3012455372516
4,70393713384308
5,03421799598728
-27,2257105400920
9,24167149474099
19,2142342262255
0,954093720561211
6,81807506252194
15,7319259513898
-53,1831722472776
8,45956684885844
6,19851238550746
51,1672071884730
14,7117040081338
9,69420008574848
58,5886167356815
0,607887253124767
6,40416492003295
-84,4408678418378
6,86052213840987
22,4164996878878
85,7531645718818
1,76939201493913
9,94632721596466
59,1556928524639
3,62465259646098
21,7720490990488
16,3293197485443
2,63367552054661
2,64594520543353
-86,0770781613227
7,40358918204193
16,5269233664772
29,3875201242886
5,53562905204417
12,1117650966290
-64,6739920052116
12,2473729064779
2,68092190406208
-64,9117263250601
12,7782464718017
16,5215686333782
-11,8248127634263
10,1809615223766
1,71557918562136
-58,6665967980535
4,08895620026113
17,9649638996102
63,9829556232162
0,0245210667898448
13,7310053276781
55,0014937901900
13,5920986295452
24,6061622457040
-7,64739585708349
10,7964274208256
1,49098180610940
83,7681126110124
0,328459207553742
11,6738803545503
52,3400238601422
5,35452659827202
1,08560518373309
9,38181326575460
12,2547199274141
24,1675592013119
-57,4370156437213
8,25577317182884
10,8533327892259
11,4794301271606
0,310973500066272
2,66082624283447
-76,5327649926174
5,11948446308765
14,5162957110739
90,4512632090502
7,33870971499778
1,40643772406249
52,4034585031252
8,87254868394406
22,2681193733075
-14,3897233403666
8,12831424670093
6,86638548506575
3,06084712468131
10,6758170017136
11,8235544154536
-45,2419527134531
8,98601259453217
17,9074702970369
-99,2785341696682
11,4061330967070
13,7351715500028
63,9395763032445
15,5320542949650
5,07649374683759
60,2650246080191
14,6564666499274
12,2956793906001
44,5245821004560
6,13391325341239
16,6056078446366
-93,3467471402471
4,63754834069576
2,92195036209853
29,0180065020440
4,40681269607790
5,51518828702686
12,9630396325325
12,4581662418320
10,9702559308476
-99,1146406232833
6,20549219274443
17,2668767758694
98,3757266954007
13,6318532680538
11,3365676112036
86,7316096577850
13,6282989646036
23,3130040856606
50,3209687198726
3,73194700206109
19,3233679974097
42,4568923087320
4,63283137909466
0,255193995877256
2,91721606175619
2,48431781016345
23,1622986127675
-93,0281992082445
15,7225157649273
2,57590012606963
51,4641292870754
13,3015085200268
10,2286881637660
-52,8875457394816
9,59891764349748
1,68516163692566
-3,29451885424077
6,58029490637825
18,1648714342345
-48,2859674229140
2,77826434098150
23,6154640370034
-97,3624582115470
1,16222594898646
16,7804565278408
30,6093041900653
15,5000864283315
11,5715882031158
-20,4594005085147
4,56787954672662
3,86562604248701
-15,6613069460888
13,1886355123075
1,93780238459256
-59,0922722957128
13,7670363618241
11,4357872905920
58,7101563538507
8,53596024409186
9,99744268785724
41,8822628526215
10,4434128112140
22,3549464249286
-84,8205371349024
15,3920846421773
13,5174823554807
74,1531117427731
5,73447283678539
6,42686406277596
-16,5703380059732
13,0437445075089
12,4929081156477
-93,3309314903729
10,8560776087254
5,73720912040363
-22,2668793473330
3,86901561943525
4,17255790174253
81,3607117051958
0,161738657942273
7,93762604366701
3,90934447751337
1,87257048241471
15,0867695732153
21,4883663328843
8,45661054485840
11,7946605229104
41,9887214734632
7,13345413014024
19,3972214424415
-21,7478129225133
3,77763741413353
20,5283571989788
-41,4517380379578
12,6048494301925
7,02873689448109
97,7971772082613
8,89156165090392
16,4373474311894
78,9975800759547
15,8609205558524
3,05103234190044
-76,6803304513850
7,80038373147041
18,9318400781486
78,4576225255138
6,28719160327716
0,550622258683585
26,8011255804002
12,7157144326219
11,5463318092597
89,5763909968869
15,6976284879894
6,21255559742950
-13,5391777472635
4,56443982144417
18,0536363026634
-13,5471488145458
7,16425053768483
21,2821898102503
77,8108730806715
14,0880210638927
1,58278129465182
76,9062440072838
12,7291373264713
16,6928198396211
-0,771901976623424
0,130279886619061
16,9053225385541
-37,1307878095458
0,596378226657100
0,927662487137699
-31,9920802068064
8,71473887339396
11,4088616123768
-1,11943202573939
8,41939301454309
3,03296064804333
-70,2652758157673
3,73336789905852
11,2417093057100
-92,5309352993079
5,99681023420803
22,5632744916166
78,0088024131218
10,5735510697572
0,416542084900474
-82,5640922755400
1,99145149335676
22,7900053900535
-62,5535954240712
7,85058004190197
7,71587106926315
33,4808510204095
1,41637537709991
21,2740224668241
-37,9303997436205
0,0622881465509977
1,68323285735216
71,9460879212226
3,53176032552886
6,10751083878341
45,3535453997668
10,2662972446615
8,65339656615181
-88,9628860308396
9,11027848399190
11,1465257586379
47,5041769490672
8,96934041049876
3,15825640410288
38,8663632159081
0,505733011534446
13,0791817567511
80,8714829317142
10,0173843018119
21,1057562305269
84,0350176910525
10,3073140493520
16,7856024153169
-36,6756001512756
8,72853332582073
23,2071784704716
-6,69811134705143
13,5373506015239
11,1657249800701
-72,4837239966621
12,7798718341676
4,71069001550701
-81,1808581448360
14,0315705463677
10,2233912578409
7,83044535492778
11,3798637980100
2,74276068065289
-72,5948222590245
2,67808083627987
3,42798142298301
-32,4499932819858
14,6069128919095
2,82969380637649
-29,6822330090283
12,3201465481386
19,9039834208272
0,412570839685955
5,36011176900386
23,0497002466940
34,9058297592617
14,2578598941465
10,9992661897517
-96,3658452515625
13,4740683793350
8,83581919779381
47,9572719434821
3,22392562103667
18,7863140656837
44,3161064617027
12,2613995009585
12,0354138209424
-50,5875913021781
8,59217822757224
14,1715117746555
89,3749484503614
6,22193864063335
4,66860282935226
-76,7727110449788
1,73231525793713
10,1509470059584
-73,0664550946798
2,96368054066599
9,28112696415074
-70,0396490806568
0,749043789306654
2,46901822504204
86,6361397500762
7,29784463341552
23,2271920121947
-68,3351916934917
14,9634572031203
18,8205401673970
-76,4101297583994
8,51233550578969
2,25458870363818
-26,9179136603568
0,419843678990867
8,62852783182240
66,3754754395933
10,0138065148466
6,60669168962253
91,0351815560657
10,4365501934139
11,9924440557585
66,8722173272196
9,54061223560645
12,3423488485686
-83,2160946179437
8,10743951556728
23,0189863049333
22,1141318080975
1,08917896158422
4,11719854444914
-59,5677250095788
2,31161023901525
20,9730517197288
17,6924114108568
14,0496363135932
19,1677887913936
85,0003882920618
7,91601909833792
13,4577692630613
-19,2767724603759
9,65178795505629
3,60227173604042
87,6135910198765
8,08233610357786
15,0323731329737
47,9619737703815
5,18778900851956
22,5190608664064
-86,7866468496317
10,2504444633333
5,80519933813578
-71,2575915460804
0,540568965214147
15,0734601935006
73,2932069456358
0,964945608694682
17,3151656949344
-35,5135638214394
14,3109972649231
0,807336809567225
52,5763096518939
6,18947950800797
8,07908422283331
76,1185499785382
2,10667539670975
14,8969800941657
1,04840395495249
12,6948426588130
13,9130243357431
-5,84695849651296
12,9523458121890
6,48998772932667
36,9753599655699
3,82625988042859
6,10345390222334
-41,0194304846708
7,58836033530639
8,27993312225666
30,9854603094398
2,03975325327610
22,0865573413851
81,2788946169442
0,198878213712955
11,5198149489764
60,5763553236759
6,54253420424879
1,20309713096876
43,6284998082971
3,40551421437226
15,6617574554500
38,7963816828728
12,5966245782483
23,3937927769200
19,9852027127161
0,130957719468286
15,8130692159054
28,8868406514253
13,5343928493511
17,8453795749238
-24,4009530556686
13,1439102254311
0,887342543982737
23,0883779464750
11,2685549266329
11,4531355939181
-85,2528715837022
12,2420517866846
7,22941658478385
-58,1442861121875
12,2703565097729
24,1314598583690
-37,4046471937527
13,1300522077656
10,4580336191476
75,7963620452675
9,66390242064478
1,15610138669806
-59,3860382654492
1,33510811744740
15,4884474699814
-48,7898801646120
8,21571054770170
11,5778352446249
66,3580916375336
8,48837082145527
5,66065337832399
-11,8141490986056
8,65131738765274
23,8651643114699
89,8532676180501
6,00783957922701
15,1275279510844
18,0426614318125
12,6985815834987
20,6354849881122
8,96916672818446
5,55671166774826
3,75864982415207
34,2992304778121
8,26943401912151
14,8619231175892
-32,0205370604757
4,92020263436600
18,9016861361401
96,7521865621480
15,9859004775158
3,08115520938562
-18,6874256615194
8,71611253278414
24,7006243979538
91,3209365080932
8,05273856015791
1,71376393531577
58,8540060059356
1,08193140522255
4,97464859911988
89,6844049729128
6,99212046279502
5,71620040656443
-0,0189502255780960
2,76871983180692
7,93141449937775
-77,8285323232804
0,713936615812667
12,7300363092302
12,1119577792593
2,98221694670392
9,64600883129845
28,0261673982920
6,33755869257987
23,8187130480486
30,8179319346484
2,48589237563282
8,30289252664811
59,7106168185517
10,7605413168245
16,6164452645715
63,8914402198468
2,88969336634675
20,1529475536088
-64,6459224752015
13,9366578349396
1,94230999212393
13,9880729551446
12,2863836349265
1,97326011424200
-78,8560931513236
7,48197465553609
1,44427623187205
61,8405188383577
6,72691910978045
9,27536628796937
-36,3162160171428
14,6098407493847
15,6991909713313
50,2784753261582
4,86245505225674
20,8306649439044
86,0200611535905
7,51742534804207
9,58945694068904
96,3501515444958
13,5031800981455
12,7674951371215
-88,6702356392936
2,91561372884104
6,86438509364588
68,7140374833897
6,06788576098729
9,84661510788735
36,0838651188841
1,09914351595701
19,8559476306409
1,15997769580740
13,9751621153344
2,50670543162343
-40,9237259431673
1,50875825194810
3,87045953944739
-40,2270191644380
8,33665870637700
1,32600737101330
85,4893952781370
8,35167958555643
11,0409329334124
94,6390933861094
8,59952986065382
24,6350313225820
95,9350445679689
7,98578733260900
2,46474925298218
29,9382069691364
8,83428356505783
20,4346949873327
-69,1129817061316
3,08382959387037
15,7099688404120
-61,3776682384858
6,59538525350976
12,2478815302975
87,6643343882485
3,30665182718655
11,5729513494241
-49,8389737618894
2,87154687028048
13,4661187459550
-55,7427729269732
10,6414839681033
9,10559030466532
62,7461189185167
9,66722584051865
17,0753404667813
-11,7181890769054
0,550568128715021
23,3586031774265
52,6688931261562
15,7393705995463
12,2639584480749
-69,9462630715871
3,88318869756299
14,4555365525044
-81,6189269549743
4,23397695969230
7,34702630075674
-64,7096473031067
12,6150981871520
16,2487484215826
-58,1051394855746
0,576363964889145
22,3545873488055
6,12774240316054
1,40676737926595
19,7593410336814
-48,7269676238538
12,6308358081475
0,284430258474282
95,4845322066301
1,00534912560125
15,8745070976907
-91,7643489798731
4,28671780010016
1,53463820353091
57,1853536987572
4,22670046758127
10,2905984400188
43,2948204406109
3,28372157999232
23,3584029139213
47,8570767444543
5,18255401374389
0,887144802230457
-16,7563377228082
0,378048419614474
19,4818816965791
3,41005017079683
3,40853450484794
17,3919184493342
-13,5590614879289
15,4489903874955
0,00560522123554641
-64,1555202900496
1,82270898131074
12,1862951370449
11,7352410666812
3,82734838119343
6,13159017779550
-41,5726191563987
3,56315475317412
15,0089121716682
-48,4373971180372
10,4294679790493
15,9212863070088
20,1502003830420
15,0831356337104
17,2169860111268
38,1385427586382
14,0538371680095
9,09683542754749
-4,53839752632939
2,01317819428548
16,1560956975956
-76,9465905874067
1,11143619686147
14,6122712420781
28,0121319116424
0,639488986425715
0,183970697752562
-5,68986999381687
5,61920698692697
2,60916563516165
99,9945543587405
11,9864842772557
21,1065668153753
-31,1192519688922
15,2809363620289
3,76801139065553
-54,0003043559118
6,42875420487970
2,84157064755991
-85,7722010661786
11,2064687287682
12,9905112558990
-94,0017873442520
8,23023427508554
10,4124441525505
-67,3231284312597
8,16364718358110
17,2022300740280
-55,5691505745315
1,48737922129476
17,7915258244614
-25,1734993229711
9,62834484265784
24,0839484915720
78,0711658529591
0,170249748957007
10,1747499522808
-68,4489214425205
14,3102095491801
13,2461513775070
14,5638741098663
0,901436844012343
17,6923083344862
23,1674023968642
3,00791904685080
22,1955233962176
-20,1039285694292
3,76522623701107
24,9481881190433
-71,2343533007324
1,03330557104837
10,6705877277926
72,9215752251841
2,44903720881649
8,42451354759242
46,2409818548358
6,13716512258676
4,47720392124232
42,6139690733627
2,88441115396377
9,44512228973931
-49,4931126276691
0,584612457102189
17,8625466531859
89,9303964595876
2,64491375817214
15,5328476253373
37,1107506473661
1,26489420464764
7,49511332674210
-57,9530034697408
13,0898830115143
17,1002748977578
-61,4324474138235
2,91323311550625
6,49329597433666
30,2883207577730
13,5645660918279
1,09374985676124
-74,2446825798895
3,76600456362032
5,51773673878113
-78,4636168864235
4,05979013909278
15,3411711014914
80,9224104556022
13,4540375671300
6,46820731029962
-47,0211919131996
3,92613378580731
8,44910608362660
-84,6093973008593
3,33991492152028
11,5535813822240
-39,2574126622426
12,3882399588604
7,99570027613759
33,4095801210476
4,81394538235830
9,18689853579550
26,1710874838748
12,4985624186024
10,3774340097456
-83,9715778692586
14,3198668350539
24,0601221069174
-26,5277914939652
2,99365970788000
14,8409625264069
84,2290862485696
13,3768969690672
11,2062853675937
63,1836358527683
13,8942645218103
6,83599800193802
-48,2124036305155
11,7449964943460
18,9110347673471
-21,0883153356324
6,64771191916826
10,0072013714901
35,7127937710134
7,53175453413675
9,07089147829161
-98,9980850122365
10,2560373056350
10,3710453904133
-11,6040638605602
12,0905764293378
13,5491693669933
-81,0208364099518
14,5223846387853
18,3596668637179
4,37453171871991
4,39691693484823
24,4768175570338
-21,3693789393995
5,84506431083672
18,5156453715826
97,5203930029357
12,3845692197839
24,4204347652363
31,5254819158154
10,1923623939540
3,54481966524281
15,4714277799527
0,766316447700611
5,39088477782369
52,5967788624173
4,67480438121624
19,2194321667003
59,7626187825771
8,78496030521567
23,4654754742808
81,7906097091570
14,4602945405675
20,7738652968990
-38,1953281149570
11,3010423232116
5,88916396857522
-66,6138113232732
15,7759148900032
13,7621394849069
71,0695948649051
6,29127924702620
15,5185812454134
-44,4112063407919
9,00168445142203
24,0402576958824
-60,9246925015636
4,63569189912379
23,8983228497541
-16,8786827378772
3,83873500315712
5,06493618225408
-79,9391493756681
11,4485170391215
7,31356480277225
-97,9539966013526
8,27309904015774
14,3389696339956
-91,5320280925284
0,409530909765689
12,6147711146123
14,7847259744566
14,4920517551511
1,01625415798146
-47,8930898588878
3,51964986979067
5,52831717760884
3,38623989341083
4,29066943001010
7,26088886879409
21,9251531289075
12,8871624797666
0,974521752648538
-64,5032611311158
1,02011902146123
15,9933893590371
-86,2869318717137
3,12192436326807
8,87847624021576
89,9981870366190
6,88215351633927
13,9867155841898
35,9316478563647
0,415677079409146
5,28733173171981
45,9911658834347
10,2576026543891
24,0390344215036
13,7039062714367
0,407502402138620
14,1252075697212
-1,01322148810652
9,12098124500132
15,9893526779651
-22,7020510735139
5,23648200152408
0,178923395112799
-85,1339564580752
15,7312796008021
12,4215839871476
-26,7905812796959
11,0281790049600
7,96265999432597
52,9162021082037
3,61053174463136
16,7837956982220
-63,1124664372268
5,14831283711734
3,09770581110585
3,80859016465538
5,74484527704535
0,336729484051917
63,0619586359928
13,2615589996420
13,2996607251080
-4,32249280499408
4,81218200633729
10,7584213238074
-29,4258669529983
9,54345536122802
17,0484006906535
58,2533973830758
8,27760294193210
24,5176801142966
-79,7142153983166
8,60346312128873
8,43061364993925
68,1253886279113
5,81009089794833
9,57810669911102
24,7167482728153
8,13614638216388
18,6661616950040
-29,3746541134511
8,26005435611454
17,9705157139729
-82,4247479978320
11,0485892100081
24,6027065650898
98,0606913752599
15,8048599378452
10,9075563142073
-83,1711138417138
11,7525468990387
13,8618121070193
60,4627846146136
11,3275600941238
22,5588534026917
-68,6365420853963
10,0142070969604
2,91108290823173
91,9725978915768
7,11654205936403
1,92718439505179
60,3531838984746
6,84520890370249
21,0658527126490
-75,8333461263876
7,80792084923366
8,07394724858004
75,1223569891730
7,15804985321405
11,6529022686621
73,4526579813087
9,91073173026529
17,8172180486166
-8,78598162390492
13,8188373095678
11,3197847036692
-91,3562110156178
10,6115844856906
7,82097193330378
-70,0281347065181
10,6257343285568
0,543122097076445
98,0353564366057
10,0614518651042
0,139609335939047
-1,62574697296392
1,36964337718456
1,67384339411825
86,0956138791766
7,91315448329087
1,14517253151366
-89,0954009336161
6,39955062051618
12,5304517932851
-38,1475124730110
4,24555207783886
6,10078612046058
75,5557883852976
14,4826833570983
9,06186891369299
-92,6431057331990
12,8198175989000
21,5096122846877
92,1963579110850
2,10462556769244
23,1122251382120
2,02261796420851
2,87611418148829
23,5786857322772
82,5679256897664
0,0482377112660064
0,288281172575221
14,7520263375710
15,1525499740039
23,2412370410655
44,5033144314822
2,13340180607676
6,90676908875779
80,7228922976277
9,24435332414037
2,35156353042822
57,1281183551815
9,67282262666050
20,4186426545497
17,0919428855986
12,5882230260556
15,9343241629515
58,1964210239435
13,8102436733337
14,2811456266568
49,6582142782974
8,59806400067004
0,0196498881394085
-37,1518328281237
9,60770399466423
7,46425307466744
0,431272598174903
2,15013668393132
21,9889712299405
48,3374107688877
2,32790971876067
10,9854676149070
6,87909679442800
7,52419038673249
5,73221457218429
39,6094003979599
11,6108095083299
18,2891971594968
35,3803146832900
11,8933499445286
4,10512826838493
53,2482213255498
5,54821296244686
14,1413664209127
26,9358391875538
0,931974974691029
16,3843047729025
7,80059862260358
6,66660509043417
1,02402993822431
22,3993305755772
7,58137184870333
4,14615347827514
60,0607322996083
0,909463655057802
3,68581197563409
22,9310750649616
10,0480006478744
17,8341291050919
-88,1961385916998
6,05418851869785
21,5497120807019
-31,4876731586075
5,28851197973123
11,9665951628341
5,72728473993096
9,99706696441592
12,2000657420492
-32,9693151492678
5,31139113746245
12,9199581583847
15,0397357971350
14,3995827400962
8,87532613232773
-53,3874126996507
12,6333717060738
4,92058248085967
-68,9537765616692
0,394056334877385
8,00841791851970
52,1181552117268
13,5597931367403
19,6176668531583
-70,6409234286211
9,24149116229737
1,53224742077090
-9,44809231370425
1,48865669332669
15,0194681955474
-41,2009421559381
11,5930771869479
18,8735120048306
-98,1001149642212
7,30451123445463
19,2611618162448
87,6150914380713
7,92360953904988
5,94269005028080
-80,9198582704569
2,85936201417751
17,3732096332255
-7,72740663500688
13,0985443930264
8,19138482421228
39,9175499928346
12,7296832810542
23,1770035486535
-19,9587218620081
5,18404294507977
12,6837386488129
77,8064450838528
4,75612024213089
6,14697479249016
22,4183485344070
12,1054281912260
2,55049950351181
95,2761556012030
10,1985719576230
19,4177029943556
12,7575547881809
6,36930010160595
22,4286220167420
-64,4578243986363
14,7975467433767
13,0326120811243
-21,5650334594020
15,7241319302901
11,0901561851085
-50,3631773109129
10,8153283437259
17,4612907246095
-72,9351472236002
7,57734636125649
23,9511127767700
65,4669316434777
1,77182399105463
15,4730907128052
-74,4604759900053
15,5426572135876
1,01824903198321
-79,2674319604163
7,43608964273625
19,4827855419624
-54,9139768995994
10,6802857129187
14,9341711417895
9,48784426687588
0,647930305571698
11,7210947340516
75,2874367156230
10,1457575513777
5,92089635143171
-33,5975936562722
11,3665516970405
11,9474396706835
-25,8838403335696
7,92041571869695
18,8178799221969
57,2209022098807
12,0287283101043
8,64279206477806
0,0193247455599010
5,68727797817980
22,6292223679583
-81,9188901182441
9,07313693128730
16,3381312030999
-32,6147651602202
8,01877466994824
13,1542766542837
-87,4108750389331
12,4162094575169
14,5637474503063
-30,0229685433793
10,4951299842195
14,8554836052427
40,9630072827892
12,1333940755655
16,0166276046263
29,4832559090621
12,6701719603403
3,23065996457213
-71,3241324558114
0,261641546792927
7,03996497341865
-95,4595576068433
11,6410443625472
21,2678969384593
-62,2670313761494
10,0431324894457
4,70953599572412
0,408273764851641
13,3119776556582
7,91819304651849
-58,6610811173076
2,62269927975438
19,4066414005760
67,1949105881330
15,7231794793547
13,2703158562657
34,5928657578644
12,9319376616758
8,96810982681227
-96,6456517099415
10,0845223941499
22,6228420475169
-3,53149552056042
11,5780631002857
1,59491315150787
-76,3060176618019
3,88244326826530
19,2991664136407
-66,4231712668022
11,1122013836855
6,17821658068392
-67,6934163320259
9,71981405432775
21,5084492010949
-29,3888815791190
0,203884822708389
8,40996057677445
-10,0229438553997
15,6243805718961
22,9688042975656
68,4595311219628
14,6125810512571
9,26426186285494
82,5202231246926
7,67936717178840
23,0096914889922
52,5370270512711
9,75227955451781
9,25207876616442
-95,4624771415872
4,82593232600173
5,24067518781196
85,3217344284939
12,2003593998513
15,0460901267745
14,4754541506646
5,31615660924551
5,63040787805863
79,1439150344775
3,89214590462704
7,82437044777243
76,9273243651077
6,12171452616975
6,01960844059876
53,5624507517848
0,943545797119510
3,64463146758646
-64,4785930874701
9,47222534820604
9,39105087968499
-8,11108079383092
4,33270546437977
15,6914582785832
24,5221883270444
2,28482978524434
19,3118868419778
-5,83648380648711
10,4021301906237
12,0186149484225
-1,34009543389042
14,7106709783529
1,30343340794267
37,5778847019068
14,7877272833337
22,0511861470559
-93,1682088013266
5,21709842484277
9,32828966204144
-81,7599405208241
14,8985087356946
10,7380415668270
-99,5025723038722
6,72623949303121
5,16361331349992
64,5528510317635
9,42372278743176
17,7436517261852
22,6813924550811
3,50873850084757
13,3756219607833
-13,8407633292355
15,7150171872785
19,4219194893824
87,4727976839567
15,6828949343706
3,61268899440266
-94,7626016542341
3,88183157629904
6,63982526737946
-63,6597949985986
12,1851865633696
12,9306981414458
-14,4350125594416
0,644214383033862
9,80772996338160
-55,3727910963289
9,22963993489952
3,27189562655422
37,8387338511116
11,2133033116954
2,72776824449789
-38,3807635695543
8,48288361054120
2,95096865716652
-9,98608268303494
7,83611331640402
23,6721128106303
-71,4104925883634
3,83106549650198
8,18284176655675
62,3823581641616
6,08239397801970
0,940189386645947
88,1208107624588
3,43790270883314
9,95469808764934
-97,2561717247954
9,17401639187252
24,6081231612643
-11,3254766175838
15,6309697593729
6,15949493128010
10,9545395050315
2,20718557085921
0,124309632592809
-35,5497637788209
1,73916457771361
16,7511004000402
74,2529661746409
9,59194183320199
6,69146753694854
-70,8281434617885
7,46160551748810
14,1469806562319
88,8385957523481
14,5164557366603
18,9773145661609
17,7029620397114
11,0158899550437
4,21661232780123
30,8107904025603
0,258982086312026
23,6059480160784
-66,8229298673055
2,94655273024830
10,8740432145696
30,1708542328926
12,7681105509258
1,30722719814518
93,8010391466487
14,2531061574394
10,0665054904809
69,3769003890860
4,56903594723014
21,5763433053575
6,36409528154682
12,7799984375395
1,25479861486018
6,06456217898383
14,0189868564524
1,22576730872382
-6,10358592929570
3,02735166895164
7,71439336535650
50,6167764075346
6,40593381243411
11,0498622201998
85,1858610684405
11,1821481810018
10,4641995449391
79,7755200462647
10,4130499880942
11,3748581474813
-29,7907308970698
2,14594081672108
4,77750169071275
70,5629414766180
11,4399903364193
1,03096734451521
49,4586121570679
14,4213078380005
15,7113802220373
-54,6604088568002
10,3480148241036
19,9084821994125
68,8313286515221
2,35692270782564
13,9958830558958
-54,4367874995140
5,13006022800058
17,6466651539951
50,7609635300111
7,73131341307463
5,70917662833713
-19,3565188957632
12,6195463320419
1,84914479608698
-31,5435302112537
15,3493141034581
9,96001379944285
-70,3873533006901
7,63678173823388
7,89048473133522
-49,3336558371583
8,10346078134619
6,30555487852786
62,1535706491303
9,29919938247138
3,28753709770034
-45,4770564427957
12,1130652650769
13,7750927180031
-66,4549264892774
12,5229492520920
7,91288659903425
96,1396253784479
3,58065592543782
7,59723421501663
35,8494440549733
2,52006574799832
16,4670436420347
-87,7242573594889
9,37997221020517
10,2109476129776
-4,91792306483778
8,30468858394703
12,2544639360252
-86,0052352859610
13,5631527708198
2,55264794055542
-22,6694697261170
8,92730799679388
2,37399581251200
24,9444772417040
4,10371419848001
6,06006011289019
79,8824176175031
8,38055656339562
17,6747850169859
56,1452354696645
4,07375828187829
20,2073885954402
16,0233617894280
2,24888531522935
18,1750922307671
37,2193453997888
0,478678797242663
1,05494850579484
98,3646259793845
11,0620360679995
2,66586391807892
-69,6605689865133
9,16065194078483
24,9935385541716
-35,2554078655822
8,47334646755465
20,7914621534421
-76,3322496621989
3,11139743825781
21,4506681971836
-81,2353492369419
7,25074545174676
5,90926263465889
15,7677722655509
3,35094541768265
24,8209368407637
-5,72372463747584
7,63686489068738
9,64975655402404
78,7676791902286
11,5925334454162
16,3569671237780
-68,7691647248878
0,621916092808013
21,5277837505670
-84,5476828319407
10,0549000814553
10,3016276833334
-34,0160721412822
12,6194511919765
14,0825300535178
-58,3387169161472
15,4839710954585
12,7930671725109
-57,6559181735763
0,208378753139941
6,56820946254018
-91,9931531985175
14,4954286301910
20,6615776993416
96,5748209047273
14,7890772300280
11,2342619988226
-56,9877221958503
3,98834639093336
9,70972244387554
-20,1756698393373
15,4621865284515
19,7052093882089
-87,6766246649294
8,29969656628740
8,96049014787755
-10,6297730466339
3,85342200581726
1,63529140585970
48,0195143417174
3,56681577960195
6,03879145754638
-71,0185953944207
7,25049930913348
13,9903853150951
2,34484673497288
15,5248157843636
2,46742394983429
62,0533761181686
2,07306382058140
14,0808245157033
-47,9251454571486
2,57850925642816
3,33569082189558
-64,7840854769640
0,139308585023164
18,7209985909884
-39,8148525600203
10,6088216304663
15,3840060496228
-79,9067240890472
2,34746623664287
18,5717716005677
-30,5195599304735
3,20861117248322
4,13202018087647
8,32008486598874
4,37020852153868
4,62623070981095
-82,2189874464620
3,46809709013441
23,3369940785817
27,8875511406049
9,41258566828918
6,66723588468250
2,83910451209239
2,27101855336678
21,7709573333297
-97,9091188540650
4,92264318606326
15,5110847842514
43,5571426572447
7,93103495129686
1,77291725671928
38,7556263328620
0,137563326833888
21,0734783341743
15,2866805628805
8,68945126787804
18,2836829292755
61,6235586326742
6,25978807028165
14,3916462843981
-92,4306552519620
8,82499592275741
0,306415279848984
-35,9107967075825
10,4162825398626
20,0477695147627
-17,0414509211935
1,13699272810441
23,9505434963140
72,0759604831107
12,9773269288015
19,4205091153326
28,6167223448404
1,14999525094392
8,37900932730966
-20,9956944520645
1,69097567148196
18,4693385517950
-24,0354321052904
15,7097810695314
24,8025990285037
34,5357869833351
9,40673798123759
4,87233535090155
-84,9789739152397
5,21088801456127
4,65794235833364
24,0677648343730
15,9038022789506
11,2673369612407
20,4024858128329
6,74161615588749
0,729219620954858
36,2791340637222
4,20133401441845
8,07157210390308
95,2207563358509
13,7223593955559
8,17461616339236
8,91508396952312
9,56683374120362
14,2886074771263
-34,7230527654204
0,0348883971812608
10,1932891125655
28,6588141592163
13,7035974330985
16,6738941526010
40,1755072580474
0,143690998060185
10,7208707294496
-23,2168363373898
12,8974103054643
23,6107071742834
80,0507513599611
0,204488434022917
12,1698576552170
-82,6516793690887
8,74877937705667
18,5913563906799
-92,4275305513894
6,35412869516332
4,02454727212115
-48,0770283009840
4,61653067649744
7,49399899484949
-35,1744740333284
8,31951098527915
18,2551820783088
47,2562409468553
7,22013036823000
18,7032655729869
79,1957942424049
14,5335521376017
24,0768514579956
48,4511059558365
0,753059256782064
1,54620564179548
5,11891086930725
5,68403940958256
20,7767540268120
92,2061621652769
3,34121245400237
15,2354199865156
-50,4487041497900
3,00569712296554
9,36509039983578
13,0002233675913
3,28985517793365
20,7013568149400
19,6327951552631
1,84055020892144
7,09533455121641
36,4013856716958
5,57211106631442
2,31946264049406
20,2975419935577
9,96428592601229
14,6891614070243
-39,4191654421304
3,34522673953820
18,7639108321502
-35,3347257149809
7,05234225991696
6,23392655070319
-68,4701473810919
4,97718449316788
9,81381114355454
19,4201415180461
14,3790818559224
14,1823365007450
15,4775801448524
13,8612481154831
24,3276431504817
63,3401401064797
1,21424227846924
23,1777132575556
-56,5951401582382
6,59824137297115
19,9167000162867
-65,5072803783673
14,5293150265825
5,07465633292764
32,7242992398097
1,45434686203657
13,6694227141917
-37,6746312758575
14,8575074448009
5,68500351433520
43,8878163005521
14,0683071621552
17,0894950854935
-72,4530307814873
4,79717485962923
21,5582905891116
-0,282017101670196
0,0931191529021422
12,5984806495179
-27,8402106860541
15,9423303096064
11,9958132047550
-68,1097037833990
9,31551443655009
2,63558894614464
-31,1147447070102
4,40493717324884
20,8603846497607
-90,7807375892503
9,10873681600739
16,9229357738064
-36,4161899728223
8,55510180380766
1,88361909392835
-53,0328853089860
4,24516669172251
5,23807887489817
-23,2726053883740
8,28850989229111
18,2458448668121
-44,6294110200491
13,8566787137129
4,28617715815179
-4,68360381035018
15,5434166543973
7,49485956684541
88,9922008606406
13,8946704247183
21,9741918598194
-32,6904305911502
0,843399647889477
19,6385544206346
-19,1788291428180
3,73354717999615
12,2853537552030
-23,3146122835795
15,7295176013573
1,80964787570069
-32,2348972488264
7,10588427462223
11,8638262605346
16,5440692157486
4,57413985004632
15,2973757954822
-0,351326464530999
9,23310594719766
12,3301141649908
6,90531982966325
14,4434441452564
20,6560994512559
-62,3187881927255
6,45786449652646
1,23253800501698
84,8767919197820
7,29445368088751
7,56844159074864
52,3013258428200
0,142770563675214
0,204271632515468
76,6464891468317
15,7177183843202
20,6883579369562
-7,14162353571419
14,3858846198341
22,9959821564292
16,8892336118758
7,24556583093953
23,6744827906482
-6,06404204280184
0,0336172889228141
7,87250153592562
47,7537010967591
9,30332506933534
19,6386611787672
-43,5859506171456
6,96499652099464
16,0628156622843
-73,1679131266440
11,2727483586447
16,2420671700302
76,0220102904792
10,4170619086457
3,38923184000140
-52,5258600863991
1,99869093623782
22,5503773014477
65,3708124678245
6,49706031596593
20,5045330939234
-13,6777503361051
0,184465145007771
5,95196318697157
-17,5222131921934
2,96825898250087
3,66010564400140
77,5168513420331
12,2637687788941
19,9450177939907
-38,0028877726852
2,24199314032830
22,6256168421316
50,6124146331689
7,15428716199658
16,8492086879676
65,1907108361956
5,73421207783604
8,71223692999907
1,99086808118725
5,03317154165810
21,7660225962905
-36,2878964928413
7,16128077122680
14,2531527954657
62,4683633725776
15,7398569603900
5,38756118277163
73,8245250463793
11,3407826153737
6,18530917253671
-42,8352942612044
15,9192527730252
0,973905063238496
-81,0407357654105
2,13700947574504
9,15990901279238
-11,1096284769473
0,265054135181401
16,4470100579200
44,5462539979167
11,8571253448982
18,3192147064378
-22,3834571709917
3,03647655414646
2,02190321944000
58,2130855285489
5,68237124373705
4,17693356667893
28,2577131838429
4,51483993918113
21,4830319685466
-94,6269203793419
6,56244010900675
22,4880025455148
-83,1448133101608
13,0700615593315
22,3146445300925
13,8952255938497
3,33205817693365
6,77260672832611
85,2890407473988
2,12442683630189
15,3275373379052
-71,0587136369041
13,3952909644894
20,3956750020098
23,5660329847366
10,8978370070175
18,7735151931608
-27,0249633962451
3,91195782691796
5,42108097766765
63,3649232736782
10,2779218859844
12,0309283948887
13,6899381817224
0,995014429011686
23,3343735336163
97,2692789699125
11,4174289458805
15,1931093241252
30,6183714938307
15,9591165410344
8,87914247391443
-60,1591475527724
11,3988827145536
24,2579012911570
-82,9646621018464
15,3594909292621
7,53838843120227
-74,7175066571962
12,5603926147829
5,66266598324749
97,4037410176941
3,98527855915339
11,6928256824299
92,5199159197615
0,111113489563557
17,4813548995239
74,6552105357791
8,69417442945708
2,24670295919714
53,5468387732127
15,9600693813238
0,784198261505390
13,8111473352149
9,94474235232477
12,9755382240668
-88,9819365259981
4,24439445194608
22,0511784963200
60,2395385513833
9,71109819420796
2,63704725411493
-5,01577419020576
14,9473995895171
19,0086531558761
-11,8346597212665
8,92302044936665
21,1485522341731
84,7578018316462
5,50284897530617
2,24386785696637
-48,4310985609448
6,97961274989735
8,02139409671168
-69,2256119390196
11,8173390182836
4,18131908343960
-94,5803586187538
3,75053193884664
21,1860233925537
-52,9117057204362
2,83876622732168
12,1168441353803
61,0159108981961
2,51582106461314
17,5018747026773
-88,6435966540516
11,6464980750501
12,6489918493899
76,9306062886527
10,8160942324350
7,34474939207359
-25,3001309730401
0,769127113539321
15,7081361736245
-60,0724745389863
11,1594890324917
15,8862816602352
-38,7238637980778
0,304999036010749
19,2115798996064
-79,6060569376684
12,9800369239050
15,9931402798848
-56,9154040033657
9,25300321776873
17,3809248920159
-33,7501246255007
14,1294612257433
4,07808276235736
27,9259038440405
2,49754077803589
24,0944780746416
21,8934906040704
8,70873534935464
16,5445221176699
-36,8660970851890
6,19721981392510
5,88789950579490
-84,4979898221231
6,23183084497817