2,56635181549899
62,4558092747489
11,7822261795102
11,4898787711326
89,7358999755933
1,70106086957642
6,50754243002117
58,2748342681628
14,8586136282129
5,01177076118096
77,0078666282820
1,56646689600949
6,13727000434548
-30,4389054483178
14,8625960125712
17,0776841750371
80,5312107337407
7,55443446706536
16,2306570037775
37,1507179886263
3,60679996925901
9,66109187405839
70,5772612139640
15,8008269214893
24,5109656459271
32,3886920910883
3,16425606620156
5,08476820125930
28,7062433626972
3,69240082798168
16,0739235478662
-16,1315015741626
11,2683555229909
11,6888009506383
26,4046870365138
8,79487700380098
10,9833587231350
-79,7085836525681
8,38939684257699
8,09438036242572
-69,5557088256032
10,6367789219210
17,1589417872796
-18,2172936930024
4,30850051607990
6,36450239069196
-57,2711481839453
7,73773964760617
3,20428896907949
44,3084484070467
7,38550992544713
4,15981085249862
-56,9149230171391
3,68295160322164
0,458794369720284
-93,3559460040790
10,3972689908375
3,18397670544007
-33,7677119517060
5,18993029127711
5,40494813062245
-41,0315811688717
11,2916922144085
15,9890359965736
-59,5109767495531
6,76210685293847
10,9754033065725
-53,1629725339360
15,2820781449125
6,52719673477247
-1,65118894299505
6,64749419327110
21,5148736910932
32,9807037072639
12,2126684698896
1,73708267412697
-50,1970882794370
10,0369236012781
13,3244677049598
-71,8160479683000
14,3218756663536
22,3889636231776
8,74115889842511
13,5281394550988
13,8750940318805
-79,9280034148288
4,11019500100065
21,7933067056748
-51,2397968341452
8,86321859173219
11,8807009060126
-85,6909265062123
15,9486292297712
17,9570867964549
22,9503448795724
12,4128799472975
13,6358134537910
-84,2078880078344
1,41106017562338
6,15100456176287
4,66648583906495
8,76887740965803
19,6319304214919
-1,02606974857788
14,6958350963710
12,1238638835968
-70,2110327985161
6,65991525466252
12,7915801846063
-38,1958866142102
0,246369568946214
23,4138355782575
-63,9419709680028
14,7659844504692
9,44145615801282
87,9931610499426
7,53175083278568
3,88808260070391
66,5956911704741
15,2557236058744
8,50681945079398
28,0783507204772
2,48427867101027
0,725259649019556
36,3754704928315
1,52007545311805
17,6063545524826
27,7385633354622
3,37210064556686
18,2704868186389
-81,1830731980603
6,58019898634944
2,19798334736993
-73,0670570701859
1,21712465518707
0,291145808178751
-36,0438529461924
1,91572557667333
17,5727729293650
-54,5173533799310
2,84511583833959
12,5192784221703
73,5861773930027
15,7454964892345
6,00930709020269
-56,2751399831162
9,96370721259016
13,0931394931925
-53,7117405972843
5,42985583059406
10,4647480270860
13,3099715434713
13,5445560056440
7,08411053502445
34,9474754371912
13,9431342130741
16,1586707920509
-96,3650605429707
13,6413687433088
1,09539317592212
90,9792563119254
4,37548213822115
8,64619390325960
63,7525796226490
9,57203502264063
24,5000294344873
-70,6316417844695
7,89327440817295
2,07726473943513
-65,4856065776151
11,9687110893010
9,29160694594208
-12,8958826761233
3,56557858345203
21,7481972316931
-84,9996061137536
13,2620632864710
11,9706646482920
79,8396220249908
7,64026445802456
2,29942399424778
-54,5343254074820
13,4515498150846
24,5566722615498
35,6304543769620
0,134328391086227
8,69845090791915
65,9506819954084
1,92545176944184
9,91856381554301
55,0826104709892
7,49959819239856
15,5987954883732
64,9200905666997
0,944149854818111
12,9548481274542
34,6859678486327
8,69788204672052
9,88946069647504
22,9816029761654
4,59749618449808
24,2428221781523
34,4919205607861
8,68225357238513
6,54389172598537
-36,0328371010877
12,7361231585030
4,68407980536025
-12,6735354660849
7,82710403977131
2,99250336676378
-31,8400666602651
5,14807051826524
15,6953243282315
-79,8869517284306
5,86822959616702
24,0813146401108
-76,4433782790747
8,50590742165655
13,8959081721420
13,5421847711341
6,73623490352357
7,70429977812978
0,368621786399759
1,51797124009589
22,3709693241478
-18,9916135591514
5,51931546162278
7,90258742015518
-87,3728351739211
1,43477314968885
12,0774982708165
-84,7270635319473
13,3743695385469
2,22752498879787
-73,6806322490525
10,2332062729485
21,3398177185500
65,4128749744591
7,92038249466908
14,8156370049246
-85,4715920403521
15,9304959882377
17,9943436729260
-60,2548754324416
14,1655406786765
6,23508419456710
-9,90753479773860
2,73968901541347
13,7529046274689
97,6940185698887
1,25107396924154
8,80395407458103
33,3869044949012
10,1389649906735
23,7741177380478
-9,68825918482599
3,58507410611759
2,57553075996570
-87,3394190832339
14,7243282571989
2,99680975780314
26,0863891130395
8,91800497209255
12,6679914329692
-62,9178595228823
13,5308131841942
9,27102083374913
-87,7903842148460
8,02440186523701
2,53048820117058
53,9460376042893
12,7339251145540
5,67402431550843
-57,6611600940430
2,56592415137239
14,4627266190684
35,5336674190106
10,4366642917607
12,5395902468614
54,7079757586182
1,10810074984705
7,19079880318813
51,7589802641930
10,4186182622955
13,2998118752036
82,2541524773031
8,21949964372188
20,9744675817175
80,3399621525503
5,29606820805920
8,73363435910347
17,1945331913614
7,10642075480904
16,3975670672498
-10,4026940038347
6,63662981031463
18,7796203096603
68,0653026731898
1,51147616952808
8,68363267128681
86,0941468355015
5,33771765994486
24,7525409261832
82,4772815790319
1,52003553164581
15,0928655808715
-21,7722543772174
0,975814493381529
0,103657009237413
67,7439071354214
14,1988571327686
24,7943481356772
-19,4010998788647
0,113842003530516
16,9223891158103
-96,3227335438163
9,94707777478646
16,8879444300470
-16,7778337091210
8,11888811598156
0,583588404635632
14,6231603180900
9,89951543710653
20,5177450796397
-62,0478425181259
14,3449335748341
7,56018303894055
50,7153774963974
13,4758129199132
3,75319427181723
-16,9170314493336
2,17658636321937
6,99611891974961
-2,49982006367415
7,15602040110983
8,32947361972780
24,6360957290379
5,46423283409808
7,56835775857848
61,5116741384654
15,9412258973563
12,9528444570857
-68,9814734029236
15,7481553155192
19,7180965341191
99,4365790903547
6,74607209064857
8,43762935492782
-21,8957376066904
13,7299426166343
14,7876897512349
8,71471223143330
14,9891779574975
14,1328126281358
15,4450418818835
7,22654506594492
5,56083619131979
-18,7899835007495
2,27393557255314
19,4429750353317
-46,5387670600582
12,2342457130355
10,1220712605553
25,4053210761447
11,9652750756878
4,36864520462958
42,8450740533134
13,3223247371848
7,63778431322802
-36,7656608227978
11,7644201959449
20,0985989431253
-72,4810965586940
3,18460588183176
22,8531426578467
-40,1279959906596
11,5632256106957
21,5322888628756
-24,4514842882408
9,01847518320157
23,1591511478685
40,7839964828868
6,09698429796319
20,0871543278896
-79,9743944515007
14,6764186547684
10,3698283638436
-19,2185313981695
3,68650327352100
7,74243461075815
42,6095406479316
14,9261755468861
8,57871283833150
39,2607760040488
9,40254923096812
12,2633220637025
-94,3618914537697
8,07347019621599
21,1213975528549
-85,4223629747152
6,44102727798006
2,57037711521495
17,8456097093820
10,6854155858162
14,0813907950477
-45,3249087374291
3,93718262306047
6,33194266971594
-77,6542802631353
5,55411113041218
3,04352822417536
-65,8670324478273
9,80371028538010
2,64234946004153
25,5841944017683
12,3694054061912
17,3848176546229
-46,8880571246832
6,90527158042040
21,9593229741812
-63,0683144896587
6,00456875428144
24,5518979645759
-21,9075043654970
3,63876446210078
23,4654558884864
49,9997493480793
4,34046440115144
12,4991805351493
85,5504091654181
9,27546689043144
14,3914596327989
86,9064972361054
13,3501568362765
12,6672676552892
-8,20597207839693
7,45476153091176
23,7198608045181
-36,2050341642196
5,55251118006912
0,957194953688253
-77,8611468248226
11,8642224856740
4,46607718500067
-89,9212450966993
8,36305650032658
16,3431964912809
75,8137899164367
7,63351667073767
4,73946240570977
8,83461884413645
7,78993086980539
2,20939644462324
19,3933279063525
3,18161740045099
11,1566065861959
90,8198087542482
12,5414489000059
7,61371546492324
-27,1437730334043
2,65411102869372
11,9108535392666
-79,8134933851303
12,7128998948106
8,73343140852632
59,7700401181192
8,07829629930194
9,30121294580444
-55,3231622864579
10,6735856465212
22,1588090810894
-90,2253847308795
6,84596875150087
9,74848708978737
58,4848802858831
1,60904308807626
4,79326758096634
41,6848233371259
6,05853875015521
3,36884154115658
17,2714133356228
1,54307722418858
11,4847627972765
-16,2051266578861
14,5873390865202
9,57164568472360
47,3238577067883
15,2795684867708
20,7826614781158
55,7138124221080
2,68357786097989
7,54492118339702
-64,2497214972523
5,78380254242174
21,0903259475636
5,01954947576193
9,30161488449280
23,6283314796565
-66,0619205632908
3,65878249478784
0,0992406659778098
-98,1811715637981
12,8754265282159
15,8602834373477
87,4885396273742
6,18527437338695
22,8703069328118
-69,4266866229106
14,3905264332425
0,166693876318472
95,0383571353069
2,32115048173205
3,18292279502573
-0,218329688723151
10,2607115026159
18,0626715279979
88,3767228422316
8,66249968410097
20,1196775883400
56,1293605600741
11,9229479708906
20,6397129597255
34,1733441793317
13,4102793001638
8,20621518495489
-37,1658952955480
15,2139980163310
8,12199708837402
-29,6325606704828
3,93148554900639
3,84373589998173
-32,9872404315614
11,7822590445239
7,13758448489567
-18,4888777157535
4,20142954300817
10,2389518820292
-66,7304740613877
2,83361401935840
23,5791960696122
-64,2775636708592
7,24793275612910
13,4205226065797
-26,8508260615184
11,7693675483278
8,21367599792559
-3,53120085091125
14,0802884939669
23,8969988810536
24,4062691133458
1,24179306605322
20,5818480264949
73,6582272655947
9,20893791543482
23,8504497359306
-60,6732556064063
5,09462604907983
10,3662222003053
69,6666568808011
12,6980196199090
3,32068695718435
32,5378818583786
5,90335618354492
12,3445729164462
26,3072308751904
0,485695967526116
8,73536130381323
-15,5182701356012
15,4285053991132
1,30787888981252
91,7945321597858
14,5403789607343
19,0589446294056
3,30893424659169
15,0663473556974
12,2792179188752
57,0970515608072
12,5981509544881
4,20172188301111
-67,8722959149152
12,6450014509062
8,28067566028592
76,9414056185306
6,35380443889567
20,0758190365343
63,4685483611830
3,60828339238380
4,17783967069820
-22,9676794390068
2,19948948696628
14,5977247353827
67,0832227287371
4,89683256541531
0,950329314284515
71,2384086366981
12,2232171080048
9,89946277439527
-54,5901256627812
0,864976954553089
8,79570695222885
25,1187434448521
1,98763178567121
2,15426766822088
96,1284450762982
3,61629636223878
2,36984447841692
-20,1910771672187
0,509283655774503
12,8756185574823
33,8083621591350
7,15268699905092
7,73912769185547
55,4046210649195
8,72396695096342
15,8357539227075
14,3644397197579
3,90130608017898
4,39164937445305
-6,95519975967320
7,55784366167099
9,42856746719657
70,3140009287076
8,75472341007165
20,6317887047668
-28,7935201440788
12,0659953146424
13,0808124552006
-12,0586534293202
11,5318008152632
6,30009685298508
-8,44604092866719
10,1878789605668
5,48879381080519
4,65652822890190
7,12242315767936
21,8347934135389
20,0866717244560
8,77211747897003
3,41409895126865
60,9262402852364
3,35630228627795
0,424211969229567
-94,6277249210465
1,09270680834578
17,4078191534496
-19,1602994973193
2,07172243694338
13,4478093462357
-37,1846544650126
5,42256339119371
5,08933075743893
18,1844915775014
7,22463314071502
0,660824333584879
-36,7587135686846
5,02487426176004
22,5656602399676
-41,2885152711853
1,57010900438328
23,5075726143958
-30,6132777704978
12,0150869103811
24,6527693107115
36,1872334644592
5,59409752102088
2,59534929244742
26,7401736345554
15,5015148817998
14,0884055105161
-73,6359192909459
15,0572166223839
10,9832739939713
43,7088290735716
14,0545685205750
13,4456406257897
13,5800704577812
2,83182996409322
18,9202694557244
97,5820952153305
4,57817418458610
10,0318085667896
61,3629314076943
8,34645196297121
7,66087159121413
63,1700072030221
15,3970675457710
13,7094085910432
-15,5223148418651
12,2729666556107
10,3652868930700
84,9353983869703
8,44710608905027
13,2205505883709
-47,0390198562454
10,4924870066869
7,28765074951851
88,9126996601725
6,11047542106862
12,1845781346838
91,5812796461990
9,07754868100589
21,9426920602623
-40,8368069914364
14,1025732061952
5,90468636324143
92,6185535620642
8,01908296968729
17,9297418664101
80,2700157442157
7,46130716202297
7,76143871078268
-59,1637452311960
7,45262845133502
17,7258462358224
52,1030920502670
12,6108635175985
1,52278578085080
-14,6944545673618
7,42275104979062
23,9581953241791
-42,4681614346931
6,61184480735194
11,9067595078185
-99,0854821746329
13,4837195210765
5,62713051946126
4,95751839742418
6,16176678026980
12,4431110605392
74,4267181193863
14,0827598827395
10,0838678697349
-55,6628231206500
11,8998510337905
18,9290289843325
-21,4215044165388
12,0076385757095
14,6544935858017
24,5769744080887
8,44144596484060
10,6508690645890
-88,4377462678681
7,82420201639231
23,9562481893783
-61,8888540553334
2,28324259644365
1,03399778764229
-66,2890532080855
15,4471775916178
5,30658441079068
-9,08846159775241
14,1865233551924
11,1133820697218
-79,4051956985102
8,58136773692920
17,5384500187714
25,6730464970504
14,7992850351842
11,0482476090633
88,5440702627105
11,7470213138636
13,5275481485157
75,7260696432768
6,77177745906432
11,8179095504714
-17,1098573809245
0,269181674044287
20,7233994842090
97,1603784854737
5,54680644249013
22,1155334477618
-60,0359282237375
2,80943724652715
0,735079767862439
-73,6083708429830
5,52291639000387
7,17719043912451
16,2750843757828
10,9937854143326
1,94417282259776
-86,9123654339183
5,42788975523515
24,7084654261242
91,1983090014553
2,84442593962787
8,54003772653873
6,22956630321894
9,03554148924694
3,83758629382900
-0,310793251382679
12,2528166595628
17,7177257576525
-11,3279088989957
8,58971683162693
7,00168063334926
82,2833059952600
0,971518546633188
14,8561121905926
-75,8368048499781
15,2141421848848
6,00368418241220
16,6688059357568
0,943601605113081
23,4260471942019
-40,9554911229682
7,71119650989760
3,72805693138338
52,9811670708205
12,2550392268722
12,4135064944287
-99,9716426932349
3,41296560112637
19,0224338800435
95,9850185643155
6,97404617178922
23,7757858588907
-6,37903888996370
14,8589101832360
6,03125551741149
-82,2165725960660
0,666769013692198
17,1847652657754
51,0295854521383
6,34028553680096
0,408437195377207
9,82794296825964
4,26960735856459
22,8625216914261
77,1511699085019
12,4047890392466
22,6066640925300
-46,6045737024362
15,6212737023577
8,17853507546915
83,8846770067614
14,2029329321950
21,8099751355132
-46,4402717730594
1,75214439330939
14,6454934298188
96,0053548297106
8,79119421050335
16,6281450562921
-83,2093399893562
10,5737350239800
17,1114708660576
-80,5322708258299
2,69680158387853
17,1918887764666
31,0364942105296
6,82261711506803
12,1673267870794
74,5478283019834
3,53626877306948
6,57056527293220
-53,5807246069132
10,3079748037450
5,04365145715770
11,7587644177723
1,65197926875809
12,1129858480467
99,0894823881862
11,8446355271222
24,7939287791101
-50,8299325850456
1,81453467635400
11,3260074240551
-43,9550511329487
1,66365064551349
23,1357887204341
-43,0697179385033
14,5205965257189
11,4782069958396
-90,8186884510253
8,32516156868049
8,05094113845138
56,8148430644473
9,03977823427083
20,7253771618592
-78,7224412435815
7,62475901886642
14,8332728788081
67,2981346905210
11,8450351100484
2,86884331921243
54,5640040844416
7,21363424563859
2,06832126215433
29,4809349407977
13,7185479731849
10,1860724394992
53,7834463747951
5,83833038367584
6,36990415260211
-77,8969619373600
0,869688219527076
18,7713399116291
-49,2858784754334
14,9458182957120
24,6270751186874
-47,1910998753322
8,10482067750418
6,73213039811217
8,10781227928974
14,9650419874930
10,2285956883208
-24,3199290402830
5,58092764297578
5,49722282076934
-82,2111622790952
10,7824098108183
19,7374830294035
40,3841058202585
0,176134305814701
13,3058413002657
-25,3031851783709
10,8435343905563
7,75095580096522
21,6999722686213
14,4821045880098
16,5365875449795
-34,7421259954339
3,99169751759818
2,69080006170719
8,42688630424104
6,00914536297553
4,90785873424384
53,7432968369406
5,37422057736566
3,71707434340002
-17,3312929698340
0,950170927684107
6,53947080353535
-45,5932654873624
2,35003589165050
20,7686775026357
-57,3417393604903
4,48560526127095
2,94835253392385
-6,72860543113638
2,13249476094434
6,36837124866173
23,5033534949380
14,4948018471148
18,6820695149550
2,08687721889720
1,99153838494616
24,9395662905680
-43,9789984651564
12,0652838867586
3,65743015250205
-26,6840571223527
1,07391721144535
16,5621260303403
64,4607780816407
1,22779030140858
3,16666684851606
91,0763791932456
4,60960745522925
6,07057139555292
-80,0660129281169
3,59006274714620
23,4917501105074
-13,7660843739404
6,27575206173064
3,48179048592381
82,8908460903272
8,60324780678489
2,27696769030671
71,3465795595899
7,86157694275854
2,40118235829000
53,5288230910868
4,24899909961837
19,9226590652709
-89,9317060063991
15,0301835981848
3,47349800447804
82,9753510387736
6,81599460941376
2,56607152202059
-37,9453291152947
6,15302677966555
11,9324791228491
-62,6800593176033
11,7844978309540
2,04324733288382
31,0584289652846
5,73631655663708
14,8147053624454
60,7734906712698
5,90338256014192
3,68831328796598
42,1734038406626
8,90817223203069
22,6663896793715
72,7085304721127
15,1354030564515
8,73241899703092
-63,8077741468212
10,5466226624282
7,45009172379364
-89,8904242183618
10,1774480349387
11,3491412696485
45,1490527901847
10,7796760231908
17,1484807073289
55,8941129964916
7,52703759139258
0,894050606781271
-46,5720474257124
8,02700183252198
16,8025558836790
18,3028711455268
5,01636489873902
18,3081397672420
-63,6857801425861
2,02368239876317
2,84863607889544
31,7843130842419
6,03663795605041
10,4631106230996
-14,1745832738905
7,40292533881700
17,0230131671373
94,5125065003856
15,0673205769399
11,2369207513690
-15,6062798407588
2,00273577067615
8,88189287959114
-55,0657326853568
2,48803639763869
14,7152205192486
61,5788704997838
1,71246677151044
11,2562340097956
22,5398099596741
13,0150085803133
17,5689508698147
-97,1482022207715
8,71295288188048
0,0437564980756804
51,2705574265322
6,58482634300183
13,3064006362301
-50,8147828466849
5,50048957352935
13,5127243288814
17,2857900578089
11,9683664496211
18,5666899386834
-19,7499271503903
3,81904104210237
22,2345424158496
-68,7453799718899
0,539859199904786
6,28650658279759
39,6977498450232
2,02537018504507
19,1859148324356
65,2605974349704
13,0952414935432
3,19100850006118
-78,7996096065708
2,16034439352964
0,952167177509184
-52,8487841163653
11,3855660624782
10,1179375151290
31,3673496461497
10,4930434542592
4,33767097643880
41,4363909418884
5,43349543660908
20,3526926400697
-41,3561957010291
12,3390484694807
12,2723940878220
-45,9005673810536
11,5553223866374
10,0985746166257
-34,1438543938820
1,30343729979044
23,1285704464886
-5,25191501257678
12,7918433938779
19,5277113038311
-46,5794009130160
0,851033957483974
16,3954300025456
17,1025279641204
6,64622888557000
22,3801190157170
79,2400960893730
13,3613006336533
16,0415555295531
78,2392391981159
15,6196938400749
10,2053348024882
-41,1040115733889
10,6457588499089
6,96307440415843
-54,2717020843177
7,73278943490880
0,234036940488377
78,4845434098563
11,9205548687188
5,27755300671193
10,2214186876143
4,92973199851380
11,3935585241396
-24,8359028268703
11,9279224918545
19,8780466129216
-25,6633547944993
4,79379686375277
2,65641168141939
81,0191613525310
5,58684913863470
16,9266590778117
-61,0657427528146
4,43335422672992
4,18247632899008
-43,6182409641460
3,98305666448994
11,7596402826648
29,9449435884491
12,4330708546862
1,35470137886938
3,58540809943109
3,67922622415991
15,9462848393054
73,9853125505480
10,3023248124122
5,97553638473802
-0,971685956044688
14,1232509928071
5,32124604495517
26,6311680693188
12,2077291790085
13,2785566648816
-12,0324363894320
13,9497816184108
1,41039484627562
65,4326052507648
6,69737864310407
11,6857420929359
-30,7897226142673
4,24456062975057
1,00946900882080
-13,8389847769472
0,440321253695688
21,9840655381619
-82,2580039683333
14,1919305873998
23,7288099624986
20,9033123594991
14,3582582210200
0,984461430121208
-39,5382417964078
13,3801827978463
21,6743531670798
-5,71302332862451
7,33081443670822
15,7179407725849
-31,6551971949357
14,9756880284757
19,4297801223227
32,3251588764854
0,274317617772237
11,7216646097554
-92,4383530681487
0,960450455451086
24,2604496090751
74,9656144389384
8,01395339510719
18,5197716597052
17,8431904249897
14,3387299810373
16,1382692771156
67,3372449614874
2,49085770463060
24,1580230452665
37,4016739948515
3,65642243765034
13,8838663513992
-58,6875471119127
15,3570082618165
17,0944409697586
-90,2264349591775
4,34583325127543
23,9680975622344
-17,6081269538920
10,1835177029693
7,97269836831217
-30,3165560365778
10,2061209856220
19,1853310543118
-99,3751135266983
7,73883204432951
15,9208469438587
-68,5732730459155
9,76648043812802
0,543537114256502
52,1489496819635
15,0841097161275
2,28689658203040
-44,8322763327635
10,5027800967441
19,4742008899105
38,9289231499834
1,33007501634699
0,719183291737490
-63,4226128860352
7,50182370293366
2,89149969190765
-16,2201821046780
4,39524208457379
1,71653411312129
78,1573155255243
9,17543569461408
9,31414398841129
-30,5715823323375
6,27233908933872
3,04893538526901
97,5259522421124
9,75750256800732
1,04907659895017
-4,90689088995124
3,58351253047141
14,7626087347085
-6,67057775007265
15,7438669686255
24,5260553016452
67,7198227542312
4,45410104745537
23,1947442003467
44,4638204164628
14,4870743070548
6,50063494748376
85,3536116726320
15,4897180904474
5,76254713102400
7,16893728078176
8,91758661347753
23,3554386532921
54,0897023275492
14,7884227038296
22,8362248495468
54,9372524770778
2,15419561558105
24,9493605120409
51,2496732752176
2,82097055249457
16,6376052339132
22,9428053260136
12,4870759814567
13,9057323216366
67,1766456721866
0,600757211144435
21,2594689300454
-44,7254923883715
0,522995068426500
18,2027439231243
-6,45434088726340
1,07926648376056
6,05226254423519
-31,5386996819667
9,49204194404484
18,1233350397505
2,09355549375290
11,7646070279230
5,99401250568637
80,8654807134370
8,84076666083389
4,99471498830591
8,94792514197638
7,45948118990600
11,6009267322142
-23,0152411006620
5,49813204721744
11,5004085924594
94,6834888058288
7,97660138803447
11,5627784619663
-98,7158312494914
4,54027878817981
11,5322579547516
-51,5794610643396
9,20999843081770
16,7765722536930
-67,8792012421874
2,47578745515170
5,75667066977168
3,46982166428629
12,9817345239819
12,3615989453784
58,1752939601449
14,6061420408388
21,7682775929108
-33,1913415645539
1,35818949516852
11,0254170731711
-42,7357981313222
7,54111403796082
13,9614815353548
-51,4116428381727
11,4832972410705
0,597321010372406
91,8686495780633
15,0284198764126
14,1267640173082
79,5873035377585
2,60624043094082
8,00928372636096
92,4678676114985
2,20206950846828
11,9975871694642
50,3193305855280
6,64282491659484
23,9545088511354
-6,87404195225432
0,244686210752382
2,14309785074741
-99,8866878141702
5,21601867987670
23,4379279836576
-37,1274273125595
5,40272076114086
19,5690655081076
-69,8696942953538
14,3692751154545
10,0294615181193
96,8670855737083
4,40921371891281
1,19567927202713
77,6024904923739
5,16758063110963
4,36836226014763
70,2788737340844
9,38015757286398
22,9183935595069
69,4083148185197
7,36348811823827
15,8011900718944
-40,5961599527097
8,22195069639917
9,36326535294712
81,9151903761330
5,76441204132587
7,96628044407329
-40,1510822624182
0,411187502147472
0,222412480523303
50,0374014295085
14,5143062854739
20,3359022621135
14,8634320602091
1,75245187903743
12,7357198095413
35,8701012932112
3,34938467431244
16,5676822263956
-55,7697041588634
5,94489861175322
24,5975820802819
-22,4683835333138
11,0893717411344
23,0367918026842
77,8133030755576
7,44013638937974
5,11336259800243
-85,9758542888764
3,71926620672681
8,40013594721077
-36,9554691493624
2,85513701071557
8,21440247357436
-83,5378761698282
5,14073693367045
18,8450160402930
4,75573921836487
4,25629372768932
4,91785798252421
-18,5254436906819
9,67408836691418
7,74141051159183
-48,2887367122389
14,1443634287504
3,69005440436144
-98,3284255583940
2,24872568113420
16,2616966893081
-7,19939482381062
8,56889097524787
5,46267988447734
-70,7677959215506
15,5114669450850
5,99479379735455
-55,0961850704571
0,322803971539091
4,03440350170370
-92,8283634123306
11,0990763999976
24,4680466478926
88,5078473779911
9,21359667528359
17,8145362130245
-33,2155792085698
2,09696797719386
9,73575359218500
72,1406284788295
14,9930062951992
1,98751585294369
-99,9374497950813
2,95265184322309
3,40427294136425
-47,3055747424553
12,1704064192790
18,1331128705835
-92,8038017135655
12,7268787994590
1,46131596356708
57,5967595571476
1,67070249343350
14,9270368846953
8,11319322390709
12,2317193318797
24,1722026850076
-26,3077846362126
7,31201934896591
21,4036895528987
-90,7115835167708
1,79720972565156
12,4938062257446
1,95664031372937
2,24696512870607
4,58969462974693
80,1999864944524
6,37733208465677
11,4469944693956
14,6285248240175
0,206850374175104
1,11721471353070
-99,3380958650055
1,05767960380313
13,8201602183939
-92,2682810480179
15,9916906982986
23,0389477626148
-40,9016870317208
4,88466291898817
14,0075447345395
81,5477039519516
6,38098991171466
12,5050850342017
-62,5986913876478
4,79727327847203
17,7122498333971
-22,4214354087258
2,13973304617561
23,4452928472873
-7,06606857542456
7,25752269961269
3,15165913212373
38,8579809408972
15,8359405385750
24,2062967653229
-50,6030095255299
9,21884230017703
12,3090450139397
67,1142857221326
13,0980892927441
4,80590823447913
-19,8530105190978
4,51043488214779
14,8744445095185
15,6007281009011
2,09628267725114
19,3165243408805
-69,1887336477765
8,72624984917909
13,7773155885487
-15,6609099495252
0,913530813446531
4,25917629409620
14,1234229434371
0,528916353192992
19,9472247243540
1,15690038198708
4,51863609409010
1,91530029898959
69,6732497364295
9,95983435769971
21,7777283405226
54,3596425341923
10,8762432080188
13,3994306434078
82,8697232909985
10,0817924167674
1,57288802992904
2,85956325393886
14,0037064981126
5,38052449515482
-0,367126021141662
3,93874246160287
16,5569887631460
-27,1504863444953
3,24103010202887
5,58186747085912
35,0052502604878
7,39290662035921
16,2068303882616
-43,0046751391203
11,9256460724970
2,90900319656598
-26,0621463666912
2,65270118322398
2,78039467744610
-1,32408551581433
11,1268766124444
21,8605543801980
25,7364421571165
8,82797405256713
7,97297374077663
-2,54700971342470
3,98178262489876
24,5468024311989
1,80646080599296
4,67303387845189
24,3768304048107
42,5992887944531
13,1716574392169
10,0373746964857
2,75420013359553
6,30298990269352
24,0826753320659
84,6980383324483
4,98269475328503
2,79531288445191
-72,1803163060486
8,27228734184694
8,00724379003066
79,7062946653772
9,44684490852328
24,9258886239971
80,3930799855804
3,08550526318803
16,5490022818777
24,9626437545573
11,2472080233693
10,2432638866459
78,8912277659577
15,0375344878588
5,28171257366309
42,7984881344033
14,0193012157916
23,8348801540155
94,2141167951112
13,6854745923370
13,0824488074450
-23,9779114786912
3,03661740285140
23,4457935017631
59,0253392218838
3,46719046034871
11,0848501184686
-28,2021972503398
1,47831180628323
2,11349000081530
61,9654187793042
6,35286710594482
5,86230073835923
57,5580068731913
12,1875218885781
18,9527687710041
-94,9558743526985
13,2283340865760
10,7688171404745
-54,4340601075766
14,9615440293406
15,0078502298274
93,9576277421885
7,84070724990415
13,5505061438970
32,7740738870239
1,47376166221278
17,9760680206704
-54,3222059201173
4,53235912137283
13,4691181872549
-74,4787362315891
0,408583352804044
19,0070179122539
46,7606627624967
0,853271548540635
24,0190079446205
30,2182467494357
5,87260946503676
14,2017355099694
-31,9065942186965
0,198548494957540
9,84546397263698
-59,8432142738415
1,84378765850847
2,55507723340943
8,20706257073742
8,68651153870035
17,9497571099132
10,0102359864621
11,5608285084260
3,76335080637356
-35,6638340738860
10,0787336472380
6,50604403447207
-88,7676499072716
3,37282291975174
17,4953751555124
27,0500172381100
8,16303753947099
14,5604629524674
38,2894707435535
15,2008430700385
21,6755052323426
-66,2488343389518
13,3504405256482
8,65579424482104
6,93514762730834
7,50023907153062
19,4826077518930
95,7206432443479
10,8124281966750
4,45030286166387
-36,1049606814900
6,92586549736669
13,2142232781679
-80,6439229748239
7,52963435812060
8,92180321020104
-51,6829980801316
14,4136823786668
6,43395001982484
-15,9269466795215
10,9614814770163
17,6573971324279
-49,9275312496558
8,14173041339641
19,1414415085223
-52,8742187259886
0,554166794034531
14,8862696376779
59,5404200668582
5,50505942357558
11,3460726116101
65,5833104246413
6,06422900955016
24,2554274501034
19,7573737334123
4,52262859624292
20,6592978027080
-69,8167100603452
6,54579594635179
4,99999671657191
1,91138412481691
3,35660854518344
9,40595429486739
-64,1822081162816
1,96317325198558
10,7912262259264
1,50705995790683
5,97623567711448
22,7861844256725
47,6278712266630
14,5362682319852
24,1050510521462
-35,5689498143627
12,5679022661071
13,7148462202763
66,2052256187570
6,45089517590131
8,49865248761500
30,6304832915468
4,05559135532282
22,1196950008943
35,5581705792644
0,498793209778032
17,5288661111006
95,9290023983108
13,9827748964092
24,5864542470785
-92,7461474767468
10,2410040367669
23,7400880886682
-34,0622645868956
15,0324615481584
20,4076187928868
-72,6682000349136
12,3408174507126
11,9685849999606
-31,3366580485255
11,1206789216741
14,7040738269760
-91,9526354092042
1,54638052741080
5,67722840414575
-49,4687909531084
11,8594707943781
11,2013633757929
17,1336911089896
1,61108898558542
13,7297404038060
22,8719383694901
4,81290574328507
15,7300068870459
87,5270959017138
1,11454646436923
13,2985171062201
15,5247668239810
5,14657672415482
13,6229251639368
-42,3993838042899
13,0013545028326
13,3647204453789
-99,8480165183461
12,4513968783621
6,49848109603738
47,8610253128264
11,6925553304369
4,19233231703915
-71,8112711347993
10,3283335702206
18,2914667062061
72,7774502056868
14,4316881785463
16,2396029151052
-81,1768477831899
2,08665260686022
19,6441355493113
12,3732521679731
6,17643573543273
4,88658642873812
-93,3938819550883
11,3790781658064
9,82727560987054
44,0046422788640
6,21301096349301
5,73522785852694
-39,7227382137541
11,3992197693795
24,3363247896730
93,8260549234687
2,31573021119665
24,5074836839766
68,5992920395310
15,3960627129616
24,8599783535997
-83,7548117846636
15,3389921159956
16,0290301417281
16,9290031686611
10,1861058169231
19,6377144254598
-24,7305221422509
5,36737166815600
0,879801264602126
-58,0648940517903
4,61360314428125
7,95648602471239
-6,72045829026973
10,5804742108961
2,21522166904703
-41,5526518582950
14,9076104255713
15,0511428694547
17,9850060722947
5,52552605483716
10,3080109321070
-3,20268140285729
6,74486351349848
16,9651265800015
80,2072618848188
8,69527680611761
8,75225538685246
-47,4712644010639
10,9872400030379
0,0587542997155524
37,1893205391293
4,65939374785905
24,9436981937192
90,2485334485950
5,43932548325268
23,5445965690095
-38,2914303887492
4,33660307819672
14,5661211317909
-37,6008036381802
12,4248016723183
9,37342057385892
34,9331793119189
4,48252082804637
9,78969496722962
88,5642396237231
12,5866293390105
14,0506266835211
-76,4336157934926
12,1803040632489
24,4775441937593
75,9506723007920
1,42905230952025
15,8225197738196
40,9014730650322
2,35373343768111
19,6075051516506
86,1239277485578
4,33898382274818
23,4743684219770
-17,2797415916094
13,4718048134301
3,40352572863596
-76,1351432380163
3,61786981369941
16,3736105765930
-69,5027814275914
0,629247765458649
18,7330219171376
3,10933891790959
11,8476579205813
19,3905110709596
36,5356059247676
3,53077229807409
2,14232039943601
-27,2571835048034
13,9630202062158
8,22945314728351
72,5048416149733
15,9944397312800
13,5109090265213
-29,5956230282049
6,83558929855939
14,2900657494091
-70,5017702184829
3,92135748832371
21,9492743870172
84,0222116730469
1,10157515434648
0,891807077473583
94,3581448683369
6,91127527707804
0,296599921616386
-68,4688573769179
5,17504017730746
4,90059499999542
97,5736773411940
5,04416130979026
9,07273058919160
-79,1747818952338
9,51261823730732
3,68970316577686
30,6954984612933
10,3071737719735
4,07979298429007
6,46903973276356
0,557357209034207
1,54666108245156
-98,1089497397378
11,0037828004365
8,96287227411174
76,1157448500316
6,53730824742784
24,6542141595456
-74,4739363265705
9,95856660850114
18,3321946176569
-33,4482207078912
4,58903552168221
18,3035989336212
-37,9412607985044
5,71091855433502
19,9670499081557
-73,4956639027109
10,1860893509778
20,4180732277156
84,6069911198626
7,97474345700087
16,1750806953528
-35,9591616971341
9,01571613138935
2,57600496957846
53,5821663537180
11,7176432734692
13,1556380958585
-87,3746492110069
5,60531429816682
6,93486354095794
-75,8751637443383
10,9124436853797
17,8659215405533
-63,3668245335201
15,5839955654782
5,71203476775514
89,4257385203321
4,97394556905949
3,41134536986906
-61,2058401990151
0,675466752750204
6,46092137658052
19,1624542201940
6,80475088899299
5,49871911969091
67,0510100918199
5,36899839616708
13,4615295171743
17,5819540433552
7,67693557112472
16,0038702394729
-25,0560288711026
13,5860158217198
14,0332634142355
85,5115886757525
2,89914675728679
24,0428218656189
73,2800986676945
4,09601969232002
19,0713836906230
58,3988337776823
0,200851387565216
1,52014883443235
-7,85411456540874
10,3717739745441
15,1994937815378
89,2746929637390
10,8514650543134
4,61784047970424
-0,0152933239483399
5,11721947764850
12,3617042957358
-96,0199651347172
14,8545762584857
6,25793080297230
-39,7658901138366
6,56121149450182
10,8113238545573
85,6533836468951
4,20212326366141
12,6568392474326
-52,3480474670715
9,39662051581066
1,35513833492402
-48,2109715365050
2,92262266850528
4,49024022816647
20,3079307604069
13,2366437740656
11,0096178232761
-32,7619026358241
10,8506465015620
8,99047432571682
-5,18693905819501
6,20444657226876
17,8814350955907
6,07289320821223
7,20290517993793
20,6795774510818
-71,1802416053801
0,499340163645293
20,8826084172419
54,4117410285014
7,21836168760558
19,1723885777541
37,7774470708119
13,6224857125243
21,3477846727714
74,9311635880959
5,00800586829623
20,6460695583353
64,0238070263967
14,5310564244522
21,4497183302540
-13,8477852783620
6,12931369238106
5,21530670100152
-72,4777489004991
6,64713001802536
21,4633233150408
25,6666643034793
10,7232063403801
0,769082462413692
79,8445196546826
4,61567466756459
1,14966020426576
54,5065582104863
14,9465855570388
13,4458095215157
79,2235257372477
5,48264486202545
12,2357179122439
94,6706926530855
0,127918028910580
8,97045757722552
-53,9565192942002
0,955589448936603
7,85366155197524
94,5746112346689
2,10543482794212
9,78345799647763
-69,7575710525055
10,5212498353515
5,83010424655586
82,8165725091422
3,00042653072232
16,1541685732011
-39,1893212499370
15,4142676420556
3,84351660981661
77,4974275080715
1,33894699082272
8,53198912711494
-82,4669203210572
3,81800093796577
21,3098096604651
65,0286733177326
1,80831718432372
22,8341164117062
-37,2656596493187
15,6360927731844
24,8132680339642
25,7983006721508
4,45576188083281
8,29559406549195
-6,51295879620828
14,0317919703644
1,48446346010025
79,7542829888159
12,4149622366534
1,21731195626088
71,3316911246782
1,31219851562431
8,67269268186776
-92,3689192245982
8,23688755860322
4,60030626102945
54,7848554905664
9,57073897253307
22,5230041097383
-5,45084071872442
8,20746534398175
14,4268971249811
-67,9783117616085
14,7159832753294
5,70040444254050
46,6560731745090
0,472111500439889
0,241896535814323
-90,3837719361482
1,89096838677320
16,1470089877091
92,8344992090033
2,35171559749912
18,0968908196758
18,7140898858956
10,4615776203725
7,80444870803510
19,0938278753326
9,93255711655896
14,5149440111549
-86,8227570274267
1,57231945754901
24,9862094469334
-19,9111973640386
8,82589813287133
1,20498953741208
57,0082457762764
4,97975780802193
6,99384148218265
70,8162893688413
3,96475703586922
9,14830732623539
-30,6963896138949
14,0051864664025
8,94675738220533
58,0904847705784
3,41618101353496
9,65681357132208
78,8892345339032
1,10733499189560
17,3928648716594
73,3289570253825
10,5960865185852
18,2826894080302
38,0851740008620
12,3061902748538
10,0111884476595
-22,7032952688265
5,48172193441042
17,0321741805150
-53,3971237507970
5,01678154547813
24,6205137641984
52,9051869153099
6,90046538763030
7,29226426446567
-49,0683973970480
15,2816400544629
23,8304866067403
-99,7966532523228
14,8136332996861
11,4752665814144
-36,1721880386384
1,95260811426395
11,2253579765062
77,4947938708752
5,38460707007363
5,99324947168118
85,3439520293659
6,99130915650887
19,5860646218394
-7,72701822293862
11,2389979117330
20,9862578704689
21,1142485285147
1,03822908416210
11,4313175717664
-34,8279098148784
0,636480163759943
10,5325939904230
25,1522844988692
1,28714025832803
16,0351192720842
16,7115850407892
2,88015292617308
17,8797542272663
-97,5102158293931
12,6364559015799
20,3586129693928
-96,3979782617746
1,27995016168902
0,787776599268739
14,4823261747195
5,88414755216509
12,5769791060889
-61,0547009333787
4,60146684404572
22,0051405591946
-14,2940007427583
4,54648578508550
11,3922306273678
66,0853761025988
4,23367050023590
24,4791469921085
68,3099900820879
14,8859366575991
18,0682799870061
-4,96548437857176
11,2078308833235
17,5387595912189
-43,1918475443485
4,62635742861488
9,24929214504211
-6,38368025093656
1,94065830511759
19,3078434744651
-92,1298352182088
4,03808407065451
2,39095097431969
-96,1704588716404
10,6627034570461
3,61455370624943
-17,8855062494515
8,61416581287070
2,35262152772364
61,9036604574832
12,5016336110249
15,0907135424109
-43,3645332700094
5,67917715547358
6,18031760885924
-9,79844351626156
3,78888736451576
18,5843331784213
-43,8613370058004
10,1899641315663
8,41622915087617
96,1660550385926
6,72499326055270
19,0087152096708
-39,4647657868081
14,1839128291203
20,7839395828270
63,0328656032936
8,09983005331737
18,7406314032060
-83,6877831513417
8,64374230904616
8,06470956903906
79,0118857379187
2,68944322691731
20,1407752941549
-49,8770500819922
13,0050674823609
10,7157747144770
-49,2854811214300
14,4962633339096
12,7580617235052
36,9626441611356
13,5535720027291
3,58134812369362
13,7977997034543
12,8860692679376
23,1297489958424
-57,2476188262358
1,99814172491610
11,5050997270047
84,0201688228927
6,43256249506980
6,59628272809947
-68,7260042878589
11,9618200122198
19,8886239509423
-30,5579748020585
12,4685079214432
1,48578413026613
67,8421192609171
0,738477327422109
3,89443719204766
-34,3173770474149
13,8679448089334
15,9181724955789
-4,30794369039340
2,30181484916844
13,7245680535918
25,2750974723136
5,70972755330089
21,8570495864505
-25,3183249791529
13,1372011740052
5,16275880163553
49,1167997097894
2,65854343854273
3,29420717121065
81,2592314947586
12,9399304544501
17,9579034109212
96,3436786562456
10,1668595359400
7,08426800942121
72,8213339410814
2,21798940245072
17,2846363406388
80,9982348879183
9,03065195013909
4,82767309997885
-86,9907616708514
9,52486694962724
15,1106789487525
65,3520106079314
15,5324624889533
15,8442697318580
-60,0300789597813
6,93874831515020
13,0106161613699
83,5367771711344
10,4499530949171
7,68478881113472
-10,9490268432077
3,57463295535145
8,51808389866778
14,8689313540466
9,70724970800412
1,60326045135049
-67,4985044169917
2,73866502458263
16,7370286410764
-23,5123954656046
15,3107399130241
17,3227079076859
35,7225037079035
15,4980759166933
9,87160560568341
82,9225316543679
3,09460785951893
12,8297029024378
-65,9972684752992
2,19082245637612
12,1548884281693
81,8101602705356
7,95179098559744
0,637528113754302
25,3033689041020
7,24131194396247
7,92134544354403
-18,2354528104471
0,753556803098325
8,89898045311454
-69,3142871080695
6,61429242128711
23,3235189562865
87,9322730329937
15,1133169700206
6,82951305892365
45,0760349256963
5,29599187908656
7,11776964052397
44,6614128381588
8,99915461097497
8,91252483533460
68,5012163341122
14,3417762396147
5,18789109887252
40,2107869487225
8,03158877340027
21,2455942453473
-86,8240974338860
6,28186976381826
21,6826085314406
-49,8282995577454
9,17841833075559
13,9003836527173
-92,9439394469399
1,91571691675197
21,0229503668979
-83,2673691418601
0,771603168690822
13,6136256033313
60,3959050026372
7,76712842442541
12,0966155247021
-88,1804354029851
9,90150951480526
15,9256196939954
27,2535776796359
13,7726825505868
19,8008373461128
50,3056615569073
9,56749564112707
20,0915733136382
46,3415987582857
8,43497263483600
10,7652630653528
-86,1540750477734
11,7053925016401
17,1991413569251
84,5261970145166
1,10305938494192
7,53859960789527
-91,2330878755702
0,354202869313838
0,0284783735355951
-2,85328057352661
2,86253898037769
0,212814113069134
79,1717374308701
7,72060196729179
23,3677999418342
22,4730438922585
1,75370782530345
2,88129785208175
-28,9678658118584
10,5035544067100
6,36271965264360
-12,7208071150956
14,2155631756285
21,7724083121972
69,8359245580921
3,01639889951556
10,3451904400866
-83,7588157895585
1,47907593337761
19,0988691469660
-68,1577667337551
6,91159825787774
6,86645432884736
78,0624996572285
3,50626055357248
3,94184680636132
32,9483067198652
11,3329725559810
7,10566917034968
-52,6762182540152
4,72266395039321
6,25602734545323
59,7876035983686
11,6331776975812
2,56296072996608
47,1355025889759
4,10293187212764
7,64493626941059
6,41831441890561
14,4944185081812
9,75193456735617
-81,5586599446465
2,23839993377425
17,6674457547251
-82,4516014700313
11,0248340206589
6,65013715125188
1,27757594690703
1,30516802159505
24,3245462042659
-77,8061451466354
15,8432785621056
11,6497906208986
70,7222210210282
8,63949245271929
9,73683768779330
46,1856741208613
0,926969036841726
9,15543925405859
90,9452605671124
12,0900493446884
3,04431904286319
7,73127711161383
0,540011997155077
9,94486856905349
78,3676693020321
14,9623504151801
20,9691463703012
74,6781418002511
14,5216840869028
23,7057289152856
12,9262017678502
5,66634182876213
14,5360473344370
-10,6511884109691
4,68753968078409
17,5897131725631
-22,7149400247422
14,6763335408744
6,12093696788042
95,2822355092846
1,36105109644937
23,6306648725934
-0,447834489755361
13,0729434618225
6,81755314704768
-2,29706039246742
6,62168052217598
12,1924089345614
69,7663241250211
3,91440264320713
12,8083450608725
25,8112085413494
1,26832330220939
7,43442552652547
97,3979706951506
1,59156026319632
11,8393670023717
-72,1796995421557
1,53556919383825
0,241429304588415
-98,5638697408632
6,16515078933134
11,1365904322961
28,6147874067555
0,574613887678799
3,36712594596937
-61,1747629389412
3,55343568534508
24,4065967345235
-22,1828016521421
13,6887280158699
10,5939558493694
84,3712935030784
15,7481210496079
9,87469466433632
-42,5256393083966
6,81620000028119
14,2653149253637
53,8851626322566
15,6593843291238
2,13577474937044
-25,2700091587800
9,71920577647183
6,51723264901289
-77,1979396676818
10,8811892853899
0,305534350492717
-65,2169916965216
14,0683993481452
17,1125603212024
-42,5263686759594
1,92369507057721
17,4936995386283
-43,2358453122853
3,95795427426835
7,82657123020890
88,0863954869598
13,7046990661028
16,1916572689669
1,64734200445420
5,30444123059834
14,3593506821986
96,6298296005584
11,7071063653521
22,4210121741207
-53,1028428719599
13,5115516115851
0,578145013577155
86,6703129255771
4,61013102287034
10,9084418524376
-44,9464806851751
4,15065384632526
24,1743277329012
43,1766553405637
5,98849420081174
18,7262628639490
36,3488450464116
13,4205348659865
12,9679197668705
-71,3117405571931
0,157328803446427
10,8049736301899
28,5958693591053
8,19009711392025
23,0451058573720
-63,4594648564265
12,1560346387929
7,93189689376364
-26,6916793638766
6,13276187158500
8,24784279640682
-46,9557948910513
4,30000896370044
10,2790663875931
-51,3499348136689
14,4545732708887
0,176519291894097
99,3293402422520
15,3047072963125
5,52338538148434
83,5381341176191
13,0428629818491
4,66218572516913
53,4376050916876
6,74906542940166
4,90721813062380
29,5144219394095
8,30179708235493
6,99145202191482
98,3518086215402
14,2016094951688
18,1278861518113
-81,0538276463148
2,79479393418163
7,77393065140714
-67,0666740643682
11,4563417226532
5,20156306755153
55,9731221346586
5,84314839530440
4,85897893926858
-26,4952658478223
12,3040243372863
15,5723241898663
-85,6923867667504
10,1453882473897
9,00357109701014
-20,7647062223924
13,2519577303968
17,9752761869168
-91,6275836070105
12,7392344186200
10,1313483866287
70,4649177158965
7,16899331443443
23,2688036979890
-39,2006906881580
8,28978727157423
24,5314398566503
18,9594463537576
1,06874693514142
3,27391777666221
-42,0415583637393
1,14504425906809
11,0188078887120
-38,1124537986623
6,92506767915429
18,1159766373377
12,8921692928409
2,05378245025310
10,7325972893176
-55,8169264352329
10,8354921823987
3,26446244686287
33,6159446679025
1,32992417854626
18,4628073856666
21,0247166851450
11,1282166311429
21,3964527203612
58,6181456347280
3,80157138373387
21,4258644444299
-90,5687977577508
10,0357553772830
14,9295001648638
-75,7553935118842
9,65306258595359
20,7020188756852
19,8478328744757
6,07930549847361
8,67944083052378
13,2188224898202
15,0801820224895
17,2643736909222
-28,3063286430016
0,0599795740930968
2,40662584109500
53,0795731983396
11,6446325390067
8,37680609739005
16,8809526345264
8,65797955895449
19,0885466613770
-56,8779732450776
3,50106454390241
6,85952516960047
99,1139909629934
3,07045308300669
15,8011230796294
-35,1458342737378
7,79447455665416
24,8178370092213
24,0099042406062
11,2683646395844
14,2598094012951
46,8939253786840
1,18220385046878
0,573301158841232
27,3977034598347
15,6298619089191
17,6835744155650
30,7284410540123
6,98159221917449
4,66332248069333
17,8925553978229
10,1496823324312
2,88860534792614
-34,9646762280629
5,56603150687089
0,964688628891160
-89,7976448087265
0,130718979078168
14,7592250538002
74,7684287977324
13,9420816966088
23,9575202278467
35,2534547372206
0,192222272636753
2,97425691437018
89,9414235036889
3,08592677532323
6,57170416834093
-73,5670113257874
8,94453695517928
12,1986546074270
-68,1122605604606
4,86552740242667
6,12780049259225
-27,0771577884421
4,31767199403873
5,25228056659088
98,6197712164767
5,35949702625280
12,2831974732325
-61,5649084335649
13,4213519145639
1,24973790523557
-16,0032425424175
5,76438784151461
18,6866063520694
54,8974350577520
0,538529136863776
13,0023963864863
-14,4839995200332
2,28083108453306
10,1670174654125
34,1968776042164
4,83178915332712
14,5806865655794
95,7807321626977
5,91165821590747
21,6208327353977
-77,8382779759734
3,31025878441196
0,777662840854271
70,2421833024408
14,9885310323184
19,8124024599691
-92,7476320882885
15,4042292444496
6,59759675840048
-33,2904043551846
14,0579291069209
14,0005221379772
38,5199092171296
10,6232285459214
19,6984917451272
-81,2117803691808
0,325720312179124
3,85987379522773
76,5718061349416
4,45466105633124
20,3084653555363
-5,80976580563717
0,659171111335922
17,0601840155950
44,5313540161691
15,9990422047000
12,0699264975901
36,4031111729311
11,7896513469512
0,930890500916986
-93,7422486707615
6,62709500056229
21,9223206469158
-98,6830319279342
6,62397969206781
12,8070583899971
-38,1686394293794
13,6122909350031
5,94013893688976
89,0832686180969
3,36769962858173
0,822605767918624
88,0546365226792
3,39532958768097
23,7698350632977
28,5049896256544
14,1459647027221
2,65349798793141
10,6745859579634
2,82568373783280
5,77272864942210
32,7369827885840
4,45976363074783
9,53761324624940
83,1099761338795
5,94590306327039
21,4193851294445
-86,8324763061251
2,60900971041361
4,01887244743706
-20,3107679071555
2,61921875336669
13,0909092227064
-67,0611466066511
8,80889943920468
18,4073200551849
22,5191459854906
0,00557426254690974
21,2737424181610
80,6001092554577
2,66907618297549
7,92946115364869
37,8054042970577
8,95606861819143
13,7436079626729
-9,92470802061658
11,2854798866161
4,01255800792126
-36,0927649359903
7,56748299377661
8,18068376256904
-29,1800197575356
1,43352468631532
15,3526420808379
-61,5200123473272
5,78203151127249
23,1901634881717
-63,5532276481164
10,0299700468462
15,6702650447291
-57,9774568634130
13,9865258379894
24,9705838608830
-22,1813695081505
9,05203361116971
2,35269012182734
91,4249885031191
8,23205560798067
0,957735712321634
-53,3924002100288
6,41278048893114
0,578455621180455
-0,911347323024803
10,2504503243782
5,78881438333756
-68,7931032804051
12,4519525805058
5,35609535115755
-16,1069265090530
2,55567181604548
8,82924513740806
71,1613812247909
8,52775676727139
12,8938350097574
-99,1174917170130
4,30175656313029
23,1808820260224
-80,4321894047161
12,2813957861962
4,47585429453518
86,6226187487309
14,0044391370521
22,0505227623184
-41,7311695174963
8,95871947631300
16,7020988115164
95,2007461188387
4,58879537530953
22,8631989674478
-6,32588738493496
6,10925953123180
14,2846486721747
84,0960234201203
7,34182980178603
24,0832600224708
76,2835268274642
2,57082029133043
9,39517014339052
-15,9036737872689
9,88156223958543
12,9923518684945
52,5066426452710
6,66084181336719
4,79340927303817
-15,4041296152793
12,9132145013464
18,3299367995650
-60,4707371281939
9,62398876320374
10,5776051338246
77,4670398237551
10,3729651348952
12,6456792972627
-29,0089770738984
14,6930964858014
12,0182494431401
81,5875081865670
11,4423039708284
19,0629221073145
-2,45227321476706
11,6395866503351
13,8943656525866
-95,2154117448896
4,10852704432560
9,65717557165983
-26,4715901491567
2,41015855455684
19,0672731441368
31,7784599874940
0,0494509219480825
4,91547317890684
-23,2670939239547
9,35299817079968
6,10843804788656
-61,2359764417782
8,77318174309546
18,2360095261828
2,18718531317581
5,95874087715941
8,57775630075303
72,9406703976395
15,3009739599763
11,7754563058764
-9,81233629824063
9,95763808565171
10,3321109017166
-23,8979752942844
11,1726287678625
13,3648866908457
32,4664229470785
7,47053016761980
23,4114405525622
-2,77796943492892
15,9434785335261
24,1705792187320
12,2738310941093
7,54763515559929
16,2595204779082
-86,6875430954557
15,8217532781513
19,6692536816633
88,3176417585226
15,0600951407025
1,22774590440834
4,00043476650966
2,18985014285208
16,9577554824527
53,1470781930941
5,15380413620465
5,17073515217012
-69,8740555920596
12,3640869919010
9,64983998554997
47,8496974088416
0,0884249702827447
21,3177684318181
-53,4194943252790
15,0087268645525
7,15186459299947
-2,89540551826066
7,37018059956364
13,2200316934423
-64,5355181047534
7,48135755920395
9,46964288874388
54,8071627443934
6,61801836764312
23,7269562401308
-49,1268299781756
0,222991601370161
8,89546732239548
-19,5788687284912
3,34017754330470
5,51134011743461
-57,6777197471572
9,33907138223435
6,91178165131819
-50,3322147906008
8,90419536394734
17,7244945930829
-94,6611422772518
6,25349819335039
11,1778339134828
-91,5926104314941
14,0876844845468
18,2882713175497
-80,1838572098064
9,16163173789855
2,11181179207179
-18,6983854296418
14,9052629998749
21,0362949157268
-79,2606953352076
9,52274910876470
7,13961850371523
-3,09743464536476
8,63276545167282
0,163370854494429
-26,7856819356317
5,11353558005646
18,9248472003864
-50,1907937831093
15,9046457764438
8,18334069506283
-51,1133125424647
14,1003639772546
0,0559480933108389
68,4931377357992
7,95713892691093
4,05156594702074
-97,4635109526957
8,02082614013269
22,1476653519967
98,3044808114585
9,68760111748902
16,6493747017517
-80,2345748365364
12,3973576103528
5,40189093571544
96,2818609413148
14,2579519210979
15,0786603583434
12,8879161059654
12,2001849524281
18,4969866733068
87,8026957498636
11,0507251719943
23,8845525050738
-69,4136750980806
14,8341874669104
8,53911390729837
4,77102352659349
3,65773224565291
19,9367563013326
15,4761229075763
7,10110224197728
4,80558909070145
-97,9598792141304
9,50565563401541
14,6798901638707
28,2916219542489
11,9441179117124
22,3835518480122
80,1459682470008
11,4992873016922
23,1545805627870
12,6264838321419
10,4954785017146
15,2176221224577
8,23529018772911
9,40485258317620
15,3187546768073
76,7781939491302
14,9700107452995