7,14463048230347
94,3206269917071
0,605250520540682
23,2812263030021
16,2247844901505
13,2407472155856
19,9962931783985
93,6772828673314
0,452186780352223
8,27686839993088
-91,7123254158204
5,87581777672458
18,4354877488291
-62,2743541275694
2,79698346183127
14,1859970969794
3,95201181360718
8,06516814651000
0,401591678728936
28,1707839325696
7,93577916803970
10,6378638734423
-31,8537354949271
13,8381029392015
0,734460875479190
29,6659638415368
9,13823332983763
19,6044165187083
-28,9124068907499
2,73624930340397
24,5203709590926
70,0860048082753
14,5336480213262
17,2486048186424
8,56093624824423
10,6182036311561
19,4921344510181
34,6160174921520
8,04302387027713
14,9494627522472
-48,6854841373245
13,1533595231585
7,11523654280509
-75,7323446584129
4,60314940570074
18,6563704263061
-91,8787108279319
14,0954415562488
17,3468561930151
77,5886266178953
8,50301021748474
11,0630786878323
50,6374631663466
1,48149830069775
10,4782077037227
60,4158370052531
7,73670826055746
3,76928438549449
-11,7188746705466
5,14875443765962
13,5073006239505
-84,9654828567559
8,68929034517475
4,90900665905108
-69,1540605424613
15,3072620009683
18,7295667899081
-50,5511703211956
5,88038684160370
17,8915061877419
-84,1548026291796
0,423370943740482
17,6124260863136
70,6319126268330
11,8321686178136
18,4071838283684
-68,5646289418420
5,19815948922605
16,4171786204007
23,3325367377916
10,6445845508560
22,2774036721272
5,68998889178831
7,96554071869941
12,2769877477999
-61,7560353288736
13,7229627612194
8,54443019482216
51,9501520454779
11,9781114507253
24,0677184394715
22,9996850985752
6,36665312534062
3,12360802421791
-69,5872786445835
8,22582968413460
5,21530652270413
-9,07251062836874
9,34010124648559
3,87425427853283
36,4195199617922
8,13190056872762
20,1901216394289
-43,7481756848181
11,7419329552817
1,68416435405972
24,9726241629074
11,6574410678082
12,2650794426372
88,3460245202836
3,10607577941443
14,9604543874620
13,3606672094937
7,27828291326951
9,12550433088847
38,6231198210357
8,29786088529968
17,2139727767143
95,7172822068644
2,38537217707355
21,4226786327597
79,8234757350176
12,5110390641985
22,5159617078903
29,6959792030659
2,64692767258126
23,7873885786867
96,5841629889922
7,92358337752393
22,5011705995987
-67,2370063640379
4,14680047581747
0,163423165061200
1,95737144551498
9,94813979159514
1,04830508090488
25,4696859312207
7,31378839187550
21,7723044332735
60,0001812666578
4,08729265789245
11,1100145419087
-16,4461827785488
8,55040996115598
11,0635133127352
-89,0331136212438
1,46594394354391
8,26496552133395
3,82883873019129
8,98452774970506
23,4918276547482
-73,0935728623383
13,6351980307874
17,8210315577424
-26,6051130709921
11,6398496443855
23,4726755314727
39,3241774806859
8,61916017856133
13,2738985088381
-74,0832950565850
10,7458732144737
0,545074544489795
57,1699059974899
13,7709202797586
20,5097770295946
-89,9382052807297
8,83084340830063
7,18740144436058
63,1231039401383
14,5709298445259
21,6844916531820
73,3877724918707
8,90799213289330
21,5052703059250
-60,6207092692751
13,7334052185473
13,7658092130427
21,4787602253554
7,24420488918887
11,4309624558484
99,3359503772405
2,56985450076489
21,2506108376838
-91,5251345079835
3,79544150071254
8,69445880211066
-72,2353993741187
9,78789400438516
5,96152495714825
-55,4092051817551
6,93954730718893
1,27344520654938
16,6020955928560
9,71448503831668
3,37396245593838
34,2212973711231
3,78649336217186
14,4533343965302
44,6391970236445
14,9363989436378
22,6092358451352
0,887702597225903
11,2545432765666
19,2791592978387
28,9260525662298
10,8101641239059
17,6035778423643
-92,7261318647916
6,29817302920281
10,5602764363723
-61,2296349330079
10,3600597884616
23,9464138614801
49,9091424205648
7,18808240854705
18,8897311028242
-38,3643248310216
15,8395487492811
9,15008696898900
49,8104303649391
1,49783700457360
13,7653535545336
70,4074642704020
7,49398483469720
5,53573610638013
-80,1289047234408
11,0989156952237
6,39861982818090
19,5556397575928
15,0690911845835
18,3813359770291
44,1204511528647
10,1041865411099
7,88863055712670
13,7427664230943
9,87385579488924
10,5601326308758
-52,9779817829380
10,2964624289077
18,7110492757655
82,1272452817366
2,42452378889348
8,82722583866276
90,1239514190803
3,91469161985576
11,1614631911114
3,26305896396164
8,80227661883314
0,848376802986381
41,4176260514344
3,86092188621494
18,2003612704050
59,7590385880606
8,06502147332915
15,5343964402570
-60,0621266694449
12,8200294076795
3,14486748374246
-78,6318969100591
10,6162406114013
5,38639807833451
23,7149686631623
0,588373832237815
7,70943173139451
-95,5552118435396
3,32847632299401
0,773797734083711
-92,4875912623362
6,44997041544050
5,03637730836346
-76,9271756823958
14,6918116258875
1,68574473970541
63,7394480892545
9,72786218919164
0,00380623938911207
-24,6201548393762
3,49279959628017
15,9107362510066
-54,1687375727680
5,58264800591361
20,0688485353860
-26,3720173926201
4,28671008588658
9,85845164200546
-65,0919152257328
6,16617484075778
6,56839625405831
54,9559277665475
14,0524018198718
7,09570889385058
-33,9938771291972
8,88039641979972
17,8411080709905
-36,8439720143081
5,19852905767754
4,85361721368464
44,9173801252963
10,3765718695563
14,5020109728061
16,9909966884044
9,76645791024905
6,18681142498468
55,5511048534337
1,42340206628879
23,3976699395384
-28,0847224698736
5,86888779796011
14,1139206845892
-63,0533996167042
15,0392387994016
21,9902272775396
14,7378216257325
14,7650162010616
24,8169034607816
-3,38108308704388
4,17371661667025
23,6563228848451
-15,6746119091852
4,23317266484726
11,9594070912480
-36,5349615237196
12,4852927552770
3,12485600638359
94,5143014386363
6,43052466575570
1,60389963960241
-48,3554718326016
14,1832946660074
9,66662201332269
13,4199799292866
7,23499302362545
13,9561422819924
-29,5866190518034
7,95181642772379
23,0607306210401
-37,5940782160690
5,96738985710218
23,3577115353715
-98,1204794485217
6,10735267053739
20,6202984550613
33,6254984071624
7,32937041460994
4,58955312647204
77,1375360994383
11,4845591322399
9,82770233621362
-15,7364547056665
11,6792202959268
22,8195536762149
71,7160105469314
5,37811301059910
13,3542573096953
89,5984983385496
7,42876713659653
11,2865399696242
-24,7786450405885
6,04329140186407
7,13991333681171
-59,3413503020323
1,02319719692165
15,5693524360271
-64,1661009517198
15,7232312602786
4,54431215930073
-38,7411833317580
9,54069091503032
23,1786482101267
70,0623871332276
7,20218934400068
17,8493406486108
5,12050620894817
15,5521694175599
20,8091942456876
65,6884503760424
11,0184702988357
12,4120650572167
-78,6247082252172
7,80773389978426
24,0804221349460
23,4284063400996
5,71754337346770
21,0828550016271
13,3653037132862
6,90380712290097
2,84743891095201
-47,8127686186113
3,29911633127554
23,4044817642326
-99,5383779134123
8,71759855167509
17,2091086130446
-42,5489874240370
15,3200334004377
7,67779478222857
64,2540164913545
2,99208271470104
21,5163638113310
79,0230809360932
12,3232767254094
23,7114623615099
99,1615819212459
13,3980880167095
17,0460307132383
-98,3123196385932
14,5330198456880
14,0798775712390
46,5686476880204
10,0906091308239
3,74935222762733
-83,0765464114935
9,49751118280009
24,6552565864341
26,6697136198408
12,3616423086023
20,3755965010042
61,0172851217160
4,36909837793994
22,8054994277457
65,9929772870138
0,131801840689469
17,0991475474812
13,4442899447878
4,29470087519446
7,57576976306039
-47,9913219013896
8,54167422709840
18,2949354710288
56,9064098803329
3,60225810352069
6,90525881480313
-66,1589331957808
14,5998561906933
15,3809681036308
-45,1483309649534
1,80381665652588
7,37130299627389
-99,0193611422874
4,26147269137168
12,9568867621874
-20,4877518943922
7,67673708153116
18,4730945926897
-94,6896893538397
10,5749491664788
18,6005271409793
70,9398099619751
13,3751534609878
10,0864860519406
-59,0216621673277
10,1554036848905
4,02321052194140
72,0701162195368
12,9094498711191
0,560024180233279
-88,7750582388902
9,15872538255565
2,64696416950532
-55,2976455267219
7,86738091060981
23,2999756696067
-90,9438964383214
12,8242186770725
15,3887364087385
50,1983546225229
7,05682240795024
15,8321002069390
39,6112759860418
0,781915634970266
0,167178801299805
83,7575778242275
15,7993646544921
5,37164194186412
81,7845208664317
11,9879916535230
2,02508063526412
61,1047713089118
9,25831634940326
4,03662060650972
99,9354890749298
5,34666541235281
2,29508908197365
60,1532551509090
9,49363188668535
3,35333252696353
-35,4169334711740
14,4263086717361
1,79490438691054
-94,9710831711093
13,4871222450874
6,72118327321358
46,5646942567582
13,8946581427397
1,00166762938319
-5,44265909036221
1,65819517437576
18,6020025799207
-21,4823195669997
12,5969697519422
23,6208283958911
72,0028055626691
6,49537431443719
5,53401344101463
-88,5076701758770
4,91146953089512
15,0141342452357
-23,0909722948918
0,424325193224057
10,9023310912372
-71,6319159266288
11,3672940103311
4,33901374126499
-90,8637204449965
13,4980411130421
4,87234957135472
39,5989465924205
0,798204884515835
4,72802090831596
82,7023004136385
3,93010244888177
23,2472913729755
-23,2908735418781
15,2025090208906
12,2635950440417
-51,3778365401284
1,76128614560902
19,9081103596752
81,4195465295528
15,3275998123560
4,61997786540262
40,4035825736167
5,52617653851707
5,69461287877550
79,1275773787326
14,0871711385140
21,2452093324183
89,5947118485383
4,41647211984296
12,3571767616876
87,3383916864841
11,4311765865658
24,6434668945681
99,3573262023968
0,795451915984859
4,30566545113151
-20,6115056196150
1,71605699449246
23,7525765900786
31,9872898751948
13,7438520564773
9,55837730805872
64,5900595898943
6,78847148978834
11,1908339734100
24,4733460012565
9,00041096009076
8,99728267264891
40,1012636289922
11,7235935088765
3,61167529606629
-2,09697905721069
15,3741277193773
20,4159729049789
1,76336024814348
0,946159742237915
4,54278724943738
55,9426591119726
1,91305740823938
20,8243198147089
-91,9028447674280
2,09280242618481
10,1573910741423
80,2014805132228
12,8435282482642
10,5362702203487
46,4091442242043
2,56273371469702
13,3313545619632
23,1566136958473
8,40848407171534
10,7579369164325
51,0376088939935
11,3374744466782
0,0605326854795507
-43,1065628811654
15,8463392083921
16,6164852854855
-58,7501770846128
9,76696270882733
6,41969810396451
30,4372425818371
4,66531675709934
14,7980844348045
85,6239875961469
8,81408261761090
8,94624054280485
60,9147029699821
8,65136943985980
13,7013419900343
-29,9127873795544
14,4082603337715
19,5172142806486
-45,9623188008806
1,13485832859163
13,9720084771783
48,9235426247487
15,7400256965206
7,54230846638230
44,5984220087080
14,4911040810232
11,5153706125059
71,3440711748234
15,0238817128426
23,0229579926626
83,7638647287355
10,7497663720721
22,1545258800701
-46,1983261669964
11,6248563330711
21,9868453645100
37,6303558724007
1,49391720710889
24,2585772985318
23,5994103380229
2,16757442553080
18,8076294378591
-85,6893054121145
12,9702893057193
0,388582257983627
-62,3203530022338
13,5246815329226
24,8085480008173
-32,8861062278281
1,64754978604232
11,3940791435266
-37,7908358081726
12,0943465777980
13,0124563732531
-15,9591964078848
5,13878006014901
2,22232558932034
-82,4522401876773
3,81180107291688
19,6276144488228
11,9736965814021
13,4335988623815
17,9423457697715
33,5250499724749
6,74310551695677
13,6350392893840
-76,9396572721685
10,5593403482886
18,6033921951467
-36,8679221602021
0,572459187399019
17,1830823365462
96,1592684794636
11,8528490072705
15,2823387723023
77,1739075422611
15,9610653869972
2,05853804419476
-95,4483341145018
6,14635642226068
9,42506138638387
72,6571010482685
8,46810625525879
10,1242412148906
-51,0012758233175
12,5466279745789
17,1844499710023
-13,2796541524079
2,59521283863502
10,1253670684908
-72,9247596673387
14,4227122447802
13,8616668763166
-56,8800003536387
4,96460856745506
15,4566369985476
54,9457830216003
10,8689490276122
10,4365438649287
-82,5627478129497
7,34696607174623
21,1219689231785
-19,9244349339336
10,6269454089683
13,7877479423844
18,0221935107158
10,9263730729478
20,3287443931210
-60,6952861854107
3,87725895501265
7,88487504090749
39,3624928489727
8,69967944126281
21,4840754529274
18,5938629853399
2,62767411894879
5,43412631063497
-7,16200485474663
14,5054185713982
2,88389176377763
-51,7690104281100
9,16355228868103
2,14678768803324
-17,4459090992249
13,5244926236722
3,86581442678957
54,0988941494908
15,6112350369082
20,0545016261080
-92,9322216710733
12,7418829685863
24,1118058621238
21,5100598266923
8,86598455877538
4,91980342598496
-84,1052702203978
13,9697005987111
19,4512397346972
-16,9247089912002
4,28084833102435
0,662071462371547
97,0955152419209
15,0570400782540
2,84697188806986
68,5296870553935
15,8442143938572
4,66556458522699
-89,5194795783883
14,6779261789112
23,1351321297099
45,5035821662221
0,595233155552634
13,7427484250159
-77,0083940508904
9,37568490996941
0,779331435248521
-2,92380768215184
6,73611161183376
21,9138859164015
73,7188735645875
0,728471651963789
23,7553082043802
-96,6592241772606
14,8034289590016
12,0700209050724
63,7816756075306
12,0215371934006
10,8225346093442
56,7747344819676
0,966377479183780
15,4951922420388
-61,2584534245023
11,5541445653063
5,75640508906227
82,5688582630385
4,58131204580225
17,5137119563526
36,7379883322154
15,4315771536921
24,5248125733923
77,6787017055364
2,38929410753222
4,08787994912973
42,5739408797283
9,55525476505522
15,7696152114964
-3,02159569165055
7,44269914437373
16,0447810703901
66,6436085320307
6,58138206904960
15,9131801789325
-81,8507158453865
14,0878234035128
24,6803691898030
-94,9016486989270
3,59821100190807
9,67284909670259
-32,8544258287692
8,68739702208409
6,54311282876059
-2,61547473332491
15,1616394301660
11,4452159213835
-54,9274345411304
10,4534506606302
2,85935604925752
10,9417598979032
0,545553332273570
8,95262138978064
36,2296785515907
6,22168953042852
19,6337250989820
66,9886416839998
13,9827107638936
7,62788773450153
79,1745626445877
6,21299208375340
18,2668499864040
-12,4804163342903
11,9505107374726
16,1269462918553
-20,0689422299269
11,8576962359928
20,9841391168861
-11,9760091730916
3,67644715806035
13,0152565791402
-38,0747284812196
14,7808325619093
9,53522882225389
-10,6093255926778
2,75264869215812
15,4811312443054
92,8780246495593
13,2840435234903
15,1190054259146
-7,53035353158704
6,57351215474374
13,3888667239008
-0,801597522807218
12,3253893943967
18,2527911648500
-95,6920214419587
5,44035012836781
9,40783211516115
-61,5429737066955
14,2613638656595
3,04354699730533
79,6268521059192
13,6868228795211
9,17305796552276
-22,1415553158698
2,11044908206401
20,2694928787955
-79,5907691847780
10,9178587290618
22,4425990830704
-30,0602836644001
2,39327243031666
8,66785659758891
-64,2907817782752
6,56588735054202
0,397574792844054
-50,1817875247705
8,79916295903842
0,719583639616662
28,1968899769285
8,82884254081411
21,2410568188035
95,1508320332803
12,3679704464374
23,4889757321544
84,1327703374771
11,8520014206057
19,0676442334390
-89,2386142999642
14,5228059621974
24,1450662225515
80,6169358022088
7,41944445768054
12,3179394264142
-62,0001242610742
6,41285051485692
13,8735788797374
98,5230395448357
15,1024175350538
16,3059293994752
-34,7000808817673
1,52983655713145
24,3282264468466
-54,4913008451820
8,93996095489371
22,5932413675861
88,7421458511730
5,07832507219321
0,626118335323389
62,1693748273533
15,1163304175347
14,3580755408672
84,8888320018896
9,90243133684066
18,2343937807373
43,7004000788734
7,43017358688150
3,79175759651279
75,8513122514446
14,0645045629491
1,23706061057067
73,0123534940113
11,7229633066276
13,3734671154096
-28,5149823104179
9,42744689760552
0,996700694209615
-72,7447063298728
1,61030971166739
12,4994936735417
61,1560818655141
0,350052488928544
5,25836061318419
36,2249693374539
1,34875159484134
11,8997683313753
-13,7225767253634
7,28244436233925
16,3512343557620
89,4230838038933
3,01309815336720
1,22431980445451
90,2345473995165
1,20201265213163
21,4578336554038
-93,5838785363601
5,26506736654465
0,987706673897318
-44,7666480135042
3,63659166769754
16,0138706055455
-86,4493973734382
5,39473643021271
12,6608635489728
65,3898603447750
8,83915798485085
14,4278977995562
-20,7353109533488
15,4929815111543
21,9763665944132
16,2353423224568
3,63567493996852
4,60883619203895
-31,2932440015624
6,40233064955732
5,03643346782867
94,2419487164832
15,8523432509510
3,29901133241359
20,6811611294996
7,39229606599813
20,5551691148637
33,5282299925765
15,7524872369981
18,3835750359780
72,6650322296786
7,97504511340104
22,3371891610092
-15,9825903151667
15,8080625548729
3,99212201242570
-85,3177995583383
8,60959043649932
10,5572994745670
74,2794116338664
2,12634389428669
15,7226932737852
38,9308487001872
5,42725117053938
14,9195327750072
68,2849378852339
11,6641330576667
7,39348671408777
35,2491669184375
6,65030204325765
19,5506004503023
40,2803417467546
14,7955429081513
9,54430585679438
79,0834434384119
1,12466634299938
24,6192798051225
17,4827859650374
6,07032900604281
5,12819949599204
-34,9609274821565
9,04254428117438
19,4937573738533
98,9701291358504
12,1054685797460
21,1254950446205
-58,4923146724567
11,7386489974706
11,5321282137896
-42,7494767563784
6,09991833192533
16,9781364127181
66,6216677210797
14,4745026382121
19,9288720187035
54,0495494872299
3,08833052235103
5,88937022958508
-59,8841784559710
14,2455695200551
18,8057429561535
52,9532593142825
4,13081112127102
23,0015542056185
23,1846785429689
6,61851407641897
24,8659599985755
92,8534831967439
0,0524694707505020
22,0740768246698
0,738251788440403
8,73338134793932
12,5850476326796
-4,25963544240242
5,52011313761133
0,147005177774195
17,1393707705282
10,3294083779066
0,377159638916403
95,9183452266102
14,9149677098340
2,39842090079026
-30,1801822659179
9,40333254204842
19,6740047902570
-47,7994486252431
4,16964818706051
13,8398148262266
17,9884830731645
14,3991336436612
17,9879784031113
49,0769687346690
0,275939771055409
5,71196204004956
-83,6032191455427
3,64673819756870
0,317297442458930
-25,0088322393251
11,4697310832649
3,00559624005024
-82,5983111316071
1,59404565961204
15,8244561846994
-36,3697189037989
11,4722803488585
0,380269965057872
-9,35401088451855
3,83328885883474
23,5066450318700
-67,7838189507095
6,60542254075968
24,9891450541587
-88,0263702607864
4,63103788887421
9,45546444881283
-11,0269564373813
2,42589214085250
22,3801457254206
-42,9452464870161
4,95682624855883
14,7512511530763
-60,1643553501648
10,1350288326515
20,8763917002389
1,96237910467227
0,361478406300018
12,0586473438432
-96,1043133985371
9,98655678661432
1,48602608077126
66,0205190175022
3,20302115329079
11,5084067975875
-59,9228873659857
6,35290246812446
7,96776314799548
-14,6873547430247
7,45328907847000
22,7540112102617
46,6176986833532
12,7737207118419
22,4465284534533
5,35935458638059
3,53606971909526
16,2792022153242
-46,1402977466089
6,11817529886755
6,15132806689956
53,5670455500761
14,5085989716167
5,85061359769065
90,8824947682354
1,98201722272828
13,7108748703568
-76,4625257455930
0,720917074392020
9,82058397593693
-95,0223559817923
11,0336607027190
18,8698695856894
-15,5919770889612
4,76993504491673
9,81431875282009
-87,1232079107792
15,9449653127493
6,63551345256951
-74,8794688290056
2,94290453751545
8,67228062531042
-81,5164492318813
8,88234794201015
23,3565660808478
-53,4621453038620
9,46077546410760
9,34633050708420
-57,7613877673184
7,98458889691770
12,0631614587942
21,9621961001863
7,40095505515063
5,95536510505201
-21,0945894584932
2,44430583924195
13,2812264775769
45,3396783771889
4,13694122722881
5,25304359758519
92,2596307699289
11,5580869343125
7,38017656805484
50,0434408681377
15,9415586294410
13,2996488055662
-84,2520454240770
8,88496498747717
12,6896075223404
73,5906102236098
10,2988610676324
12,4780126744262
-27,4458272257526
10,8929074409690
22,7874379590694
59,4014254384989
15,2449538493855
18,2585851919834
57,2774375803405
5,86238465386189
22,4928045244419
-33,7290504799660
7,50754862241746
20,1231207585071
89,9982910636215
2,05663532679026
11,1983550603514
65,6979286976915
1,27690723415033
5,87514343884309
25,8259494010014
8,70412999715121
1,67809309501002
-40,8752736139861
10,7569113289486
7,10496899364798
23,4009048368084
13,4961111678710
10,7934481976312
97,7006861282353
9,57319603390198
11,3781085635898
-31,1982215877427
0,998417883737558
24,4837969582598
-52,0710667504764
11,8023298206653
23,1726411280822
-99,9205788186520
2,45736719158836
14,9393434769800
81,8579704599472
1,36171794106660
14,5919964021811
25,5080914507056
0,784111846178391
2,82680140878094
57,2458596560572
1,28645114158045
9,97999265011993
49,7432672007525
3,41264796056654
23,5719814375112
23,3795268527215
6,21661240104143
5,35811652170932
-63,3196837606043
4,60771808782636
4,26130954535416
68,7186494140737
2,39538145810525
8,67211560307141
43,1985878899353
10,1410720580423
15,5047315025281
30,3602671154002
1,81905468004610
10,8933821268614
22,5614143185691
11,7517028488080
10,3957017709694
74,7572274452476
14,2403585065972
7,12990669816002
58,5354543643996
7,08656483991791
22,6272373394739
44,8849951935339
6,52938225680973
17,0694460811172
-18,1691141474129
6,62165596452932
2,60657652820581
99,5306804594967
14,0592302218654
2,08696241535926
24,7617007231099
8,43546003364921
0,334849700863746
-29,3669492828632
2,04390075286944
22,9690394163308
-63,4553717591348
3,38457803843394
9,18932315308052
-35,8191297323476
2,69196141879420
10,5506246000159
-48,8786467097897
5,67558571865832
14,3927394034625
88,2169494582272
5,83293897522679
4,65057637003756
78,5813351120445
8,82682805519866
0,555658933948463
97,6104215920675
2,10146988895301
16,4500139743773
90,4943950127682
11,3662036364318
11,4662339904113
74,8413835276180
5,67980494695340
4,99972030304287
-67,5512998534509
10,3532833283798
4,91298816174555
-70,6623173679056
6,80452834887758
17,3393530915024
29,9606200736569
12,1173602776903
18,6854287619737
58,0171882284103
3,88742695982517
13,5833571129628
-85,5396781585207
3,01510714140301
13,1464071482818
-51,0961119263523
2,44377472719205
10,1678604101023
-97,8585695896882
15,8594209960583
13,9243078734402
-53,4917182837802
15,5955066232888
18,2657724793890
-49,0290241994360
14,7536192100792
7,33779609453621
82,4375923719175
7,22084304134715
19,6138779958112
-26,4906854480308
3,22881771451129
1,89547198329950
-92,3931952949574
6,00907459265935
11,7920115809798
30,1664633175481
11,8906610050058
9,97890276449818
63,2733727192656
14,4176125141997
22,7777929503037
-83,2499183933145
13,7672527031711
10,7005562281459
-97,7037905241108
15,5726236686375
23,6271034916081
-26,8769355360398
2,42408222871188
10,1132321062495
-17,4469115612057
1,97052347239649
6,06241662443708
-16,7958020083852
3,10086799255065
21,8154802874965
-7,32479700504831
4,12206541449083
12,3497073546967
-6,79869749007009
11,6508334920689
10,5893462120133
9,63170647024654
3,57385967896753
13,8091615254654
6,53818435742046
9,55267498867188
6,21422468519309
1,53851081484233
2,78541697251928
6,42897243997344
56,2182656043940
9,20354113238280
5,24338563133415
-42,0069704037173
7,34372445913677
14,5155832214408
10,1003762490262
14,1270075619412
20,8787718038801
14,9330661246882
0,104031832176517
21,3164999346705
-59,2216983780875
5,87857858161170
16,0974270822709
11,0473944825084
2,60379073628648
24,6251941342073
-57,1767952209608
1,22066637406315
24,4745483519915
9,83134440771016
14,4184100101566
17,0656538830818
-86,0460340162302
6,84626589508061
19,6369436742998
72,0895028964245
8,74362636865830
8,71994759884410
-58,3234585356871
1,39259756833843
19,5128673309984
-52,2735808659016
9,42233188211985
1,15993345755838
-23,8829569442779
6,52616539243098
8,82081599336627
-42,5267216426611
9,80124700829980
8,92494562440159
50,1046258843418
0,645546817838616
3,24337596090376
-36,2122057499291
0,767488958307936
24,5561569506001
-78,5260649326096
7,31875942883109
10,3938460942262
61,2271736673129
13,1124344893849
10,1621316460036
-49,5883091058199
11,1816317661528
19,5672682797758
0,780970411084825
8,79911645868995
10,8301019050176
-92,0298322417820
3,21481125911353
14,4069533396077
24,8387508422974
10,2077957555166
16,2617083021292
-22,5116784622960
0,725272161571700
0,825269737998982
-38,3452300628504
11,5319306645083
10,1002921675752
-33,5900075238001
6,78887136797104
23,9736059276238
86,3186492752735
8,25265697531784
14,8879947302113
-6,40208793798085
14,5804917713926
23,3269611801705
-99,9858013613091
11,9941402999876
23,4260200451354
45,1561008096172
15,3931981707060
18,8934783025716
-20,1034161453863
12,1180005901259
13,4728546349004
-95,4152732053272
7,00940846835615
20,6072832897769
27,5484778141316
7,28795481527471
0,268671169854864
-12,1295974572286
8,18532558741079
18,6629740319825
18,3538272761780
3,73776150646549
2,57586928688924
23,5969220714031
7,03498705643257
1,21026959765622
-9,18066550296262
2,30748461758198
4,64227797042331
-90,1829448206805
8,37421182999348
11,8209927398591
43,9388345489497
6,46072377086653
0,240890603237865
48,0185724769556
0,879418331378789
21,4545121876027
-19,0402410808847
5,82915482254504
11,8372381571044
-89,7174949211981
1,57721562032004
3,74836875620149
89,6009306687034
9,75950159033012
6,13636614084609
75,4773700470818
3,57441338218919
1,41977858682403
65,5299895377937
9,29066263590916
5,13111994400122
-10,2726813346418
5,28816235379944
11,6372284797320
76,8949428389231
11,9439155105946
11,5243794543172
70,7436674718155
12,5057081408412
8,77640186464351
29,5473488230084
1,90615242094231
11,0250692980960
1,35665341112576
6,89581982050856
8,23517585195537
-84,7954182909003
2,32550917536402
14,3024316665806
-27,5186230999789
1,59214106168504
24,8088323564312
-53,7817688389697
8,21880722238836
17,9462706181467
72,0361007447896
2,96087243096190
9,02488873735991
26,8780111674166
11,6044385061787
14,3182132771674
46,2914229555295
0,617741391250714
9,50836540579003
-68,7289433253437
2,80394973918193
9,30208164885671
89,9293875825305
13,5781463162363
10,6068661019803
-19,9154092454276
13,2785413610870
18,5781722606034
22,2773350703493
3,26338541316636
9,00201214950621
59,6978465739342
7,80044197634678
15,6622313149967
37,2739639040473
8,56697313827888
21,3217424498515
-99,9903310884981
3,12803765648107
3,00061877888622
0,531530870728392
14,6269882738002
4,35856652558717
97,1239991507861
4,52437192543680
23,7656949348718
-98,5992558105616
15,2167744795159
24,4375368616154
-91,8141351245257
10,9306932623902
6,30012187550018
-79,3154177329610
9,88656149165657
7,11551165845131
20,6813116713494
8,77970941872047
20,9571580559293
-90,7619427347528
12,4472655307021
20,0525185161663
-15,6256110356983
3,73108895935340
9,24903313184082
-28,8273793509214
1,86521916164303
9,07027452245958
39,5340914114336
5,65485063190585
6,79353200921600
-27,4044548570756
1,59392106012964
6,48673267050043
-35,0889904739917
6,09339112886307
24,8598594119573
35,4951486307642
15,6478882920767
1,15658303797519
16,6504739708713
9,82577723063070
16,9083280690293
-51,9090405469060
9,21475990803508
12,5421161923617
-25,0266867335684
7,19540020828241
2,83220011311789
-59,0530774597060
7,13238527552073
11,5328665252191
-48,2715830644670
6,51907670466069
17,9657627182846
69,4628984983833
14,3773798470128
24,0150701743501
-14,5918115240158
6,66146478778572
13,2225026792189
31,3965926011425
10,8824930363957
23,3854174751818
6,25434960786042
0,575294158948434
24,7396736679537
87,4038081490054
2,84914033483954
11,6428968564320
-33,3155159811908
1,50254107683623
9,09491158779281
-27,8176335492391
2,00313915550688
2,25839645099327
49,2987080911046
3,01646350303912
21,1050939428194
72,7858937536809
7,44705237724859
10,3426515995133
-95,5892460131115
2,74837444116094
18,9339611580749
69,9047854194453
8,33685990721533
13,8508347929699
61,5250854368888
10,8046588216688
11,9060067379749
8,55658909175070
13,9022355284849
6,66476158689906
-13,2433850539438
12,1109909559047
3,38193682620337
20,4873838238105
15,7477080398273
1,94251956055973
-32,9789593932231
3,51744037582009
21,1648362025457
55,6214409498819
2,76797692272448
8,42607419186276
-80,6560493174368
14,7636474843500
16,8498452140591
-9,60900519983941
14,3829961577712
2,61081881801359
52,3898130855781
6,03515906948178
14,6841467793078
25,1666466457109
2,19517697906764
2,87007303993214
-99,7016953488696
2,27605975665166
6,23363367813337
-96,5655189698496
0,108348901800001
10,3543179870682
-8,62918556621466
12,9268755933768
17,8866685263868
-55,6871887209350
13,1968885906102
21,7417645128301
-25,7158628394921
14,6392987901604
20,3856976187648
-11,7535671483912
5,58308342806897
5,81123066762426
-87,8620905957999
7,30620010816347
8,65838080257671
-27,1915251725670
10,3298341446612
24,0153091001163
-24,6261851978042
10,7760667942714
7,53281999664923
-39,7519525483314
15,6145155275534
3,85490678510033
83,6778360296510
9,81373864124268
18,6109122243307
-4,52986484568649
14,8439977009184
7,07237048033558
-63,9215123940684
14,8507505906907
8,22098585265964
-40,5924721074548
15,9634847008109
0,0332974831066508
65,8598947308640
4,29269788088717
14,0978375676731
23,6247985808492
15,1383062129150
11,1033416618079
32,7199083022569
1,79404238144884
4,03407431689148
23,2406823632609
13,9194296165540
17,5865518269168
-47,7466551243761
1,75217932173333
13,6007770522936
74,4997433300201
14,3727751959827
6,36549302609719
-98,9263745192623
10,1630903380081
9,82777115809242
-26,9489416275551
9,61590079013722
6,11547720879125
18,3943676800667
7,49474774814385
14,5672247212450
84,9678118643653
8,22247980589272
1,31858682132971
-8,39902048245613
8,71636944645757
15,0573168661692
-15,1583551404533
11,0439566384408
0,999270223965137
30,9923224127944
9,00847159957564
21,5602545286772
52,8472616827936
3,26196248979545
8,57774653210314
-24,0712867172221
6,00282950081759
2,80583667132549
-9,18620658634966
10,0936939251483
14,8356644833947
28,7604024587611
8,24258429174368
15,7519185906587
47,0309052676104
2,06082976303964
19,5345107155467
26,7643125744782
13,2769619509152
18,4128532241407
56,5888543728456
13,4310554720639
19,7899287398329
-93,1025961358108
5,17562379464239
16,2177834397663
-79,8275321682649
2,53424578312132
22,7977080104667
-91,6518442483743
13,7148448791356
15,1519023512852
-67,8963153185814
5,07917023648745
18,4111398099397
67,0005894201965
4,31416229726689
17,8312881312412
11,8868164923297
13,7697007518137
17,2496798378038
-65,5956600348338
12,8195198345799
22,9967467851187
87,7598018236048
4,19951614124466
24,2386483161318
8,43186578048560
14,3816499480709
8,22315178052939
66,0515712272559
2,01422784688926
2,37039337651577
-36,5112459333484
13,7044906763559
20,1633181072604
-53,4521287099772
13,1955568246734
17,0683700455353
40,3987624990660
7,26196633912850
4,33117437366565
3,95672961188027
2,04950699830156
12,0252486989432
-42,7707416835789
1,31517936010798
23,4834624052045
-94,4654146589327
2,78668250244559
3,45180882866156
-69,4394195468176
11,6392767944836
16,4913492678140
56,7845219421807
7,79156834566434
4,85098135421899
3,75037795904263
8,11079626194462
15,6620994352109
-16,6354274655558
14,7190904947587
15,5183766686512
-78,2904886030979
3,44746819416427
11,0244295572651
26,2855350180801
2,17362347374348
16,4736833358969
-74,6532863886268
7,07032297567882
11,1788053730238
16,1287327026730
3,55333779770944
21,2901099751266
-63,0999248908118
3,77711186706460
17,6831291850602
-1,01778195935334
4,40635860430949
10,7136522809788
-32,9118763367655
2,20990088306967
15,5049251844913
-58,6302460348200
2,82208316056491
16,0298077569117
-78,9668957790828
5,95711260805279
22,1937528499982
-69,2734964062289
15,7876675567518
24,8401117218893
74,6659099895153
13,7416171565315
18,2088450742702
44,8742996669466
11,7438596527631
12,6455694200519
-99,2831647967749
9,43639389289679
1,22322443782506
62,0830476024122
3,82136159616638
2,70546592050932
-50,8755184064354
3,87887522370531
21,4574079032440
77,1873097630786
0,302783498753385
22,8986121482043
67,8561298950404
13,0601813345770
16,7914960737381
-28,8865229621837
11,4068001300037
11,5583893205744
-36,9505766335596
12,3976812958673
24,0347432364233
-69,1627383321769
4,73199059506551
1,99793106692346
-22,3153540791364
12,7731506308934
9,64783695933047
-38,9120303602107
8,13783942143120
0,410905250897203
64,2351626146040
1,88645177552914
14,7976787497946
-44,0235306831586
14,0187196056624
14,2059076581947
70,2907895520588
3,28704372380615
0,306767264930405
-60,9429688071072
4,67119687041962
14,7451327486679
-28,9995066411636
4,65349619741453
9,00541329718957
-30,8048837802223
14,0071050532005
0,635866769618348
17,1262702611958
2,57579203239556
24,4644940309552
-8,74984091864481
11,5649556012656
3,30485201473038
-92,3102576723256
12,8890486962042
13,7644141235696
-23,9968811306206
11,8693169871152
21,5859521864482
9,29740900125751
12,6733663332779
17,0635172204948
-86,3483866749295
11,1651425258433
0,874229920741113
-57,3547069989241
12,4544106350332
11,0049469038541
54,3795134214377
5,84296374696277
10,9956781644626
26,0758738670681
14,5547587122240
19,1527930418650
61,7442721441390
8,85051491388672
24,9959821497834
-95,7019983535804
13,7029153830262
6,43664970834979
-97,6486224223844
15,3201721272748
22,1453580215945
-20,2406669614625
12,8815529909078
1,24303927584749
-58,0608650331084
6,68738147841659
8,29139425774698
17,5829480355436
9,64690259939642
18,2388421158155
64,5443790172654
8,36897366623633
12,4675443444743
49,8151964716925
9,73276033387463
13,6664898699433
85,8289829464668
2,80968382319912
5,61598403338786
4,90910686433710
8,28887257665073
3,07451666023119
7,72908332683926
7,94921288081186
12,1302997563424
33,4588998761319
13,5394051924480
21,8510572922436
74,2522393483142
9,16490179178999
16,0356312675347
-63,7350141636813
2,81673978930671
11,2059316182390
39,8213249181918
2,07513717554212
3,42859384367441
-62,2179593476153
10,5160381938889
3,52898156618326
-60,0367575150631
3,40989252988229
24,5648946926970
54,1931898213582
7,12669300627115
24,2971064820027
5,97923764105328
11,9230227270212
10,7223136883285
-99,0570725609456
10,6481593455608
18,9009627515520
91,0722100144116
4,79032995541580
13,9647662373169
75,4558000971679
12,3608841176764
18,9163598513708
74,4617792767045
5,68632134932315
24,3980023278261
-1,19495301928216
1,44191912090955
1,04685122276863
6,22033853857493
11,6348682066181
8,77508748641736
-93,5478564018390
11,4642951303094
11,9161990668653
50,0313416639172
1,29706511958343
4,37338328477621
51,6704025838499
11,7841487542369
8,89761358570181
16,7125478012345
1,33993192563547
22,2117366683967
-25,9765983467777
14,2670499119491
1,72882622974914
-1,60001249780288
14,2094230401114
2,31868585845740
5,43649161876814
9,10943061759272
5,14510452923792
-10,2551069248628
13,5526918563545
15,3799744943384
-71,5198189703452
2,02599026162653
6,83580126294643
30,5487464658807
3,27537924498037
18,6946343075379
34,9340576764273
0,791513277533973
7,64315825790164
49,9525549783436
11,0781049543856
19,1361090207135
-38,8148287750801
4,69257620147900
6,32214328453574
60,8695184257216
11,9655931835110
16,7753993851462
-40,0066402935890
8,55582326032937
3,29785269212821
-45,1826649935365
5,24676823475847
23,5612099379289
-45,9030035874673
14,7363522293616
11,1145795750947
52,6981858558157
13,2554460860677
8,94988347390174
-36,2849569116461
8,36784763273488
4,24502395115634
-28,5991103453042
1,96286299962883
12,4768516324252
35,0963754250772
1,47744078059948
11,3041550094737
-93,2923549883851
10,7673703389190
1,65539950462724
-69,9954911884343
11,3668967083424
22,1970418660051
-15,6899755808723
15,6938892391911
22,6946031475336
-57,4211710420401
15,3975841162103
19,5663582127271
52,0144249077144
6,43308271093442
11,7985889803224
28,6612273110956
2,99064015163953
19,9035575937742
67,9293427890586
6,22966631896329
21,8911847113817
-58,4408470455265
14,1619068284250
16,8062890542675
-12,3304814544581
9,52352080867019
1,75956839231247
46,4239503283435
10,0511332270270
3,11179762909176
-79,0496562833323
15,3705846851448
10,6341545837344
-11,0870571685284
3,83619315328919
19,5666442181790
-1,88945886510441
5,08843462150333
14,7286636304549
38,8852706568684
4,57926749428303
11,8033976596642
86,1615970963706
14,6881908705602
0,844711782802094
-68,9698449258405
12,9367451621229
4,50183839064312
-89,4637558663666
15,6394340141951
23,2954914697253
21,7352906081946
2,76958283880729
14,7691002300570
-51,4118430903721
12,8830056571239
12,6583876850113
11,6604392863214
5,83039541238738
5,46097141772339
35,7001348864422
8,99002391790780
23,8012758985018
-6,69904629528724
4,61457769724463
9,05648784667545
31,6810131659904
11,4988746312084
11,4636688675792
61,6698677847897
5,25630258995615
20,7702534495392
71,2878471034098
10,8318201606882
19,7666257323463
42,1755828049119
13,3367243878368
11,0255683319106
-47,3332768475034
0,680020006171914
15,6008448445452
-40,7785519751089
15,4266737056674
23,8877064079447
-62,8309501158073
2,11515517713903
16,5869664617283
19,8753413139821
2,18981786164301
6,66227358410887
55,6594884238553
10,4388800778115
18,0788710053790
-80,8467543815863
5,28191963402637
14,0269471586114
-18,0047102314181
15,6421582261216
24,3245166838399
26,2491422402056
10,6134579893165
7,52181611677605
53,0626729782392
14,6501888378996
12,4255124571838
3,12133999204220
2,30677299187563
7,09885271045033
-90,6421293428730
1,66470362260498
1,85520011976728
-11,8720756336664
15,0348682248475
2,78492968396023
56,2538167657207
11,7524186813106
1,88267339926460
98,2291947832259
0,372155847531532
24,9048006901415
69,8558006228162
1,72917302857813
14,9899419985676
-88,0027389114476
1,71752522040830
19,7242003345613
53,3450396287415
4,50907719720317
21,5317159902981
44,9813125138803
13,8044805519042
20,6767066570684
50,9365815536438
1,75608382942681
23,4230932984454
-59,7137085661233
9,18542649452892
0,896336514968215
-35,2322854295508
14,7512495325451
3,49276967071443
19,4157684732735
15,6539426096862
18,1360520218544
95,4227125789095
14,4704226180118
21,8023542261108
-9,71433205262830
0,810752715276660
9,35258178817871
-0,738919432029350
6,59930110233765
5,40468793093972
94,3312277078673
4,98636682447861
14,4002524793245
52,6009184200980
6,77163433927630
0,641168876967599
95,9530666696755
14,6367908132371
1,08762311498586
-59,4337322430560
4,55452673480661
23,3362321011422
-93,6662773476652
9,19920965370990
10,0412982066759
-68,3703942609529
12,9047029878758
19,6230192049587
43,9406803769855
11,4980513225098
6,06571420811558
55,4564723435919
14,4183101206020
15,2135681240354
28,9915556735034
0,886256823476753
22,3295977376104
-32,3870682843352
13,7615734750405
15,7354965318747
30,9304656243903
0,124087393055772
23,1036717837875
-90,8687301314629
11,4862367265673
24,8951142925262
73,4969560176227
11,3744158973138
3,75224681770274
-79,4076501023767
2,80859459125119
0,619922494105285
89,3938671400842
13,9144836811608
22,7816024467364
-24,1004502303656
2,50499498750097
3,69993646190675
-73,0958207992740
14,5914169339843
2,24857643222871
-37,4240334330976
3,74093373111689
17,8923399787812
79,7368182272148
10,9769487714990
4,37536021803501
56,1580794164051
10,2383761181046
3,99303975441272
-61,3917352270048
2,52150927396221
11,9733035958423
-65,2118344135962
4,63497474942821
23,7182912898236
78,6632439648454
3,17635213621600
18,5267535364600
54,1529015148720
14,9089986270931
16,8083365532680
58,4233884101172
8,65175189767835
1,75863119423030
-57,2884294975846
15,2410164339697
7,65263713339443
-61,3254647581792
3,47941572881261
23,4208263879062
29,3478165144197
10,3205261202114
21,4234250917861
-77,7426126084415
12,5795909191368
22,2711845184286
1,18250414516079
6,40412975601634
14,7146729709403
36,9843144867891
13,3887260639702
4,06465818868211
-68,5944863578779
2,60879681496147
4,40112799517747
-25,3250727399887
3,25300922015127
18,6890903666422
61,6744394322322
5,50367371585139
23,6321453994121
81,8643862486484
3,98608060258976
16,4494947250626
-67,8620927031841
5,53122228851389
13,5957994237344
47,5895764153766
15,7820846865890
14,9413272071264
11,1391266642554
9,98321209428544
5,86507230020919
-62,4286806217066
9,54023151518926
20,4941932846323
38,0028708105512
9,23667136817993
19,7123883322170
-40,0367373757878
6,44854431069814
14,7264903294085
26,4536155133983
8,72713950837193
10,9064944543374
-52,8432997131465
12,4388045459594
13,7434856942456
-2,13137983277916
7,52645585819863
8,82421764838759
51,6528433284609
1,41419919060691
24,8947798382218
24,0414839168789
14,9424692497448
9,12409000039390
-50,4449439132506
0,697575632912843
24,1543622879378
30,6415835359062
10,3791414669199
0,618521823817956
-33,8428231836466
11,7283652436260
19,4459778533320
-76,1593677709793
1,49158096904892
11,0045529837873
31,3712406193741
12,5687546876092
15,7624982075253
89,4639776997644
14,7971863454373
7,85061740506775
68,2308674715182
9,02800549778814
23,0453821126936
-70,7223856443312
7,26795582821962
5,58311551298465
37,4985568688638
12,6965692978591
9,36215679645525
32,8426167745687
4,54046099353956
7,70360955933453
2,09783674684516
15,8736295204428
0,945561853073473
-13,0556213588629
15,7756684682119
15,1292418627914
-23,2823472377759
8,57887291591028
20,8966092339914
68,4588468931251
14,3103754643085
14,7063058203392
-49,8329963680331
3,76882036808408
9,08636988522470
-41,7040397973674
7,65610071422364
3,49712959048894
12,1937698541959
14,5210758197643
2,91334303843685
25,3327380671410
10,6199124052194
24,5304358517359
-10,0561087699511
6,97206869977072
13,5423087257593
72,8850644984221
13,6638172775728
2,16274771096306
90,7914239184565
6,33656463187313
6,40240569472410
63,3054683732936
7,49768116358361
5,24437527090705
44,0126224188041
7,19998645827703
7,86524509011762
-75,5916386691081
5,18374711009308
22,5937899025573
-83,4091544335975
13,9331106859938
13,0174076781799
67,8246671979920
14,1327235894767
4,05590025030551
-29,8897600256370
5,48816757238721
3,59030518783174
81,1273915710360
15,2627335931571
1,60132688695228
15,5782798866532
4,95565228082297
21,3661364655901
-89,7826934892780
14,9042215113695
24,3614196398343
-56,8691851950246
2,59036588487625
23,2256275888645
-70,6630869080002
15,2470302612003
10,2380055318605
-16,7397318263025
14,0563022444493
22,5402805008712
75,5116582977121
8,11472879265664
12,1124307195576
-81,4082588663523
0,291910925270058
11,7418460059348
85,9689884742306
12,4504764773126
4,19570497215900
87,1675435036958
5,75131579210196
2,07146182755998
-46,9284130249251
13,5767869036372
15,8290313758524
-92,8642260579411
6,92899271306607
7,77447293611134
-6,70655632411414
9,69251036057288
11,6588508687315
16,8759994383652
6,04127980458874
5,27673554531789
45,3485587798969
11,5425601896301
0,0361429911024231
-33,3011261802525
5,05877084242984
19,9402816255732
-87,2635466545669
15,1896237047585
9,20118565222876
78,3274995501012
13,5959337541803
0,378439305250133
65,7925164700629
12,4095665715088
17,8744616617534
-25,4100834719730
4,79226512195995
5,46446905195980
53,0926333987520
13,9631845021861
17,2179317406294
-12,5198077867974
6,00132469687827
6,15018053165968
3,65434277435992
12,7747132734762
6,65212136471687
12,0377853812819
13,0685989010871
3,30177059435871
-50,8988236868677
15,9842073219572
8,60525838582873
-74,3389422468278
0,721420394761889
18,8597495947112
22,0966578453811
3,78884267937513
22,2309661658657
22,7135413957382
6,89449393629735
17,7609094161960
-53,0137392033860
13,5558397784408
6,16187563101211
71,5219902060353
6,18296381208942
11,2847337123766
-76,9390653758277
1,96491052782288
23,2806068571222
76,5030033789430
14,6441896598362
15,3916895050423
-22,2181778927327
2,91724247017316
6,45724951233637
-40,0355123957424
9,45242981496895
15,7775793514311
50,5828286234933
12,9976051956518
17,3883048542268
-46,9660997097989
4,17857836098701
10,0914969522925
5,10966490794866
15,7729339961069
4,83704643532791
-54,1530564558813
7,06010998570472
7,67685561782956
-88,7228897627421
3,60417182368458
17,3238628347069
65,5562103870978
2,95549663099930
15,7589891369059
-76,8371772613055
11,1718452571479
6,24559972101659
8,38460020612257
14,0031273364077
1,08555044333984
24,9367931619519
12,3034307252215
13,2862863403705
-99,9248355621212
4,18295540093124
4,40503619946485
-67,2769759638775
15,7712939737462
13,0475509368261
-98,0966870834405
0,706943882136253
21,7820533923206
50,6002909497106
5,50634136471615
15,3403206521163
40,7419509416344
10,7709584151425
6,78580303666571
-28,7317878439728
0,907746658706119
21,3634902555124
34,0824229508766
0,873131905633979
3,93650349014754
-81,8009891522009
9,03784458366108
6,48546595324965
64,5309980861216
10,4151428248611
16,7645120153231
-15,3560051665523
3,79244478467127
5,64893482167158
-79,6823622697337
10,0306619565123
20,6491632387539
-80,4821288342049
8,48061357353180
8,10240705788374
-78,7285341183590
8,22854094517978
12,2096643956527
23,7397752829501
11,2260423689328
19,0930938342297
-59,8025296140760
5,97905056387562
18,4418875583164
-15,3603928392935
9,82452923507685
15,9006486554353
61,8044307094252
4,91659074352548
6,22852347838563
-34,2167055056393
1,48635141665937
18,3579206945955
-45,3300347129270
10,6067432538048
8,48762844811256
63,7657622399239
0,457203268700104
7,56919595975450
-58,7067214479888
6,15271729719265
3,17854972457794
30,9133694483569
1,15283059091581
0,253507468154583
15,2026155873945
4,67069509788122
23,1232194263679
12,7425534225034
3,41055312451046
22,7501548906636
-37,0645027735388
11,5519583423736
9,55369780547272
-70,8672358513756
11,2804004085000
17,5348016471977
-73,9566305779019
11,4419187194307
16,8085482273652
68,5333413990540
5,77956231947413
3,19185325395464
-5,07766208863638
8,74351967550341
5,02422596484909
-53,6605301274462
5,72531216416434
22,5706635888366
56,2084104934685
15,0553025871604
22,2959077074315
36,4848726293466
7,11666456456930
9,44204337167312
-67,7562870284327
1,77310303262190
6,25482253293612
-71,7612567029955
13,8419482499492
15,0675370057839
33,7485661029687
0,568879807582077
15,6362636365989
31,7465769551684
3,57221845255290
0,492072236971868
28,7611873400010
2,20740584855059
20,4933150601007
-62,6424074325767
4,84120196850388
12,9486142829690
64,4196929561398
4,06706849527810
22,7358561042417
22,7492150260820
11,6989413470828
2,96562418462865
86,4443978686101
10,2029742255632
23,6537260314016
32,2832318119571
15,6039217636517
23,1761204429302
-50,1593670274509
5,29731231862901
2,37012528033398
-90,6615597212070
6,73105609772237
10,3814347286277
-92,5718925946446
7,68680849586618
8,07155791867172
43,6538487557453
14,5573478304031
21,1563389843434
-51,3163803101685
9,15399485984968
23,6987579900653
-70,8647366336277
6,79737353500710
18,2305144358556
-91,2089696443957
7,27068562647669
17,0962431193875
61,7660906221700
15,2193253596591
16,0352976410960
68,1447496217803
9,32713412400281
7,89706501398959
-54,0965939726377
6,26296476660755
18,3036693370475
49,5678092620150
8,92924454125232
3,94121023729856
-43,6106124702317
15,7848657182581
19,0017672807084
-32,3496973384193
12,5379686272225
2,29774757932685
-34,1587643607768
1,41155910772338
24,1913497989258
-86,6731189479162
6,05596259619454
15,2241587086614
-84,5693093228763
12,3120738480523
22,3738110068854
-1,03367408948853
3,19052070111972
4,85366326807697
-24,7806661198478
5,64921332981192
24,7014485512100
-16,6826702436099
3,48285600136658
6,03287153934875
23,9370355582336
0,0528823954979529
5,58552389421388
32,7059057474219
3,06600178198799
10,0499485446180
27,1018229147185
7,20381656922763
19,5226591375089
-31,9596723458694
10,9092627104612
20,9803003234227
48,9510485572266
7,48906367853330
10,2374943639283
39,1011200517283
2,05401097071140
10,0600133144938
17,3154092110238
12,8589486129650
19,2937508305759
76,5484541013325
1,21556748724966
6,22811715781994
91,4418383621595
1,96924955435185
21,6435266161412
72,0158334553154
13,9369183341767
17,0546516702672
-35,9275311569204
10,9670342615842
24,4348245102140
32,7175967462268
8,19052074023357
4,63809763859990
81,1265293984142
9,86398590621098
5,40456901282844
37,0822412807821
13,3207520139173
7,82304645483729
99,8249516873169
0,169090514061553
18,8003009431433
-0,121193658810848
8,35210913828972
9,19341517150509
-45,4200565791564
6,14174007172171
15,1114000884786
38,6820668463662
0,940089067443196
9,58587228518859
99,0025056960070
11,4288723357713
13,7621957314990
-57,9244785569845
12,4498498658508
9,63606054287209
-16,8538533654438
11,4663957635014
16,6358758318374
-67,5984985743648
1,91760604143133
0,367854088658476
-50,0556045784337
5,17807319560212
20,3281117189971
-21,2584635484413
13,8589398868281
8,74639937073009
-31,9666678716128
10,8026984343711
17,8878881316213
85,7049767335375
3,82905329299713
23,9723450969655
-9,45522925136875
0,455594271278899
12,6854280179567
5,31331533051096
4,22170326090977
16,6542055066972
0,230825025107206
11,9769213229078
10,7366358590549
62,0652762937056
6,89309279937688
21,2374635892061
60,9676400953384
15,2029294498637
16,3558344321108
-76,4358335378188
1,35174438963968
12,6064436898048
23,6700457841214
0,262855467492818
9,21290148826783
54,5455045311374
9,83375875143200
17,1312357254852
-43,0323090280364
3,41625855491483
2,48018787939391
-46,1759524329054
12,0585651165611
1,19117092416884
-6,77674934582968
11,3928524831303
21,7333978744337
-25,7499350329266
6,50447240433760
16,2966841465972
-4,15186664226510
3,88689719517635
15,2614675301471
-12,3584626530782
8,46898684245318
10,5486426312187
-48,9547608272776
12,6779643664410
12,5926843739443
-71,7724712719690
12,3446770985582
4,10352308439494
-46,7656080921756
5,96723252064660
2,32930323810116
-30,3032555588247
6,97602348815738
17,1331216130487
-49,4956069968241
15,7869613600630
3,56678245217268
-96,4563943134134
14,3390777530060
13,2177913317257
-9,85050218350223
11,7674450032769
0,0893193331068858
80,9163391304733
3,53137992299434
10,6264447733745
31,4129968737264
1,10618137941576
5,60852262941025
-71,3135238030791
1,41743341000689
16,4985533078372
-48,3006326829396
4,19888648108724
12,5775474094918
58,2529431398111
2,42332244717461
15,0014309951959
45,4759780357797
5,82623503688990
5,00434147151080
64,6237050863252
10,8967043869410
3,43502546810610
87,2605545044708
1,63405598808901
0,594725715859608
-61,7656815983010
14,1932503937142
23,4885674555221
5,38873214168392
7,47586985349258
17,3875330947510
-43,8780078783519
8,55804742830205
13,8558295752288
-18,3225146411083
1,29789231652858
7,38535722797661
-52,0294184908882
2,21686140345143
1,06579368764210
-28,4888836448780
0,513332000806864
21,3440052083616
-67,1358017387133
4,37471797010092
14,9170525210355
-99,4940611044242
12,1698687524604
0,463169491073431
-18,6683945362341
15,0196875956550
23,3297740467870
-44,0764662333306
0,245060632225277
0,244708106671798
-64,5448959475838
1,02871189985971
16,0238884907039
17,1315954125150
10,6766636702151
19,7171345887288
44,3036377664710
9,00467768390427
13,1625736057760
44,2521829417621
3,78423913407926
7,28121043203085
1,71722392714451
14,2828168996122
15,7082135220989
-34,8148341162231
7,38573915590115
10,6367167887941
-9,03242054888489
9,68294044657729
13,6592590818137
-40,6238803328446
5,03202143467438
4,76992708296661
36,6053708136588
2,15793815730652
18,6122209252382
84,9456286390150
14,8499628620131
5,32140548195428
-41,6508694655538
15,3265778190140
2,50306139692990
-4,80115298600528
15,8283433271401
22,4096246574378
-21,6911317778226
3,56278015617730
20,5584243846934
-36,2208231380213
5,88736578056597
22,0695937512552
-19,9628345756970
11,4106930633231
2,20310738530412
75,5185079704851
0,468256480714661
17,5046911935223
90,6320754151484
9,54246041405899
4,25560559324682
-99,1233123491084
5,56247566653996
20,8261067763263
20,2856279184197
7,11992331396296
18,2014271180444
57,1155232422169
2,33764597616246
19,3973253783994
27,7013253251070
2,82724916548292
19,0873812862288
-76,5970418777809
9,32626357311980
1,42748663936800
42,1025528109173
6,70579715835163
15,2461930404714
-80,4500522837364
4,84183511086552
22,4617950112096
16,9531216907824
7,27953878282833
12,9032681127304
69,5129542168678
6,46223279046303
12,6542884516855
-53,8549260895557
14,2765401081972
6,39041391026645
-60,8024174667797
6,72944556713520