8,49743490979144
-85,3972733622421
7,99151347256960
16,4674475494411
53,0031845280668
6,17093157783537
9,29586199817442
-3,39607026040816
4,83457744464835
18,7430688274077
-66,2551333058129
12,4415405856458
18,4634761582518
-41,2485718764203
1,99457996164800
8,31244672398990
-45,0816304099655
8,61835199276334
19,1953969463239
-41,5443380827670
13,6283834387116
6,71674850528788
88,2460756011695
5,93032427444466
4,84244874378281
-18,2500911844690
5,63800295588559
0,989591506325329
-16,5076609602946
15,4429287410134
9,82889184116605
-6,82533897847615
4,96901708348745
18,5527523859561
-37,4318080835386
3,58365165809854
18,2264170540613
72,2736027905752
15,0239340834038
12,1392397552854
11,2222506388824
10,5981222912192
3,27053666936970
10,5956342685932
6,49346262413811
17,1806752170153
-83,9567730269490
6,47704531284047
6,61983813306215
-29,4198165097368
7,83318175603926
9,13652792504355
-33,2315787658491
5,31254009269714
24,1797664482069
68,1804393233236
15,3687310278984
0,0845138418722780
-39,2788156394329
14,0306491109866
10,5349851820576
-33,3086379610780
8,06672848249424
19,1268514539540
59,7575878001357
1,71526086498369
8,30931693310005
20,1024889627826
9,09386287731204
0,239573707242958
-80,3111872450937
6,09792515613896
22,0881813492115
49,0877042452598
9,60471523069615
22,4363106514491
-30,7690967413975
0,822681125171078
2,01676226884404
-45,9383718305309
11,1621818771095
18,6950031630068
-52,2923985239343
12,4034097678311
0,456149757825211
69,2871875789485
13,0841592226634
2,02044773291807
13,1280481115484
14,2083465696376
6,92991309898930
-53,3263149831018
10,8967662645877
16,9320796202825
-45,4449271692709
14,4302700372142
7,99953347783827
78,2117506373506
13,8181970402916
1,03665186122580
2,51833914309312
10,3875945460978
16,7110361297269
61,3563961135075
6,43860770018477
14,3265024879120
80,7595393339425
8,54232160607092
4,45817604958235
40,0047853734379
0,564925681529834
13,2120663259762
-1,64065774687321
1,94681806421425
23,7391312196348
-17,7492296149415
9,07477968225333
23,7844045382421
-1,39711804707336
15,8373957012482
2,37743154171269
13,3744535648373
5,74096290471262
19,2802055292279
64,6885686812449
14,7297366463229
10,6656927711148
2,65658094352494
7,46892684750018
9,66471237113753
-59,0414578901785
7,22560569325473
22,9797724929305
-2,39461799624445
15,3255546588784
13,2665036844177
-92,8642824515126
10,0399445437905
5,46394276551992
-93,8289433923103
13,6770454856061
7,14295185684740
18,0284746660945
5,35004725786136
6,99811464486706
-58,4970741730510
8,73556737552695
2,49244929010125
21,5315099706499
9,98238443646930
9,41592857172548
-79,6948126387708
13,0544374736318
18,2647714387894
-52,3549355822409
6,83058520451734
10,3311600399485
67,3850110894591
0,728567507591325
6,01200405643082
82,8540523465656
12,6870305501663
13,8866450045646
-77,0784037883961
12,5407403468125
1,55243586723003
-64,9161579831148
10,8662288980300
2,66365375080119
85,5070792502269
15,2105602501259
9,38682620443080
77,9857152077568
6,30672042970459
23,7875180024832
96,7445893247406
2,04074244839423
2,19858170795459
38,7218361488847
10,4488919117285
22,6269391091663
46,2278261782150
14,2591623204015
12,5588769479245
86,8373583256653
2,57782205530702
6,36446524935613
43,5235036037434
8,50953004237034
7,45183446767435
-4,71941965078579
7,43343189418257
15,1366180946101
17,8674691311382
4,43979241768997
3,59745732649555
42,7677022704047
12,8715487307986
2,99694238553482
-77,7301867223459
6,78406333811988
2,90657290264054
62,9657409350197
1,11509479441269
0,835940039279413
-3,53501251204325
2,33032111877497
1,49373429442800
36,7109761968170
8,38543499130450
19,3610042847148
78,7001701417744
4,57468605486945
18,1326783358878
38,3481243065616
7,20411079030098
22,4638210613794
-98,0701776822773
12,6818509031273
4,83069273535114
-39,4847514919119
13,2089764676878
7,74810568379603
9,49161918107124
9,23674609524563
5,76750259682914
23,6539386990655
12,5127295204846
0,319820748811825
7,00410875900834
5,68965318808311
2,71518102291037
-95,7259427121659
0,523824559522563
16,1843275890509
7,26405421725294
13,7077506402157
9,00224349841985
-96,2843370827451
5,43451752136613
21,4577703583181
64,4749073710083
6,33206039234717
12,0241541134422
50,2509734055452
12,3478039301483
3,91045363075459
-5,82494343062434
15,1167264808341
8,08241858353142
54,0552563695665
2,01228555770526
14,8150929323289
15,8186883704811
10,5585691794088
22,4707686754833
-36,1218330644965
1,22113686947032
18,7753031452136
-27,1411747925198
6,89419052719692
18,0035694758889
-66,5469608394455
15,0775766487147
3,34256383807252
-26,8207166729676
9,65709597413720
19,3949403148870
72,2639653854756
0,997388959091596
14,8857388219718
-91,0741943600015
4,17181217479994
24,7559661247171
92,4063743011930
11,2787056285145
0,390476295873881
-96,4870976256669
15,1836798747368
20,8301442851450
-2,42707815678833
5,20506305906913
3,53485172284618
-23,6049703782254
6,62755710136595
23,6429714780375
37,3117698445559
10,8854061558532
8,57038566752015
11,4704160447392
0,116387610541810
15,1160793332438
77,6916279859452
6,95016232218772
1,68424888647154
13,8853861183924
9,69981945768604
19,8805009971248
41,4274409604821
14,2248238761559
6,91624297046854
1,29793035285148
9,42191769768405
0,838271607628224
29,5279986042202
12,0140808357711
20,4711213185201
-61,1264308079998
6,59088014606608
19,3658213450110
-4,93441350302659
13,9000927727771
3,28368191535238
-80,1698759110906
10,4145171669727
3,05458907422723
90,2124426713135
9,32087425401418
8,49079887655403
-26,5020782109008
0,630108128991530
9,73686467130895
71,3678121128252
10,0336769874905
6,67655059248805
95,8192190075622
6,40296242720376
0,895998223608844
-38,5658186950316
3,42708971691491
9,54853742965514
67,5539139407453
7,41111202549345
14,0000983138526
-90,7715621274294
10,9843124791824
7,29934980069250
73,6980818347524
4,31825956414358
0,540173154606016
-32,8762395242712
11,1128645055039
6,95183162684924
-39,7401944120796
15,1280559742513
15,6269543008144
79,0678676054648
7,21657586131395
5,95733320454864
3,88007914288002
4,35402156874690
4,61497858125329
-47,8922970172746
12,6240832389031
19,4082768568524
88,1798510436127
6,71212435966368
21,0526547813399
61,5478076486592
9,77843655484200
16,4033424458630
-79,7984941149428
2,87972818990132
5,56278808376595
97,1808718378418
3,94967448746411
14,5290333131391
-76,8286122638822
14,1965304679613
23,9565173370568
4,77366199740836
2,17017668904417
8,09333981311535
-79,3507995581190
4,55200164633214
3,25989863833384
-82,7718657920566
3,74309924760108
18,5056587689344
11,5092285717224
4,25926791256279
23,2133406678444
83,6616936825724
0,293905218275530
9,18316630261458
-87,7629413987423
1,69082355165727
3,03547125067774
75,9026857424420
10,3104499542190
3,96835661183718
-1,70077538915456
11,1443075253016
21,6870104775890
-31,7174972538758
15,8673469172985
12,1671621094917
64,6403024859904
13,8505659643383
5,01082070754480
89,3431818714251
0,613937997509755
6,32603281412587
29,9048219651610
11,2092440020636
17,5791643543867
95,5623622372424
1,59836093526743
19,1732571854226
1,15269367729516
12,9418543986453
12,1364282643421
80,9118533801321
1,12708831075318
23,0972778510790
8,91457027691867
10,3431007289478
15,5440113491167
63,8578450679020
10,4174226531427
5,61265527921920
74,3959867674840
11,2506131959804
20,5294602390800
64,2375875172213
7,57857695084932
4,24216553634027
56,1319655161188
1,88013049494077
23,0220410059219
76,6435501678711
12,7168730833630
19,3937981967213
-93,6858903529865
13,0048109603719
23,0026064580510
96,4259925849161
10,1369089339826
5,63005982785324
75,6577625975216
5,16783495603837
10,9315413353501
29,5551281740380
8,06441918587152
16,3631566719958
41,3016392672590
2,20598710777645
24,9586274580513
89,7489262276996
6,42773426416623
1,28223624501112
-13,5812818810877
9,62497340207743
7,17864897113916
82,2396627169400
13,9136399052846
3,99407566207344
96,6319804935301
1,00886494074550
23,0122017567931
-11,8043988444138
11,0000001363407
2,77633750788152
-50,0485154100566
11,7216317313044
1,81315667881631
25,8992162376080
1,80135441117885
16,1165993572976
19,6818161727542
14,8100560979472
11,6311162085374
-97,9865692399799
1,26889956692572
10,0350773075413
7,28535033856745
1,45785817398135
20,2576632160881
3,86903236860185
12,7356634380176
1,52615201395898
84,4093332214972
1,85790088711992
1,66633016957561
-64,8705294087737
0,0814065241795134
23,7524279298415
19,3926341846956
0,271413318436387
14,4309099021547
-98,7963638166990
9,10594733444824
24,8057946713647
61,7967398120989
15,3620679613498
4,71349482893718
17,2112695479327
1,97975018894948
23,7797044869794
-43,3774495838650
1,50768165946575
16,1390829852411
-53,8228888154871
10,4667351710426
10,4720045696874
-80,6443743000903
3,47138669277391
2,94176781010605
6,36298844471108
3,92102354866909
6,82461527397460
-72,4728108221887
2,89729924559464
1,37551785823851
53,4578722717567
14,4182082570651
0,563744958177411
-90,7253303306613
6,94118177598637
15,2499628427433
-97,5268896538310
7,30493971038200
23,3816045863515
64,9622210633008
3,02033462459639
17,9896237178515
66,9379377182962
14,8882989777180
1,19300145638086
-65,1036986626603
12,7210539895077
21,5431298790259
57,6437894916214
2,87304249999223
1,25745557792779
-38,5342217452351
3,45710603371203
20,3251185285604
86,3041303095707
12,6805031652658
7,69784036132929
76,1537943771877
8,07018856903600
21,9220450778127
-59,0193221087518
5,07178646457766
13,0443406358805
7,86974422733242
1,18561880032129
11,9625415732235
46,0372150540823
11,8498895387087
11,2953060040157
60,1177729623326
15,3533730583422
8,48917203973336
69,9927719563496
0,459341177138187
9,86756793323653
-5,83883436010686
3,23904264787822
9,74091558194825
72,8768015305952
2,63187324815079
14,8054137715884
26,8491374846071
3,28528743356068
2,33277019978312
-55,8411009831877
5,00863688153626
9,81804670609383
-71,9724663277957
13,7619764962397
22,3906232099536
-71,0176022871581
8,14154391612819
12,5143509886957
54,8184540700690
9,44374789402277
22,8300079318033
0,217986869320708
9,24982617653388
4,01010180661480
-33,8248336827486
7,44749371505944
7,33127881904007
66,1341569049765
1,12043921684856
20,9115730434424
46,0537554042019
3,17598123325911
19,6602455770574
-92,9971402932219
6,40214576410151
23,0638088930318
59,4673190285783
8,97113652511325
5,29606937466992
51,4207567663463
6,89384153396910
8,90432451899041
38,6512860875822
7,44344661422562
17,3054725568689
-0,0266053492380403
14,7061364775255
23,2793553207161
-61,0465504530634
7,35968134566026
10,8169428917783
32,9595266186451
3,49337055455164
15,2467694717030
-67,2489273234975
4,32610026043939
17,1943752825993
-22,2388349436816
0,150863144559716
19,8707845579441
-69,3809036621677
13,1419843547084
21,6639248663680
-89,4555196746846
14,8791943768588
11,1261216951278
38,4657071096444
7,95430540450465
17,9845877206812
-86,3300029759156
10,5323323557290
19,3859794400366
14,2030734343825
4,83529398856104
11,7146368785774
89,9464319758355
2,35199853020104
15,5287825141172
-78,2339442889739
3,73191859636444
17,1828577147444
13,2719113490301
8,86314814258200
4,14842394902764
-73,5808804451619
11,8083481790780
6,75092358514718
-77,7491355710150
2,73139413714635
12,6044162164457
60,6734446751962
3,47723335600402
5,15005459638702
79,1083526965918
7,07243828933862
11,3119551126528
-41,9790845200601
10,0492572948276
20,1061073721483
13,1130152961038
3,73986082787775
16,8191755966786
-96,0341557494246
1,35129095360911
6,61425034969279
-39,0273666594411
5,64554947428776
0,437488116243468
81,8209595396356
2,13031463866318
15,6115779996799
18,7110275733669
7,42075863432267
16,8248226912583
16,3084423202280
1,51995766987326
10,0228297198497
73,4368556407941
11,4282307171531
22,1492310486791
66,8577930450489
5,87895844924383
12,0587205618160
-71,1060611062891
12,2087528934236
12,0145787340627
-89,3897991250423
7,60825616446850
22,7263098264058
75,5048271624667
9,08391519172603
7,85258403182579
-16,0386061809863
4,49189011687741
6,95973042596016
-70,5498964470934
2,40936519115624
21,5294939296357
-54,8869322748133
3,53445705968293
21,1704995865866
-38,5177030397883
10,6968735962337
20,5613744143724
52,6523487850897
4,08674640963760
14,6967447394197
-37,2884189006098
1,63571607485678
24,6059063645776
-95,9302249548990
10,7438469904611
6,26478221144503
66,0092257163233
3,03315519327019
18,7407945568033
98,3549688659188
5,83519616247643
7,71068932518188
95,8548215576178
8,69673141181653
0,528909489103437
21,0719337294927
1,60267672893421
6,85794344804346
15,8060687468080
8,71913975024111
24,7861565727451
-28,0989777859383
8,23738427558886
9,47000579903676
74,4528388851553
9,84480956363942
24,8014122530154
64,7880871346662
2,54447404974986
6,54481474012661
-44,8391034008951
4,35077678971225
16,2572990498747
-5,00007544083121
12,7025857709596
17,9244116101863
-86,6290294725408
6,97756044690593
17,9309837821562
-97,7407989464656
2,14022846136533
18,4102412904814
67,9865734423147
4,36557780160033
2,75648092379174
-80,5837023835899
10,5121394535994
3,38194490905443
0,892993663947439
8,03793765117963
14,6403366517297
67,0107706587615
6,20128929531541
12,8603507764042
30,6038185245629
5,95619513650613
15,8785408907915
24,0196548427783
13,9225748981171
22,8422983702611
35,1555862221666
10,3118747775021
8,95740565401068
65,8481672912300
7,27135040273881
10,7023048247948
-12,3277368478911
0,222096391702799
19,9121731571392
-89,1557400394697
3,99348226460318
7,41539140099889
-55,8280408182217
10,4802912001206
14,9234544122163
76,3315566914433
8,04076255609977
20,8469074428187
12,9512657345753
6,61844085744471
2,18242397293611
-61,4389809594063
12,2389410645403
14,6848569770462
-84,3782614644474
4,01735796695083
19,7922024803575
-62,0352439797574
4,01741557735115
1,33935057577539
93,0723055509294
7,91554793023261
7,59132497970602
-24,1885903683406
15,6713332769469
1,37311041169317
46,3237046612522
11,6548132726504
6,70653508226323
-75,5240910730358
2,20763451644523
7,57927186600626
22,2724831098709
9,91883952207616
11,9654470688364
-52,5684045353938
11,8567577134996
18,2735592272411
56,1568161123374
5,53175327026969
9,97974894385666
-38,3917351738713
4,94803138508347
13,0001478604656
-41,3968255349244
3,59941895663563
3,11687765906354
77,2509985058237
2,81056802024746
16,5026670967988
-34,3326802977633
0,520419335677875
10,6176053204103
-73,7411744084526
2,05341627710078
21,4400082284165
5,60616065200874
12,8906841521037
23,9654121949861
-57,3558831384818
2,35184694669943
6,11197828583074
81,1430824012148
15,5891585920415
18,9272332367186
-15,4598675512303
3,07317671977563
24,2697913852810
-2,63665770657313
8,10085341600769
17,1859787921778
-83,8414183658960
3,54310765745817
14,9547388861804
92,5546183131309
7,84905989393897
11,8297930242562
-4,14337106259208
6,86699194535111
3,12879475284593
-65,6698117668187
0,0961319399026834
11,8347426760472
-88,1998687973412
3,13492572379505
17,1182936723510
61,4130492714603
12,1396003759996
10,4711554748180
-97,6932482547960
5,10737105238360
8,77058969387543
-60,4942047747268
5,63645279977355
5,10525755074143
42,2325563083565
10,7521994434810
4,88378028738893
0,345308948486101
9,60474966036471
5,19813237417782
64,8346148675757
6,59843530785100
2,96913333460880
-66,6028753971833
12,7974934839499
15,7209566494165
68,9904453841447
11,0294696275932
24,0761326318203
-40,2163299320079
15,4574103537947
24,3493511237065
16,6221650960006
14,2207491609115
22,1110756838216
94,4275834337999
9,78988276919274
18,5220712610441
71,8619200180785
15,4386258853812
18,9744648538001
44,2559630485705
7,49556190515630
21,0211637672136
34,3829077959909
9,47695998849154
6,66423517272976
59,7952693920874
6,11400611146585
8,08036682693040
60,9037232242525
12,8360612432683
24,0986621365969
-30,0108006240648
6,61215632726584
8,26697597207163
-95,6428356686921
4,29359636548045
21,1016256751896
11,2405273482846
4,13259756335373
21,1261755412865
-52,4919976782967
12,3973253006826
11,1041609775914
-27,3031343610426
11,3138476799109
23,2713243296855
-15,4973517825326
6,91986795128481
4,00246483162420
26,9734272240797
5,84307733493352
0,241906758847133
69,3799116851059
13,9345184068050
20,9261562682008
74,2875642850489
11,9503806893948
8,58702488663329
89,6622336559210
4,69704442089823
3,14738542958698
78,3675145773206
4,27889526451229
13,9788524636802
-76,5932044094720
7,59460751989409
5,32283933153211
43,3840787050333
3,00135915529977
16,3402335199886
28,6899569715783
7,43147142915405
10,3861929498859
-86,2157345952868
14,9134325805827
10,4309019763599
55,2105647481826
8,36474409952877
17,7849904922419
-37,3201270888360
9,43289284024092
22,9799551029035
-28,6899234182100
13,9116969848847
16,0511892233537
-75,7481692637646
7,01044182571634
8,25698648512176
-48,6053189410621
5,16750532703264
17,9822290718158
-21,4144912512597
12,0828919425158
5,41241747668614
95,3066153910106
13,4351872491848
7,95021715374317
-33,5183316945811
9,24959241726466
4,11369560614278
11,4581751178912
10,6649192164408
4,81013320732923
53,9771071082226
7,28748923906841
21,4009850589803
10,1599457056955
1,93959148387062
4,34682668122050
-42,3805442967488
7,67970869243457
5,34819160837873
-3,46199823384104
8,81676609757028
18,8269318133018
33,0884227157539
8,31632208403575
21,2582812385505
90,2585392920688
8,84608788436689
8,06193333893023
81,5722630955212
4,80987260317480
11,0127788762746
69,6760802093021
6,11235339832251
19,9129435621475
53,1914025846024
6,18521684946232
23,3348284018904
-73,4077940181915
4,68857921410613
10,9865859925255
32,2378713486192
0,135912543811200
3,98693513762828
19,1619604110746
3,70558567912821
19,9864221382181
-13,7110827597069
2,95494869421976
5,75156584856925
44,9052068153620
12,1167249453992
0,749351443782892
92,1464402673067
12,7162341775078
18,4900167167178
-87,6531219320635
4,98342972445800
8,18234845923184
-45,2119349957848
6,21972425055670
2,30149374694429
13,4249526187910
3,74234542240034
5,80522633393109
54,6700973452754
7,28411420987992
1,44458421199912
-54,2769181180387
15,0244412878482
19,9859416892280
-0,678842812580127
13,0953165130395
11,2001456246766
-57,3425326711629
6,53941762863084
1,66548210465808
94,5248366950328
11,4573886735435
24,3821642839158
-40,6407312441431
0,507033645930250
7,62600063270467
37,1838536482629
13,3414365800655
5,21085338863985
-25,8200691945377
14,8613702487414
15,3904424674236
-22,7803593424754
0,605797261761849
19,8434480053604
-23,9573704477888
7,11433982678261
16,8048326888943
11,0601381969079
12,9639685587872
5,38008192842400
-34,1028415523422
1,16000337857552
16,9507730427260
-48,9368390465380
5,35157349127963
2,60475897014235
73,0931702862917
3,32291880854950
17,3559106089898
-84,8062392145557
14,1212172646041
20,2711842367621
73,0515456660121
12,1279425698167
24,1433254610583
67,3030860465466
4,53161447579497
20,7287833746384
-6,54838813932688
7,66940549217089
22,0283608044993
54,3070541997327
11,9706213104176
14,2599923814730
52,0520584862847
5,23210243716521
22,9820442578539
-65,4667188999824
4,74572556629838
2,43491314908239
92,7510230766393
13,6295109205206
2,30104948465613
76,1176622796599
9,01100582553242
17,5539097631850
20,2819280928541
6,02512943488130
3,19293828924027
-95,6704065867459
1,48098701730181
15,8403423766800
-63,6410391197121
7,56996908554000
24,4538697437576
-40,2330935311978
10,7539316062166
7,92656343406417
8,65708978756268
6,48959915065787
14,2578111017877
41,1634264670296
10,3972374721444
7,57184756619011
-93,0289741453648
15,4971947280681
8,41925990271798
-26,7914530019246
2,73040792462779
15,7633065909539
14,5250088196403
2,02314098215321
21,6256320708971
-32,8025674006317
14,6408452315093
5,55396511026885
-49,6795293868009
11,5683864376968
9,51325970205232
12,7936272451565
10,6388609036044
5,40740835779976
61,2899558425223
13,2958612072115
11,0574224942518
86,1938073981478
9,78854687040729
12,3523533485674
66,9754603954419
4,57319949195873
19,0913467369922
81,2121353139193
0,784558780407771
3,83601355274320
14,9904727458590
13,8085383624119
22,2074035391563
89,3568970156709
0,975089013867438
24,0497826861934
-91,7680584361232
7,79960434402429
23,6787444369335
44,4050630587888
10,1435358294111
9,87334246773729
26,9453623384267
11,4937212899039
19,5176451211414
-60,3404011712219
5,63538796872973
20,9711051388835
41,3900502296287
11,4117819107116
19,0613649597697
77,7280305802774
8,48548111191027
9,73031325759716
-85,5331375339924
3,01871900620278
8,62373039909911
88,0492177424120
1,92296826187216
24,4321150297751
24,9803082851138
10,3205614136644
20,0904900434554
-36,9508096159157
2,13610269802565
1,76066862552526
12,2394291493301
12,5195078373283
16,6243750148372
-82,7833643833751
2,99986354564843
19,8637685155158
-50,6966720087504
8,80827308269418
18,6258603870835
-30,4643805394813
9,98627085975100
12,5143404583375
72,9175703192641
11,1267477588061
19,0011328978093
-80,1263552348820
13,7845529721776
14,1317853936342
47,6605474980059
8,81096339539467
19,3483311211788
-43,5700557231778
14,7377898419892
15,6387577472399
-75,9502890999441
1,06628577226367
20,1074106651897
66,8478946371142
15,4126788110690
13,6382796378636
52,8478828138260
13,8377297146673
6,23007835916232
53,1384994296353
0,773823435984705
22,3784876917459
-81,0403445549762
10,5492062868221
21,3771605911920
42,1499222307599
14,4545434828695
14,7202276877572
-7,37045842505215
3,23969295529466
1,31527520996289
-81,1594761767027
2,06426414552179
12,4085839009380
16,9218686814110
9,98332879490593
18,8772611869854
64,1652744505515
0,385331940197775
22,4359585065931
-70,8969964266455
5,37031275012736
2,11922714818931
73,3876383658639
14,6089731371033
12,6884858210155
93,9240232850925
1,39485538442305
0,423294036855499
-80,8775367667868
8,83972266536663
4,96334035436030
-22,4141343861022
13,7433582084867
9,35625663657858
53,8856963907762
6,58659675838036
18,1630943114650
-41,0159762429341
6,56093363487437
15,9965410791323
75,1756689796614
10,5315544280134
24,5217248421239
-69,4177093043658
5,19220512832496
9,71154253331673
90,1064453300502
2,42033829985521
3,07738706221378
9,23159484594189
7,08960110013051
21,7751804275092
68,1980982515785
15,6234062434991
19,8051544754650
66,1039818134456
13,4241944535130
21,3359945462442
-21,7449306467897
4,31161425983739
20,6845200388400
-47,3885827699731
4,33912454304253
24,5955080323334
54,7228475168691
8,49558878666178
8,10858761880691
66,6341121359370
11,0920800278318
6,16217351336684
-46,1368877428819
6,71917774844518
4,73398808436078
49,4722015041465
9,67569659615554
0,535821886518392
23,2342585084048
9,63190439639100
6,65306741937632
-18,6897530140435
13,5487842662826
6,64913151577747
31,0187368221204
4,34393441042076
22,9065655518319
-8,60834069462628
6,12185458523755
12,1013385837276
49,8496185031206
13,7260480884528
24,9642616139340
-79,3165781792818
3,31727172129201
0,691511645178228
-67,9208636572598
2,19992519895048
22,2172988814643
11,2059417767555
13,8658917043780
11,7723951634719
-16,9708343796135
12,3992614608732
3,88315515933185
-33,6420864354077
12,2131885412279
16,2702232565385
-57,0535807617371
9,51628499860740
8,77491022313694
54,3707771864076
5,06095522699578
2,52830635519380
45,4922628138604
10,1606731926019
8,90102870663250
68,3460769238743
11,9777983203120
16,5739514926961
-69,5430064164319
14,0820901213409
3,71907343735225
63,2405397302634
6,13495558816916
18,2545516449030
-81,2777197161320
1,59754540232668
12,4120579440198
5,53201164100390
11,8945449075915
11,7433342204046
-65,8267330910380
2,73292017860730
14,2848655600094
27,1336374601378
12,2614163291511
16,0330548828731
-70,6908058252212
10,8824244082703
6,66244826186661
84,2865027246513
3,49704364168228
12,3841243989847
51,4572280672611
8,56032458447246
21,5321733937508
85,8031850627501
9,80796220124300
17,3271656405378
67,4574879681527
13,7982898743969
12,9179359664333
-97,3904492607921
0,444745550573357
18,9808737496147
-35,3545595007069
9,05236807133493
2,45973978356362
-41,8422019300293
1,46927406233877
11,6468700965146
-76,9746777412852
5,50896566300737
18,5715175056954
70,0556093201141
12,2625943322238
22,4665091718018
95,7797051267577
8,91094155466884
2,52341572971997
6,22059993331596
2,34979018366598
7,57123243753103
10,3788924867543
14,1370116806295
3,13559345019977
7,31668406995898
1,09117073112314
12,4923316968637
-34,7859849014605
5,30143330190670
19,0404846795819
10,4099444002283
0,425666347484587
16,6640183405174
-64,1390211648695
4,49016240880845
15,5339863012261
6,73178684801994
3,30598887564889
4,73917643300779
-52,9059087243899
12,3375275468170
10,5920198161835
-9,71975518350825
1,49733486899237
23,8673741556298
-51,2967147479194
3,45035266087701
3,37672309978523
71,1023799473907
1,40069900384343
13,9903482655878
-89,8586402192795
12,5553858618796
1,19152036573342
-61,4699883291832
9,45685215260593
4,88853729955083
78,8241989308466
5,13179301076846
12,7148501697747
55,2645465676791
10,0306214541386
10,5994238661489
-73,1577641900932
14,4536070163203
23,2278285027337
-28,6146351356250
4,14231086902204
15,1837059819188
9,32731639280537
6,27641853294308
9,51544609064955
-72,8282778850614
3,14717884057732
1,46894586550609
12,2408426141221
13,1136022329040
13,5803319202477
-15,6786311796123
0,909138957493598
13,1591341880086
-24,5802735555422
7,26186033407755
22,4137182427873
15,0773842861867
3,96170933037971
18,3749649636760
70,8722042717658
5,94524853187509
14,9300231811631
69,1060085783137
2,52927718192738
21,3891451254338
57,8307291332277
9,42264119388638
2,53290850716067
-69,9662832481325
8,89509013240807
13,9051181309951
23,2258520254088
2,30174206435473
7,56635930338390
-64,8083246725724
15,6710925421693
23,4226234573978
-7,31253697739012
11,7937556360733
10,4913099261507
-91,1643690361160
1,71155770771604
0,635334005015348
68,7575453791231
1,46837459762172
5,89233176031962
7,03047080545935
8,43771693029776
18,7271590523834
84,4572376670635
5,16866311067225
22,3746920451661
46,3562199484024
7,67694269001053
18,2688452620890
-21,3334326907796
1,68348758890787
7,18830355244565
22,8179653874466
15,6178153040993
19,8318567837649
21,6747526128566
12,2826265365029
5,69665918001980
79,2325796181802
14,1963888950105
13,6666204257991
93,9934686998836
10,7519372884897
8,23917125835498
14,9136724330102
13,1492836579849
16,8030737499357
-32,0180664186332
3,50434138954592
17,4892538481128
75,9453427183313
12,9433910937829
14,3547342494421
91,3532108581753
4,12746499790555
17,4775537305729
48,6992545001927
11,9709148341672
22,5566403335218
83,9331110502316
6,30964906553583
12,2452309216024
34,7753708522322
0,178585865677301
6,61243998137280
87,5060323982076
2,60723000174717
17,2192594579680
-72,1332276334648
2,73655885129208
20,9589248234390
3,67604016722822
7,45363059672251
24,3451042802053
-3,39253664114065
6,06486593749217
21,8501696232390
-8,24932118371735
3,34202726891967
9,71427143855994
48,7459940410603
2,19893936749304
1,71548579385295
-0,302707979447470
11,0217653342917
14,7166095383139
-68,8654027486556
10,6082262950852
16,6495920518213
34,2520284026546
3,61874235630586
6,71977419078765
61,6209957324878
5,58034249144381
15,8315381791798
28,3469415471766
11,8642235129319
19,3860611511486
-11,9044659407064
1,62823002675598
16,1476944968034
-48,0977471859279
13,0452380661391
16,1623711199276
17,3993904154252
6,22607455001306
7,24350922203017
-37,5927598417181
4,85878520552897
19,7119270444987
64,6885836815446
13,6516874833733
7,26789743522804
-34,1623076335939
9,13332610402616
24,0093879465495
11,8332689538031
5,60894138218751
10,5256943679311
81,3450681751724
8,32922828712556
11,1731512003060
-88,4955235340330
5,05515056285794
8,88171556955529
35,8759852905360
7,86660059556262
6,90663414978210
41,5944802645242
7,10556355386529
23,8124141851534
89,7855002656825
12,6625228358093
7,88320262076901
91,4478654187795
8,74958608399272
6,45197710684698
63,1622119334642
6,63303799826479
1,20305224319017
72,7776080061884
3,67742024007189
7,37693657428559
-66,4887478756619
3,42092197639858
2,84656063989262
-34,5903951468070
12,8966405151866
18,6254399127982
54,6109424242111
15,0742535156317
6,59169594075046
-93,0882982965982
4,00059077336697
21,0324246134711
-92,3112551140478
13,4559174341047
18,9948812686858
99,2417815820649
0,252303765529849
6,38244523659563
-55,9694096205037
2,20716485208780
17,3037527094637
33,3210621845354
13,5434171164340
2,39284569869626
-8,89932438728371
5,01902528943757
17,9138886071618
-45,4444141711985
8,81039447288952
16,0922175932234
-41,3559080414104
12,8679157633754
22,1178325471182
86,5480381260836
0,297946007843317
9,17427568633581
73,1427472192260
5,04189678856374
4,11614486945987
-80,4314968029701
7,01343916642779
4,48475408333911
-73,2372134240605
0,0857919757875436
10,9936047534485
34,6539862631486
7,21492745333863
8,41025985458116
-16,9756548864832
8,91046781947434
8,10061768290704
2,03549890788515
3,90771527784016
2,43482961137026
-99,0449727286462
9,30910624086034
12,8656374164277
56,5727713957337
10,0068302461433
1,12266786223715
-97,5327825440321
5,92666833161716
12,8665636709566
36,2414145168868
1,51554654886136
0,948818654884921
79,6731117246040
11,8758880621079
9,52193537601951
92,3654993031924
11,2274422787179
14,6029468540110
-53,1731910560654
5,77434404919680
23,3945470578302
-23,4617313546527
12,2074981146619
0,423640452682905
15,5012324440616
11,3724899684287
7,81872993328171
63,2904005353693
9,58318606265033
16,4738832720607
75,8627868116224
5,10630290766958
8,27936629381525
-67,4063416760933
8,98560095785747
8,49769152956409
9,29315410148397
3,45394519876264
19,6432606985285
-93,8031864480829
2,52072867814034
5,69886362997532
19,0750505756516
8,44055586346297
1,57078840204760
77,9863268657954
4,94837104348640
23,4150861176349
-3,82083804559847
9,72003337385303
1,46537784257190
-47,6174919039779
7,70034191520987
1,49252721277926
-63,5277477338800
9,05343953093527
13,0500290822896
73,5634017246297
2,26016024383800
24,3976169249913
83,2595799328341
7,51200695729266
1,18558790235645
-56,6762693898093
6,51364020016963
11,3152372839159
88,9248801860537
7,14451108415046
19,8051280559493
6,87128680826419
11,1030261987899
20,8645779594900
67,8564585315128
3,93356054688508
4,54831406082532
93,4930885741933
3,72628695052717
10,2971496400828
97,6994953622867
2,02595637703459
22,5142159322787
-26,3116066637466
8,81692417228999
9,84726514792976
4,98051325268551
8,76441332463152
14,6954377387033
30,3828595819277
1,55738187728298
8,15523930801308
-69,3568592546491
5,13000827366025
6,88736646144348
-82,4426634296875
2,73084911292932
8,98254124846858
-50,5796669082336
13,6559749114773
15,7771294946755
-72,4126511813250
5,67155602024161
11,1004033815828
43,5205793208815
8,49051561188880
16,5571619683192
-97,2627003335331
5,44547968883304
12,0180462801607
23,6700167845674
14,2934208123536
9,63894671166809
94,7864359585635
1,85783574791955
9,36697902602445
17,2624631256360
13,4138390012191
23,9165379930171
0,968040433868778
4,41638362182356
4,06248828172683
-69,2354768439461
3,88741384822650
11,9503040192594
32,6288284400469
5,57127073328020
24,1547545575436
41,8368287841165
2,59696504097853
23,1885373602101
16,5066814559079
12,9784475066949
0,333891460669108
19,9247118477011
1,09734649886351
0,497159049679865
-95,3736818519717
11,7637383212738
10,9275411261702
49,8646566706626
12,1502137619119
1,31499213149334
33,5714266402974
1,00538773492216
21,4121948734101
-98,2707925762135
12,7510728707655
20,5634336803033
29,8198288558107
1,52015180418336
12,0035189980379
-71,2392102062273
0,479600080725394
16,3103526968543
30,4402070493305
14,4258114005864
6,39265054933350
-33,6308107868398
11,8187698106569
16,9003776099048
29,1142537843546
1,53951747630246
6,65444162040748
22,1479260085433
9,38050742733525
21,4859479476029
61,8857707639046
6,00190888699160
10,9195235865557
77,0853084825717
12,4035037835862
22,4777245527320
44,8930871163433
13,2694252351847
22,9123310745603
11,0132355348689
13,6496644227321
22,3711096016561
38,9416999185834
7,44631981847867
12,9559436152508
9,86173421763263
6,97953654852123
15,6363630271249
-18,3560941605617
9,99185594373145
2,72871313130516
-66,9422389780229
14,5832603275798
0,356169546406052
-54,2235420972729
12,3356321291718
12,3349662686475
-75,2518003766912
13,9472560030684
10,1286915962042
-60,0818676133383
2,62463856191385
24,9246000034752
-87,5513307238862
14,2470105159117
24,9987656106620
78,1602473557050
6,56595017664709
7,42076532190281
46,1182177540178
10,2596874267042
12,7170968705644
-75,6018432520175
1,88415307259961
21,1218864524740
-61,2419858824251
13,5574716012751
14,4256269363112
-20,6882974009930
14,5864745634341
12,8492973344542
45,2028266469890
2,50479716061539
0,658064329831154
-25,2003645162358
2,46718856030313
0,326431271597397
-42,9436445387352
11,6384297565637
16,8443067418984
-78,8584624558460
8,67359488845019
21,3523298018058
59,3454085499012
2,05035693640519
21,4287933147208
2,35674316209491
13,3438771412976
18,9234786642743
20,7061748741419
8,48986921979473
5,78191919768903
-90,4586701064005
12,8327766834589
13,0934029544030
-15,9049461189577
1,32384109706993
12,9051933761493
67,8295219632810
3,59426598252607
15,6122305449363
-21,2198250168332
13,6384008104760
12,6186547942192
-17,8133070294065
10,0040832001705
7,86147515034195
-43,8456878473301
11,3408437908800
0,772860813456742
-52,3834718957901
1,83295885752679
1,15642659058716
76,6838844507096
14,7828687089413
12,4292556014564
-93,6110553515603
12,6102174998970
1,34291563332877
45,8756899209090
10,6021677132283
21,7179190015325
-42,2942815921341
1,39022490046303
8,35953366886555
21,1682571534600
13,1139009554612
10,5848588649440
54,4529957746420
15,9279994302240
0,0720875634291716
89,7243142194635
2,60623211889297
10,2444675456167
-48,9552181724117
14,6127462227967
17,3479364087641
-17,0278028533226
9,71691410654187
10,6901281687523
-94,9965500273598
3,56395111988242
5,55840082419174
-6,18748464406356
11,0653126074872
21,8904955735510
26,0241147247476
11,2482276734511
21,3191503272220
28,4665857467893
15,1929508691389
8,03221968741530
0,631951157214172
0,675984362831255
9,54820731658150
-19,1230895349700
1,84249163610471
5,90605796594636
13,2312305008909
10,2563632303911
23,3908507398676
15,2775498465822
12,4403380547741
4,13278928491292
50,9046258777366
0,769131954484630
15,6906130383146
-75,7727335868088
10,9456478571043
3,50302666883814
34,6096144049284
6,80283626172065
3,91233229324281
69,5522679448360
12,2811923033578
21,5571365830700
-43,5764766059621
5,78411406727634
4,93748709474837
52,9957502599373
3,17803654321626
24,0195973559542
-4,56210352577038
14,4671406941617
9,10584741104704
-66,5215673923117
1,69309196210076
0,113587553375069
53,4190429855333
9,18942232551277
21,3919973403745
92,1531161101716
3,87764921845489
21,1954135305653
-52,4157772766556
11,5396652359468
13,5177756516826
-89,7302791268042
9,97556456856015
11,8944006487832
-78,0005016827939
7,28124154239361
2,12449137071649
60,4082578934525
12,5325768505595
9,49114108937434
-22,0235539079836
5,40292239191534
13,0881829170317
14,3288840836574
2,43488748980917
24,2712258423051
-70,6957840590943
9,98296630354898
10,9665754857994
1,15287400418458
4,42531515439408
20,2987409370718
89,1104404297876
0,255560637026225
22,4022124928071
80,2310800786639
15,5685185723551
20,7508700685788
-16,5628090198729
1,82849882691192
12,2510739817899
-9,06382797125085
3,65971995090066
19,1855957438437
-35,7708975658884
1,78334973224216
0,332287099088404
-80,0988416206283
15,5758596528357
8,71129751140462
-13,7994168795706
2,46046496400059
5,35580149873684
-37,0416096874207
11,1184281159055
15,7395087546498
97,5571761363496
1,96552263753479
8,27996304060646
-13,1898384396726
11,4884104827696
4,99932698709175
-19,7259250527628
14,5273905919346
21,5693524098270
-21,0484753728089
11,8179589712043
17,9422614082559
-67,4624480297376
3,71418595215170
8,26020273267868
-16,4965557131048
3,46143856444515
23,6502938730010
1,76154481879143
11,4645882327286
14,7510874594896
-43,5620443515385
12,6011664235035
10,8091232146937
30,4142698649800
6,50967583855513
5,12255887841152
24,3470425132686
12,9531732612334
4,72462188694616
41,7262653099451
0,981063134497648
0,269750388717924
-49,3879932603315
2,91891794729223
21,1733471995596
-1,93539534519280
4,40247687220785
7,01152826987493
-35,6340430962071
15,2605590964619
10,0460681235338
29,4549267861535
2,55145207884980
17,9213411738378
96,3766503533285
5,74419701736741
21,2709736658321
56,3141951728488
5,30298154932207
11,1339184742963
-21,2280744069966
13,1505760376354
17,8324474305567
-8,44732393948777
2,47560290866828
22,2086170581344
10,3750428667874
8,48213832056133
15,7836425057289
33,9754984008226
6,13101418602193
24,6678159165850
57,2151584019612
15,0565152125089
4,34681453049602
-18,3326619986440
15,2250973542604
15,7022186765423
38,9090847085215
15,9091631703430
17,1156078443315
-43,8235101931758
6,03426897868336
4,18842928275896
-72,6183669716082
6,09648653077146
3,72689175318977
-97,6186135948719
10,7101901367039
3,56097274079944
-92,7552884837967
2,01459761599809
2,31608010552546
-29,4319123398247
6,66615208919638
22,9330946887832
60,7267837451939
2,02151485386823
21,3323627957611
-12,8808552494780
8,13755077118685
8,92829448444877
-71,1628075545094
14,4901152118647
2,30164444533238
-37,6129235942235
11,2066735063576
8,30526604397910
-74,6971222499635
8,51588010831422
1,68654541230048
67,9409999156865
9,91948528716056
2,20115160920830
-10,7606361466272
1,87928813598551
18,0762232633362
-80,2673849809695
2,16222412360266
10,2676458897362
88,4667130511758
6,65637292562666
13,0028667990112
92,5248603236661
11,3766473827299
6,75557157727621
-44,9782854201016
11,3690510751903
18,0952391414064
68,8662636132413
9,75062330018757
21,7210853786242
75,8354845121421
12,1529523086573
4,41676024711943
25,0010009334141
9,35140188703953
9,89572873715832
-7,67365432923786
6,26923411677256
10,0606490871254
38,5468779241714
15,9027037018291
13,0647158881402
-37,1682618259363
9,70142750887551
4,37122946286845
3,19184602299043
14,8321028797689
10,3929123588418
-30,9751921841517
14,0215117731736
0,114596062888140
11,1855285635911
1,41181599029769
22,8860716106205
42,6376344226955
4,52532604589509
10,7914885434046
-27,8415869562916
0,867670404301961
18,4094342727331
-66,1562298505907
2,40388422989053
2,50741376360870
30,0442094150472
11,9983939456176
2,09878118180076
-32,4488334582917
6,39869884918493
19,5634795883198
4,57764941603129
11,1920941758696
23,0808864363940
24,5668493974722
1,40463879248360
5,73302219523425
35,8885973929771
10,6093633749224
11,3122571922145
84,6360817213856
6,20843592179918
5,17999559997396
-82,6562987945160
6,95416174215788
2,67224907550542
2,32820841986139
12,7136672268213
2,14872195271975
19,3464090688266
4,80955432301582
24,8228126928701
47,8964816677761
6,16342136754548
11,0204553749516
-65,1426076089487
14,0631073478799
6,35144494334760
10,5427783847130
14,4666867129783
18,2356838686503
38,5220624324169
12,5657900141535
9,65357128288741
-95,3120012133478
4,95332947562046
14,7017965085385
40,9865847703776
0,262356748597602
19,4389215795764
-24,4899235159809
2,64373309645063
17,7839688410022
91,6438791246110
4,09965149353876
23,6772644418738
20,9254800649922
7,59051326151285
19,0013465944930
-15,9443288320329
6,11425915901249
4,36726376003634
-27,3973227615513
0,558862835689952
12,5170504260642
-92,5354758901743
15,9187946185966
7,44503312106810
-65,1174374086083
1,74344119109829
21,5630195423786
-19,5196078746779
13,2604455696491
16,5815456020168
-52,0106343142900
15,0389973615783
17,1704960256771
-74,7219337449277
13,3523592165049
2,90368549779578
-14,1691935894543
2,62082027416613
15,2499818292871
97,6937613109434
3,01051998378580
9,06157999801637
9,51643543828384
5,72687261959756
10,1312859750957
1,44840949693439
10,7867641904114
4,79770093079417
-39,9042522209370
14,8799900279134
20,7633998567838
13,7561552778547
2,47390252927850
23,6327020361863
-37,6126669557075
14,9429277901368
22,5614783539550
-91,2839413046876
13,0203408973847
15,0149599692322
-4,91484553765611
2,73985491375078
10,6018995574577
40,5990596590907
9,20899104540137
0,208604004232210
41,5058029977077
1,08436954022788
1,23113473694422
16,9327785032952
15,5663259836299
12,9994079857377
-22,7167317866549
3,73215780857960
12,0588191283284
-90,8122099883117
14,2011666724329
0,319361799499369
16,2392333969569
10,4087724215566
11,5095246108091
-44,3576179169584
6,39741703493920
0,654885651870504
-38,4875283671711
6,64561909790343
19,2235757920476
2,91950498823226
2,43497875004269
10,7987368807115
-31,3167727138334
0,399775683121302
24,0390023763087
57,7313593024084
1,31511668423372
14,1775083324354
53,2828729208215
2,49939990832300
21,8286457198105
-47,9720788306309
15,6206224975603
14,3253726726104
-27,0807012671600
2,68175098509439
11,9117009510874
-45,8209082690261
11,6448669104944
14,8287982531533
-1,81044443048479
3,52997502982891
23,4392180646823
-9,02808159706789
4,10069489535484
0,315898651348345
83,0333835325092
7,96481718004750
7,02774039969857
57,9793451883780
0,0517478333715253
1,89211742381555
26,3272164999165
0,688566511497800
16,7318472123171
-3,32301630761165
9,35238192787326
15,7006274890513
-39,5826145559702
14,0702740698083
2,33396607147190
79,8583633192928
3,29896712937483
16,7230222150107
32,7534006507898
15,4464332272415
2,70960019884355
43,3393837465492
8,30452889434520
15,8304623334091
-58,8650773247870
10,4995406047893
4,29442729918855
64,9089627008729
3,16106082627455
7,70978830884417
37,1174433841628
1,47096812293917
8,49912893764822
45,6956823789588
7,20530754941822
21,2166859843866
49,2346463790148
4,78784294131523
5,52363386358076
6,36887009472169
8,65248817054791
20,3766965381548
-91,7855033663257
9,93802157181586
14,2608641661144
-7,15754293637070
4,70824481868441
14,6933030819943
38,4128973353838
5,28139025613604
16,6330527858948
59,6382630365172
0,000790306963530441
4,18928658805058
-7,75185070728075
1,38587085954694
11,4085396837938
-83,6637477956439
15,2847619092075
8,99661166911647
36,1887239811929
2,98579790763683
2,93747097508390
64,3209052564923
11,1493332391431
6,64055847648988
88,7534112895444
10,7580847228556
18,6711302162764
-77,5833761618018
6,15392022296973
15,2280136732575
86,4683779258195
12,3129982104474
8,36619711827513
45,9943957684205
4,13104558364286
8,75788885770856
-39,0703022559379
3,37080514703273
11,8800323525239
7,58676287012574
12,6080835611025
9,11303194327160
37,7298977287581
13,7391128612348
18,2300261853169
-23,7598349071599
4,79799431634297
12,2791820880768
49,2797902712863
13,1927261430496
1,45223762580312
88,6467921159613
8,01392986613714
24,5854430524409
74,5335731893600
5,35085312273325
1,81452790594961
99,2484800325049
2,34496155718873
9,85916937479092
-54,0677726350034
4,20438923055720
18,5238664047802
-70,4764635071500
10,3961769835632
17,3708885211963
-22,4147570974945
1,26092081344547
0,295481509380160
-84,7694694189820
12,9762741369112
13,6123954445027
2,59703806467051
9,36723264864436
9,98132494196567
-85,0453041186734
11,9869256127814
7,72794813709803
81,6441996681802
10,4094091339363
12,1405261601375
0,652431797039044
15,5450206996662
24,9633019322662
-71,2025011798969
15,6441266649696
23,8889355989130
13,7591957289889
11,2189731693181
20,3998951513943
-80,6506477121997
1,94571041619956
24,1705396532495
58,2074883004134
13,0437146588758
8,48585363831124
-36,8336481977356
11,7295182555935
22,0750952241455
-42,3958632058591
14,9098815696571
9,32981452107914
-24,4063241635935
1,56076403648587
4,61827589929396
-28,3518625411262
12,2151127983791
6,33643545342980
30,5471207864483
6,11613546714498
14,5180197435502
-19,9718457245142
7,85596537635401
11,7261889630190
0,784328181001737
8,98728103263814
18,2754227945984
85,6560399891855
1,82777661782310
20,5954366452992
-14,5061530009537
1,45239510063556
19,8102044923726
-16,3210110418591
8,76300465641607
8,87297370758934
0,190351227028529
1,52005471838156
3,63944304932634
74,5775457166882
2,36167668003615
3,84894181919593
86,2456422125000
14,3294147549872
9,03434256350915
-8,60146606123875
4,18209341245015
12,3481053847526
29,7419913302129
13,6305171505925
12,3820275096564
54,1814533127052
0,607042002795209
10,7181993926718
-30,1116099755564
8,52681043298771
2,17068475327973
26,7621168551278
11,6155182893507
19,1791831740440
-66,3415950607223
0,104110761697251
12,6598986399176
-45,5591201290704
12,5188703566049
23,2322222125262
-56,1094301146432
6,62676762176943
13,8205543239870
-17,1442396375334
3,03657624366030
5,60342737249135
-43,3467682132242
10,7021244642730
17,1784517958257
-9,67172552258662
14,9955621934231
7,04182665508110
49,5142298666831
4,79199083616566
21,5869814091361
-54,4002186287435
14,5771786428483
6,94732921484709
-86,7919795061651
5,91512788443593
16,0526100061353
-86,0612812207484
8,52203006215647
12,9967282639374
-51,9052153466718
9,84006100403614
17,8942195113623
62,1835541846039
6,84125153530835
12,2309427745484
86,2649032442279
2,06840725084634
5,64836626648911
-30,8199337478626
10,4484304976060
10,2969803570545
-14,7579598298445
12,3169547444754
6,96476836866100
-1,67226210376235
8,38704069028704
8,45909597022304
74,3893731474266
9,88640041540776
17,3020631204948
35,6348023096176
5,09928532912908
18,1259511886226
-0,717360967351044
9,49610862624798
14,7635645687684
72,6190930107532
13,9649413630814
1,63793205167545
-3,62080778082097
14,6778459211726
5,95094859116306
-90,0592420818235
4,70566930863832
3,50042759751351
18,0378498566479
9,41838352207169
20,0907458274405
-0,382864559741192
6,62334173214128
20,1079502666197
87,6622181778803
9,09473105928091
16,7845451597820
-98,9326336364978
12,1988778657301
10,4543271462096
92,6097088209346
9,54253304129068
9,00303840230273
65,6196047463853
6,55686981003545
2,84059687503982
50,9881448726979
14,6011224641260
2,22671869199481
50,3554419126158
2,61080584936306
4,72243394357104
-64,0068179615579
2,38702481182580
22,9612044141227
-38,3768045923143
9,69126572297390
19,3781477374676
87,3268483699684
13,1307886238898
21,2217667724535
-44,8800039864059
6,12222344292117
24,9117472766757
71,4236609813919
7,82945885803794
18,7131053747630
-1,91515062796812
4,17099531759172
1,29456978080209
-73,5190709373146
3,38430933548285
0,512021518810911
21,7653409793987
9,33748815814127
20,2342944126671
44,7319716805312
12,9451734091220
17,1364200539675
16,1398812294080
6,92932124709943
23,0879869645295
33,0183144091467
8,01872991557566
21,0345774091383
73,1318035120875
10,8038823257852
14,4892750484431
-0,473071302990324
12,1621865705105
19,2057830593893
-41,9592799657379
8,27762685924625
21,4552047837169
99,6221508308785
10,2775012780078
9,86324324247529
-1,06305391457155
1,79841859814655
2,99577905472770
66,4423229526059
3,35232649192675
11,1067199907405
47,6498324990581
7,74295467438819
5,48950308564196
1,33722397675988
10,0574518427779
2,99747197514506
93,7913645975039
13,8858017847321
1,68937872573295
-88,8197703177036
2,75074353410400
12,4677294863270
-78,7268421524323
11,2171396326393
9,49095467128742
48,5737476323516
8,81147944983173
4,14175174586578
-81,5127174436516
14,9364546866080
20,0557297781839
26,4286403539029
9,44063450545162
0,0270974336190353
-3,80725323413895
15,0403171589217
12,7850316534018
-3,25837998519325
14,0420979710775
7,06889915366712
-15,4869209531773
5,94310478317836
7,64377819925093
16,5121663610433
7,11858710587543
16,2848187207121
49,9373887143884
3,60138418978060
11,4232003813989
-78,8473742982279
7,88879249650420
15,5846198661007
-5,42026737936117
13,2090271298669
9,70600061187386
-78,1882126741313
2,61733846830424
6,95670047167022
-73,3008434787011
14,5846693889332
3,66710161425842
-32,3495144295882
13,6687621169137
12,9221970796000
-81,8296074535339
1,34684922400868
12,9708882865637
82,4787139208860
15,0356451488170
13,7603791752312
32,1201046556837
15,3184319938301
11,7120432682713
16,8015009444275
15,1428987723573
16,0301196508310
-69,1125718378446
5,19360822506467
9,57682516212661
17,7756735734308
3,20161818232600
5,13932169561996
25,8621860421061
5,50964617606596
0,951634484030606
-43,8104014179188
12,5017376162610
22,4740345513867
-68,8335480374351
13,8457384659571
1,27206226802879
4,68129034771896
15,3378069047965
7,30060970618512
-48,1376577125181
3,81146191060427
1,56066981085874
-84,0774355038948
13,1320203064451
2,36484443305486
-90,8836744017427
12,1193532466481
23,9574002590684
-85,0930163563137
5,56354291140099
13,2526950866051
-3,98526897537668
7,68575487562421
21,3836903550576
7,73686346441176
15,4316822188558
15,4327088216356
72,4639661448875
1,32081438844807
19,1394834013926
-41,4974234631958
10,7439088311354
2,28344796158510
-99,1763641862898
6,33190796451794
10,1824756271778
8,82469681791538
6,28303777486005
24,3987825098165
23,7391125637572
15,8025641046037
0,724949121347374
-25,4909033108060
8,29513532057282
3,19971073802952
-6,63081662343570
10,5212612498343
0,792168271073040
63,5710878915180
1,95825819160926
5,62006905660261
-83,3590402443265
10,0259258035321
3,41264249771915
-86,5426216787485
1,71482606510702
19,0204858553536
63,0907846278203
0,594710284134470
1,17822560148959
-49,7825195486272
8,85908431905539
5,25580961295353
-53,6290501263842
2,66286637068008
24,3727167392218
-26,0595496185332
12,6229084173654
6,72136206924778
-97,6093968802714
2,17394867370901
9,65005339473970
-22,7394931259132
12,5170098115930
1,51416703798385
61,8292964021425
6,70393673194992
5,14735371499254
55,5813398793737
5,05308242246439
21,0959236792873
-21,9313669894783
6,27109523040032
15,4302767460716
65,7845606289832
14,4047053795104
18,3315157619736
-3,86255055880325
10,6223728422509
3,51313243906471
-52,5174154086586
12,9687730821707
24,6475543034607
54,4672695403220
13,8503106495317
16,7940546155840
-15,8550575476839
14,4229410782137
22,3039492228923
-94,4760937515931
15,0639143420579
6,11225395295433
-27,1107712908285
10,4115642648811
15,4070670913511
-13,3964667822000
6,13666886220939
10,6226247120642
-1,73492028183080
15,0132251276119
9,65403597299183
-42,6833780923098
3,54701732715014
22,4736775284053
-5,21784402473973
12,2124170707396
21,1116634923053
-10,2823547907749
14,4066582363185
13,6315103041006
91,3134005148623
7,82569219257093
19,9764166925547
17,8725427846158
5,74731402852347
2,39640460949486
-1,74450409987814
3,54197976006451
8,58706130410762
-55,5158907269161
3,63240601037270
13,5105901011270
29,4462039882061
4,00706195542531
11,1141856684883
-31,8230082990717
8,27517434886961
2,46074249548410
36,9795683316068
2,85703567872987
15,3068354235652
80,0064497811681
10,4289261064996
16,1084026026854
-35,9325130781643
2,43430905705733
14,5087018239319
-39,8447911917364
6,69345025954416
10,8591030372070
-81,1654513969208
12,2682773574110
16,9501629746947
-59,2877840820885
4,24111835195152
4,77009755470365
94,0305665424283
3,96566239559412
22,6581480847018
28,6752190873753
12,3245695698658
24,6704011580666
-18,0802577327909
8,25021665008266
23,5927724829999
-54,7206347942315
15,1479090444786
8,00916609020037
23,9045250452870
7,68197947297403
1,95317293266921
71,6167395298229
5,35465267768698
0,326090365763307
79,6116320740018
11,9137758452501
17,8829858987003
20,3496600248245
9,82172238371857
22,5010336071849
32,7184945093563
9,92143089735147
15,7654845754160
-10,9590244804274
9,77425696101543
6,77224764494228
-70,9372275679793
11,1921696792395
4,76565444488971
15,8738764761602
9,82533821424936
24,5680892149123
98,2864199408607
11,8893917203663
10,2570995723383
-27,4309137884598
10,5472604934266
15,5290906009414
4,81018851631372
15,3997506540516
23,1372903783391
-29,7052480672962
8,09117420808978
15,7989885106277
-97,2904222055193
2,57392886675622
3,84078483863541
-13,4429232963708
6,64522681327330
5,79397024100933
-50,4351403855863
6,57775714966275
23,4661624554671
32,1156682079201
2,11554918213746
12,3121140491286
-20,2188086844360
4,85928823745408
12,1352436711271
82,6590959319239
10,7968789183451
13,3530093280754
-17,5450232663103
1,60548426327831
22,4522802684985
-16,1312532644746
14,5309005588512
12,0771333443429
-70,5898807174407
14,0640412588398