10,1779037425997
88,1796352594552
14,7192162033753
2,22413125747131
-23,9950604463560
9,99258093534851
6,94223147434196
-61,1447387395692
1,58780892673031
8,38413795702498
-8,81445261929179
11,9337656782879
14,0958726795348
-77,1118312399088
1,47254707579095
15,4238929557870
-31,0633679640047
6,96533042411080
22,3312715062559
74,9089940352677
15,7103213333844
4,33053246514040
-58,9433478877682
14,2848769931008
20,0775722278655
-92,3006545023558
8,09440512860431
1,87413573692804
-21,5532489134805
10,0175799819041
0,881933468652221
-97,5212113929135
7,88671516068034
16,4878166173246
-33,5865865636778
5,29509038537645
7,60685085292220
-32,5038590636134
0,0390571035837741
16,2277689854047
-86,8055577550701
13,4347095735086
11,0322454427419
85,6581735902438
7,55687794983012
14,3482508033849
18,2233240857041
15,2048287963380
8,46833550199473
43,3717526955333
9,38286366510827
6,62059369141967
44,0521189127935
4,18221409870333
22,3670171582764
-88,4093633041001
1,08468972120994
15,2142839538303
52,1592206918847
1,29167870251188
10,4092237665894
97,5925892673248
10,6109225742217
24,0216717599275
-39,1831058685280
12,4395717564725
7,20211155547530
-85,4623400908647
3,16228087821395
22,3135604265710
16,2594644566430
6,80653525679201
9,51765519234850
90,7725334091002
10,4521500691877
23,0937400138246
96,9327395010821
15,1897068291044
14,6541084517274
-82,1981981140631
11,4421203342324
8,76961381547322
-30,8589344307357
5,62153119479857
7,40943223409980
-2,22840659235612
6,72116442032823
8,49979181445330
79,1269681899103
2,84436332906254
15,8739428579567
-6,93389610699684
5,03967154148061
3,57739689469497
85,7569738622386
2,37322350626927
19,4903447445455
-94,8367880684790
2,80422415820755
7,02071633212788
-87,4989375127841
5,48073378034358
7,39869359831935
-62,2117597987650
11,6383112233029
9,87456707531521
-73,8175647212848
4,99134240976116
7,92955847069694
-65,1028266172046
8,50695146890740
5,84927618729974
-23,7183706247814
4,35109223194281
5,91059145557473
-8,66014897251102
8,34391141552862
9,43280192807121
45,9378672212045
15,5444188204272
1,90395846768281
68,1731542988150
0,974782374182080
20,0141569029379
-72,4371924577163
3,99853251383829
5,69250349694518
90,6913419916559
3,46668955414374
4,81854855142395
36,0201755526779
4,46695890033655
6,50175880309400
7,72134194755942
13,2153605025715
1,97968702250649
87,7269105494472
5,37160751750175
18,8052274055785
-15,9376013698800
3,54519415855100
5,53697961467695
26,7989089386043
2,65792429809583
15,5413124054165
-14,9151096720311
4,98722624910153
2,09137093915504
30,4788885089147
5,71025035336545
19,7469064941478
-64,7027066578360
5,18293961936127
0,470303383292888
84,2153775962728
4,44830257828760
3,57113096287679
-25,8288838145516
4,72887754091988
14,0121591776176
66,9112213470450
6,11205726798823
4,99770298968647
72,9968623851689
13,8065997040725
16,8609414420570
76,8099240194498
11,2657197811814
6,26155782766071
12,6812318095960
11,9201633157295
10,3190709144135
51,0830863256430
3,81891129486848
15,2057035089273
-93,9751989171321
2,02087486445078
5,74124366550017
-84,1324445681356
4,86407679280999
13,5116244662284
15,2831478795625
13,3478504061731
4,22028000114784
-28,6677394729320
7,53041462887639
11,4735505454607
-36,7678935278420
3,26343947311657
6,55634664092840
-52,6747002721594
8,97258298530016
6,79721804933881
-50,7292992514967
12,0682272508152
15,0270392040825
-69,8742350420095
11,4988852251579
18,5962530166312
-75,0556780745004
11,6575912017115
9,36778840510113
12,6514158972260
12,0338831157944
23,3300072082282
5,24491292948370
7,18604071810375
18,7922041166556
49,9914728383373
3,55941323008789
8,44454957668325
-67,8375233042711
14,8470586407060
19,5861882153251
-71,7569786337497
15,8825361773424
5,26857088609589
-78,6951545619582
12,3432380120890
19,4428340798422
87,1859825205165
10,4822420027771
18,8989488609594
-97,8024908591796
11,8189062510715
8,08137768988179
-59,2437085964163
7,54391755054781
13,4594768300627
28,3968064340012
8,41726809340320
11,9033115102485
-15,4038240023456
5,60990399599184
12,1965152378694
91,5570522285018
14,8980183642190
2,53712698540619
-43,2332103291962
7,44260341136668
7,38077960034931
77,4629816872917
8,80332111443503
3,75801535312205
-86,8714883246416
0,107744406451866
12,7130142730263
68,6766442849782
4,88509478757505
15,3134696104247
-44,6936624849772
8,78021254735798
10,8225383400621
14,3110771562490
4,24461292529455
20,7901016526254
29,9290221044554
9,94754478166373
5,96956009573991
74,9443882869296
15,8307490722585
4,94103902990250
-2,48971752579952
14,1968289652750
3,01041062548849
-62,7808321925341
13,9930683917662
21,1902784630060
-30,1483454666432
12,0679676001599
1,59268558908451
-13,0689374120682
11,0871519611375
21,5286857124505
20,9350210064303
10,8722720487255
1,43253314649441
15,4387885228190
8,32701948409477
24,5634651420816
1,27008113157940
6,83913126191515
12,4879079886405
-50,2331222840940
11,4665799784220
11,0603811585325
6,74908687301441
5,43722980787424
10,9099480745114
54,5712773558107
1,61203221799433
7,29024972494884
10,2090399807930
15,9922930534285
8,06098070752465
47,9477926399204
11,3085822026682
24,6707226520203
89,5402550988094
8,30215616121531
24,8979003426484
59,1374171611668
1,40155822875321
1,74949932590495
-47,8542844488552
14,5681479943856
10,4984661107444
99,6833806367259
7,47439027961605
13,6250077879408
-35,9177215048609
8,78035291909413
7,58245104699337
61,6833802504388
0,562145405463340
6,55397770865929
47,1167394473816
1,96221915175209
8,79122478461217
44,5956681014981
7,22596984987657
19,0782031540690
-85,1232683021345
2,83266347289575
4,50747891465065
33,4373342461890
6,19366663612085
0,000275183538406054
-14,1337792155833
3,32034287635073
12,2410502197931
49,2819973190536
5,61602267994035
6,99815838436122
-37,3274289692327
13,8311078620202
10,3938752756399
73,2803874539883
11,0385193982348
22,2204250156502
-72,8290668945594
11,3952219111640
0,145985581614108
47,2481894304763
0,497998098328981
21,3312114849914
14,9229201442172
9,37231474082424
8,96084842269467
7,21301401087158
8,87147487835098
13,1535254412274
19,0862776341695
15,3692554505597
20,5326699735583
48,0227528166838
14,6942945765184
23,6107230798346
35,1997348178865
12,1378799466442
3,67711686385874
72,9568319010842
3,81687496570305
24,0590934221808
-73,4453619634599
11,2952763993004
20,6125444865814
-0,823543301147867
2,65752601237278
15,1553436655497
84,9537531431115
5,80736537472157
8,24972596135354
-58,5215189187622
1,41142984791527
18,8167395206380
63,3202771001800
3,42351347525275
21,5618092256774
-6,72139403614314
3,85316917349165
11,4297096566160
-54,8233838127824
3,92109847485497
11,8915376860440
-80,7354893535860
9,81562424099826
0,893754055072108
13,3176721151062
1,53470494690710
21,4851471350448
-3,46233382151659
1,39992568943018
11,6617020224341
39,5916297225466
3,19031553245974
12,5216172550522
-96,0885194671449
11,9982171535613
19,2540484593863
43,2542177564205
11,7627403149804
21,4978208398905
15,0353202508843
7,33069888048419
2,58438543341248
13,0867926482040
13,6024313515638
13,2728753634229
98,8025094638021
2,99319867501106
24,8917287295249
-62,1502667541408
15,1858934573103
17,7143143525321
-23,8435733137015
0,325433166142240
17,8766664748366
27,3298122249372
2,04836871726168
16,9942629917795
-74,7557087086115
10,4769816688378
15,0924683940382
48,7485144938652
13,9327260601684
10,9978785280165
56,8598206423956
15,2234817842790
3,62973153925737
-97,7638220705201
15,3111671389101
8,85409452733639
61,7105997305750
8,76890386075969
5,27995588230407
89,8777657222795
1,82910638880391
5,15582245124311
-7,40360252132033
12,7784610784647
17,4554839264101
46,3206499731395
12,3639096532464
4,50442063106624
-39,4127714312690
12,3826674661630
11,8041744521972
-89,2103614364637
11,2421344212224
20,8556003070368
76,0831877903095
12,3912832285533
21,3747332722243
22,8822028853380
0,0617773202980736
22,7073936080451
-99,3153830878463
12,9940558807651
18,9405947050273
92,6805762482263
0,805307182581242
1,88992036041567
28,9137651478834
15,0494346139084
22,9353948860192
-2,22754114497576
2,47374857345665
17,8927287992831
-64,2578600878250
11,6384464361590
16,9065517778842
-22,2149110173419
2,47507261087166
13,4561068022672
22,0770862181425
1,01460331528172
24,7470710612104
30,4078245896044
6,15826747727196
3,11052143981930
70,6582218266569
7,32353223081574
22,3056833288551
-3,93832691317455
1,60522302837322
0,627243528627192
9,68389714629310
4,40720468804640
11,0329361987127
-97,4662731756579
11,5141600656837
0,317508945604295
97,5442093866056
5,78457936211924
17,2020059485245
-92,5120927911639
6,16890257398430
16,2735521033035
-61,1704870679057
1,48413578957654
13,6472514538881
-11,8505941297594
15,3849432560656
17,5286018419981
-51,3031473118240
10,1666834540933
5,72223094699007
32,5363267362073
12,7755058967975
3,83056930738201
3,97418027847671
10,5037172251119
3,89237258719152
44,1175475611625
13,6870733303632
13,4501536983398
-79,0053885470497
14,2141127294971
1,97486203087430
-59,8714282744556
4,82077351017608
23,3174170446878
89,3980425037988
11,4719992842039
3,69557228862679
89,8740486902115
5,17517979393081
12,3474636656518
29,5074452508955
4,55772910394248
21,6907380999033
-92,3475080498522
3,86242060381679
7,79450889628052
-75,3289594959102
13,3332782418844
0,891596994586502
-41,2052273034328
8,49402192108996
6,21225736736872
36,1997828674553
6,75609981612364
9,49862846107375
28,8565592826922
6,61663742858146
22,7219144969167
-62,4700529728689
13,2183476885202
21,3323439239540
-16,6392796713414
11,5447660104956
18,0768718632575
56,4696082919611
9,57191031083560
3,03974467299385
-77,5416650715316
5,03867412839974
11,4997077294286
-17,2387227642632
2,58202867397838
9,85427247196694
55,2321189729461
1,33913765374271
15,0704361059933
-12,1697256689649
2,53514177218204
23,4747411387502
-22,3053194997371
12,4623980844474
14,0864990567412
-90,0268347062888
0,514605772684194
15,1765140005596
-82,2244398470316
13,7535674492411
17,0290685584314
-82,4972878097494
2,50396754272212
6,30613666312699
-64,9218269688066
5,70051961461368
13,4076972518986
23,0104414461868
0,0581563588179623
3,55093597180646
31,5204591100697
13,9218024981182
15,5862777535493
-72,0179657012322
0,0774010024998901
13,3152364345609
42,1383057203789
12,7726488660269
1,70187937781758
95,0324208209265
4,40467857326013
0,719405958882300
-69,5214734412802
0,614207113144913
4,74727822046656
-81,4253732847988
3,68466926516973
5,25146627555436
-54,4843989883712
10,2334227290466
10,8574581311541
-82,2842761070405
3,61528824849872
12,6138754790362
41,4835442832459
1,77790031111984
0,452854949438628
94,2271050087244
1,36020514259675
17,3408570835781
-21,0713064406433
9,07134219386742
3,61470246319584
-11,4281123908377
13,7874279302190
24,6721079196324
62,8724323500210
2,02345408049869
23,9768643056896
90,7400777650080
11,6715030752970
10,3420800475280
67,1787561644345
3,01925553892928
6,19709911467263
-42,2114492142026
2,72297433059332
12,0103905611485
64,8330818552679
2,65300321441520
23,5261171597429
98,8085421779491
12,8016457958036
4,77222268725125
46,9737181224391
7,40589775886415
1,63148458793561
-58,9726698740462
13,8881808979159
5,07567577340045
43,2353668489123
4,83711899283284
6,52518048650655
-65,8121309153123
4,25131862709884
1,02208092624824
-43,0645310331318
3,58577246630680
22,8809460432654
-60,8677263543699
15,0446761453116
8,63055386023666
-83,0209991617525
13,6320773200943
15,7373978170056
-50,5145990047614
9,10970132139765
24,0784030389201
-59,8345446556001
0,563777279670070
0,378908165941871
-43,8146374918043
8,28669739626974
10,3308857606806
90,9010764455742
15,6945386156732
22,2542986120744
-26,3768086173689
10,7818378437139
21,8591554114160
-55,3182771169787
13,6087453269951
20,2610079575273
57,2754671585248
2,66320182303197
11,5445002026216
-19,2715653663763
6,05579570239686
5,84762452721182
-42,4138531549260
1,26626765605604
16,2116342049798
-15,6272755506181
14,9600164469175
4,65622723052492
29,2419622554567
15,6269671786286
5,33142307305583
-65,9220515436332
11,7884639456481
3,43869512428848
74,6390258436043
8,76942084440003
24,9244526605534
42,8150489616439
12,3453664523394
20,4248869459141
-68,0108254510331
11,4875986583748
16,3798987446568
-82,5229848653383
4,85013017719793
14,7328082398294
-76,1537212652853
4,39973883016990
14,8281387455501
99,2703602765915
2,81803174062120
10,7745045076781
22,7567001258604
10,7462990331431
13,1898618326383
-46,5243023659224
2,58708923864797
8,25014345659318
-49,8868234738739
4,59926196359422
6,03360439897237
49,8712062237860
7,07498717503976
21,2762015645557
-31,1215353773381
9,48462903395370
22,8510437963879
44,3190008234266
1,60391183072490
9,46917269566407
53,8313296579424
11,8325038479157
9,53841396070643
98,7797088810760
2,07330222169898
13,1136707493192
-36,3391405626451
12,4750412207268
5,43741884734126
-5,21126270101582
13,2945331177303
23,9943383392191
-58,6436166676224
15,5941735494820
4,70927320131706
56,9202951091429
4,37799925072634
15,1069531022563
-23,5615952575838
15,9043749061519
22,0744890434870
-52,9693318963723
15,5834395064666
10,4471180442127
-11,6039736479883
11,7437231119229
8,18241834069382
-93,5719576891636
10,7555542102094
7,08576206491307
65,9593838097961
11,9841971723688
9,16742100558696
75,5212099101581
10,3396911668519
19,5373133586181
89,1847465392468
15,2749212657805
7,45332975883523
-20,4199088006036
2,43767463182192
22,8063550684235
-28,2943919801122
2,52489650143283
6,37826652480497
75,6501257114767
14,3365249223081
14,3872625406418
99,8516207144597
3,59974596798907
2,21746241146872
-66,2858778324615
13,7351413322084
12,9333000941897
82,6417789317271
13,9784725752398
23,9816887686294
97,1931242208052
0,564135678023671
4,92450941211663
58,1737010807311
5,94531537280305
21,3937757693021
63,9027732906608
0,593751202254474
13,9721890804728
12,5483416245090
3,77923588397633
11,7417201952886
33,6094693150677
6,92847850056005
12,5377586785631
21,9175499771973
15,7981490888953
21,2922905486245
66,4266243657476
2,83696750154752
2,44263040997872
80,9917625987589
12,1606722039230
18,4749180688687
62,7162410742058
8,55405912889843
4,22121580797960
74,3642699890299
9,66977777729937
4,43987498155179
91,8565484696611
2,54990308325858
8,25751363027970
-22,6671979404391
12,1108061419317
5,36283237958235
22,0018300902027
14,2335425516981
0,421793962929071
-58,4454460911231
13,5339152688529
16,7228532755023
16,2758978327312
4,83152370629071
12,2777975338827
-63,2956320099318
5,24608737037812
10,4076266134237
39,3728538294868
2,48093113504910
8,93631897604752
45,6208739460514
1,41262116387318
12,6569459679427
12,7662042074777
1,77799076550449
2,36777750577157
-86,5273183308866
13,3099849022116
13,9489886575176
-89,2197736049131
10,5193616832468
14,5190297365865
-5,53127541808767
11,5598432956369
12,8325348271607
-43,6970069414820
10,2398150232328
10,5634780351135
69,3398160891516
7,39374881215909
11,6091362472730
31,4759541039663
3,18322858491674
4,12734595713887
93,1173456312903
1,53319326162146
11,8675832277955
44,0873418847096
5,18889894317886
9,98256690556629
-36,1413589299650
4,10375485223056
24,9986118669484
94,9765881206099
3,28216344761198
5,40939413523287
9,42563931643083
6,93596225810952
8,09872965107617
7,63219986046015
12,5382895633690
7,04067351626131
64,3187710447451
5,90697754253880
6,69790525923870
-14,2691331071580
3,01683895720254
16,6775020204815
98,9090355637341
11,4648379304876
6,45320337665481
-68,2554227343440
13,3197738933378
14,9644057560625
18,5988927122797
15,7496167197545
17,4385755668797
13,4853240257149
12,9798275903113
10,7562632343196
-43,0538953092273
8,80496481038660
0,829333003052609
78,5361265286962
0,137348509708371
12,8640166971531
3,83979385573043
1,79990561384043
4,83761883151064
-30,1322908390573
0,654135225010291
15,6777971833674
-46,4161604617571
1,09538572472622
7,75244798462014
-74,3268385761539
2,68366179502002
5,70531281201899
13,1180867519933
10,6542916407407
2,21625143795857
95,2161668056087
13,4347357138449
1,66655948994095
-87,6554872002069
11,3845236808580
6,81005150985753
50,8901382821117
9,61875764434008
15,6127544878642
-39,4670274488065
15,1783014700818
6,68881480193966
-88,6849557323961
12,0295783135905
21,5676771140746
-2,81835969282021
4,61002286757392
22,5598055507063
96,3711925353248
7,89332773474908
11,7717190947497
20,4452900796504
4,99278287068263
14,9379492998256
63,8888956636347
2,15805029760111
15,9752190543462
-16,2109049916251
15,2711116262002
6,24873255512943
69,8238800928652
12,1659040200186
12,3895604666529
-71,7878214380787
1,01178961659659
16,2626679087488
11,3501261259171
7,11510028738465
0,207779898845100
92,2179609844306
12,7015238508674
13,1164447111623
74,9651713423925
14,5896526781015
20,1681194315682
-42,4159834098261
13,6395810717131
7,40729214479033
-27,0106984486400
2,37692687240320
2,05820445483030
-4,49123576016450
11,6078803045081
17,4698751217838
-30,1067769602027
3,32247387241442
19,1192664774328
-24,0412718576383
15,6110598738144
1,66127029386098
-38,6516919992200
14,3238798294442
23,8999346976226
-86,2272174599251
0,547775905549601
15,3412164421027
-12,0230993845469
12,5616580234588
12,0121890276930
11,9661201310402
10,0904118375165
0,684656856967205
61,1426721810542
8,93564152048899
19,0902385664738
2,75320455643315
14,2725129292766
23,2641300079453
-61,2900890376569
8,55134519003241
4,00887063404264
-16,2190321277462
10,9774812163054
23,3570362496818
-5,01086823895189
15,2581203967919
7,12788196267690
-31,3649586427567
11,7054395772236
6,28998106332988
-9,33576630690296
5,39831325644507
6,19231091614849
-84,5125984102797
4,96853248302297
4,64481948409974
59,5205351279217
3,29506554336684
20,4681789703497
-57,4366679944884
9,24808472284155
13,3171530188363
-68,6050642493771
12,9336029358497
16,7157519096990
-27,1817990274631
10,0697704349053
3,64032132552786
11,7101736240963
6,84235976692538
21,1949995739830
-38,3748573479555
5,74231269096319
10,5063322234420
-6,49807734882655
14,6654295277105
1,13637491971234
4,35818126517391
2,45536557377645
0,983683847328740
-89,4104764206639
5,19066327449891
22,6417368428002
-77,4144033507606
3,22742558816472
4,23345479499548
-62,7343287302593
13,5058594631572
21,4035803686096
22,4336594262258
7,44476363948769
5,61774783611744
97,1553182461576
15,3535990073319
12,5588534100316
72,1591104731649
0,212344216571012
20,0534733963736
-39,2220892476001
2,07210038170223
22,2683053733532
-62,5602416480064
14,6215592874989
18,2827920228145
82,5537881131463
3,08146530482622
22,7745353807668
-47,6781142761695
7,00720049439912
5,65948012848181
34,1338002078566
5,24331726677879
9,95557553487769
-44,5058518399714
12,1158672579679
3,51828998468416
-73,1367824071399
3,08693170608756
11,6657430874373
-83,7270695949816
11,4997054433744
9,74915964687905
-13,0298926726827
3,48829906960761
19,5063582679089
-35,9943476484679
10,0905526611817
2,44131278614314
-51,6921292465450
8,81940638449217
5,05956125431703
84,2817620558921
1,72721575292684
20,2021824535658
-63,4336847354735
10,3666125946796
0,0613990686818333
0,570901288155201
14,8856934922133
22,4514528743389
19,8400660304030
8,18024851216242
14,2469146475403
-10,7719928747481
7,34668367066474
3,72844825406936
-46,8324261006648
2,64220093623371
18,1724627657098
-33,7128257632972
11,0067713475445
17,9563965550873
-56,3670780987899
6,12925285178711
1,73617005229369
-54,2599834566476
9,12725635849485
13,2189328701937
-24,5761157409570
3,55161177716511
4,67061422107180
55,7978315912483
8,49988314627440
4,97683120687236
3,96979185239990
2,94024286323881
17,3309387462697
-72,1530971325272
5,51297271908546
7,90274140456777
26,3914042198972
15,7322474967757
21,6150395263035
53,0901594292365
6,57776025934805
14,3470913656818
-9,41643080548962
10,9267520035182
4,97339281962647
28,5766407292180
1,94353480331465
16,0334670454868
72,8492498704873
8,08938327195416
9,98495034291822
-66,4021180988274
12,0755544060338
0,373194448320064
23,7574799833348
4,39007352993534
8,88326052215064
14,4265448362178
2,98741086534211
9,39670399024769
-67,9020432234131
15,1012248085985
18,1836830849714
57,3214549364845
13,0928589507816
1,07088215660845
-22,1694306675666
5,40112801185873
22,8701497200232
70,9854104260429
13,9885435334661
23,2285477124839
76,3418001077900
11,8051358743733
13,9073033298360
10,5153431161296
2,25684374222461
10,6969328639282
39,7541235314651
3,46973924793566
22,9267111812518
99,7933032202566
4,30861213685670
24,5400882388928
-42,5918633040117
15,8138483810097
2,75700799080327
41,9974576744050
15,0310108916132
17,5569690450654
-20,9969394448799
8,29929921280400
3,97926969069543
40,0143214140244
14,0529050176798
4,03452884583705
45,5259710708324
3,46436051116384
15,9514826917061
-95,7788375941074
14,7552352024711
5,49073544100018
17,9402784680665
14,4155865061658
13,3654682232003
-11,9921431947629
1,95181185807848
8,75438351576250
16,8282182383089
10,4544195413199
12,6347231347311
-42,1048056191765
8,01986264084918
12,1571421751765
58,1927650783851
14,4488366378099
23,3785323957947
-82,9196161904247
12,7728254318093
1,75881095725461
20,0142977326315
2,48855048327948
22,0273303295849
-7,56507523672341
1,17388213333286
13,8737907049742
-5,65107433270633
2,39023198525921
4,40035831741207
76,1409166033784
11,1663166710410
21,6661014340236
51,4756688863560
11,9607900745574
17,0199045078454
-89,6870461313255
6,08127153812912
20,1273603182272
27,7486891849035
8,71488246734646
19,3436104274517
57,9464463038486
4,96527564814134
10,7032773239976
-83,1621920061121
6,31268242132295
1,11938805018226
89,2485925995740
15,1644757414574
15,7926724847018
56,8424246465964
9,85660322796128
1,64682815713599
-54,6385532033197
13,0887798518018
14,3827515100269
-24,7896762480951
8,94504626093404
4,05699781347267
71,9639681889950
4,55313996905051
17,8449322234229
50,5873984137731
12,9705597258167
9,39808696597681
-31,3687729368752
2,46227629846231
5,41855495870455
60,5812092785362
14,0132117722666
23,5258547834384
19,3115962787913
4,36200445340629
2,20455485415677
-79,4951798095419
15,6838770653492
2,72711710622860
47,4930333786112
10,1016090037480
21,8613624345960
-97,4078515393225
3,26751749754115
19,0103438054719
86,7774427971082
8,54226917617382
2,35896119931252
-54,1930999038417
12,7015749267696
14,9601095413011
30,0159950953375
10,3736893802256
17,6981550639366
27,0712270586649
12,0385038772334
11,9878722962414
24,8403707488471
0,765758972972813
22,6547446056851
-65,9138351177696
3,70122515329873
2,28756757409588
95,1325264772253
0,618672002539588
7,49347979067699
37,9581970983136
1,64828834075217
14,9500058835809
-45,0817691375146
6,21745600287377
24,2168178718047
-61,8368423492969
0,415180859890658
18,8770282993333
2,98639107432246
4,59206398349698
17,3891901020768
82,1834120464445
14,3711026723936
5,98614137213283
63,0413392550643
9,60157694823380
10,6745021861200
35,9841236967527
0,906227589184459
14,6258147924405
70,2314335322629
11,1844232369943
11,2357100378984
50,7115783461480
2,20812626619370
8,72074054983015
32,2038587098628
10,2208322875587
20,9063990300876
-33,9540190218400
11,1862549809256
20,8709384860431
-5,20873619201769
12,7479733032641
23,1997196837064
-88,9717605879334
10,3512698425454
12,4457976836900
-50,2134971609222
15,1555220195912
17,4942517745448
48,2489442385413
14,0536515632147
5,87439513414690
-83,3983384831810
11,8252066319066
1,14734964955093
11,9076290886357
6,39745743501375
6,01404315552420
91,3697416586149
6,05459578051790
9,85809018452183
88,7060195427638
5,11023410191797
6,82775559303977
-26,3744515832819
3,30368054676397
2,90395979161408
-67,8751655639254
12,0926422693083
12,1581364933340
-81,9539695830197
15,2375037377881
20,1047351528238
62,3751460904718
6,74983582093447
24,2076047665021
36,2192086482786
14,0478776126614
9,84296840358143
-9,15023308717073
1,99224909560835
3,27840518289699
14,8521303331368
11,8551151922959
19,2828582857236
81,8545250223144
4,49770407361122
2,99323030618859
80,7831410246868
5,95448339829863
15,5660218707954
-75,2589275265651
15,7507713074349
15,0336664896320
-81,6899547608844
11,5789879329614
5,82483497518842
-44,9699258872743
15,7791685019362
7,86075810803801
3,88172198935337
9,82245195265161
22,6959894261017
-29,8119772322416
3,67373633707135
13,1749827904081
23,7620922387856
3,71713080807314
20,1948115791643
74,7440732275442
5,76495023116867
14,5881015690333
-97,7625768652464
1,41042625374820
8,48508238130744
92,7584681707546
2,71475485251427
1,38411896257118
68,8266546142613
12,3849075802334
3,50459936021290
-81,4986283481033
7,26804412858893
18,0456773356589
77,3003699007778
6,97554768288450
18,8340126074661
1,81990436759891
0,270728128363391
16,6570040444465
84,0363723324727
6,36061697923701
14,5244104691878
-60,5891348267972
11,1300264308687
18,5114517173935
43,8485792253662
12,5470980290722
18,8516182490323
34,9174465702435
10,9863472341407
6,68984049312156
36,0567995743028
14,3300533163231
22,9930184077953
-92,5672886728273
6,49702002374156
19,6458292110812
61,8818023352509
7,79162905862210
23,8409548156219
-33,5299882214389
14,6128136403498
20,3035298302633
-90,9961713194159
9,14554964993227
12,7730029625610
-84,2845642473020
11,4974266199906
18,0208843813918
22,9374205892791
10,2834999129234
18,8542892120832
-20,0873084562616
9,45356205697979
15,8590423037305
92,2393584489468
11,8780561055681
4,18605626177271
96,6721426579725
12,4993349325558
7,12756300837371
-33,8249006359240
3,46547497718486
9,84310002465600
-82,3701481952502
15,3776871504755
18,4485510655612
52,6219896578466
3,59250245312136
14,5067981316595
-19,5961279917278
9,21122185643852
1,01613420330784
-99,5563080953523
8,82329316053552
1,09114296230834
67,0645042087054
10,4240185205501
2,97864593274527
-40,8566367597595
11,7690580409460
22,0256233951004
-16,0456356576920
5,72366078342815
5,62514620125812
-70,3588108716878
7,48251780020928
22,3018056858477
-68,2486935168608
15,8107149711795
19,6036109777664
21,2522196239455
6,81978016453310
18,3998481424923
13,2204304970088
11,3035466648769
1,97524072346394
-64,3362886815578
3,67357188308048
10,3570912693742
40,8906465196081
1,27693014147466
19,7197785684806
-56,7531824227122
0,344493974673210
13,3959418555839
-51,2743520733006
15,9234981629286
22,4719666293396
-22,8048436105171
7,29923202499287
0,283825357286457
64,7736624563440
10,4551592418347
9,64937782386140
65,1581917178336
12,5229869360201
2,85726729812369
-19,0457441173582
7,78114815222890
18,1449106278328
-5,46745095285688
13,3776591494684
21,8583684252630
-7,30718533785137
5,49713609937294
24,0862425441874
-76,3474998603490
7,88031838897925
7,44887375723954
46,4463359858931
3,73767044348618
0,485438096088389
5,94731435140368
5,29916873055963
0,509494715551135
46,4518314661141
5,84537757782460
3,03947078988754
-46,7697627658294
8,44602945731186
5,87782085065786
-44,4128973824725
15,2313280231071
1,10429904356662
28,2693107671379
2,89070053962286
23,8347095624117
72,5597609717792
2,53531954954027
18,2985001164514
-3,38725397431894
8,47238566966143
11,5008007338041
-63,5904137033145
15,2798593394146
13,6143206334142
49,4747254590865
3,64774609733067
18,0555616626592
8,53310256768802
12,9838573220004
0,713802491194270
-11,4177559021453
7,22285673752138
0,341522338985731
-82,7765616847648
11,4206109719266
18,5446514398015
18,1011295092670
8,07715612299353
8,34271418761009
35,3385446239650
10,5534458275341
3,79164707223416
53,8143983883873
14,5371927254521
5,90896824172079
64,7697107025870
7,51659986042490
14,7878336591054
0,309500608093338
12,4105514692641
20,0125306928257
-36,8406403489161
3,05313996134290
15,3195434970503
47,8967069882677
4,80036959196146
9,75592484232779
-80,6405614973752
4,32532888848088
14,4947949994723
-58,6944797776795
7,62517894994868
1,14921334067956
85,2687886948009
15,8375153676589
13,1999256161683
4,14242960903004
0,974341784542887
0,117745426784571
-50,4682063444026
1,66801453408758
9,11202209787982
-16,1727193242195
5,10587763996452
7,31567839695819
-19,4687728031277
12,1293471405234
20,9094169579252
-56,6311863848136
10,4484788382166
4,51098185419374
27,2931302503395
6,52564340543820
20,3661264259037
-44,7624851851551
2,05015648467074
20,2883477627205
39,5415793593122
13,8218612461345
17,8270721276948
-38,7768493250550
1,46875586814352
23,6807778533864
55,6422696946733
11,6031832452915
19,0503204877443
63,7947462335248
1,24881349499410
16,2542123235747
-19,8013230751309
4,39536670252199
14,5140524572410
23,9317472960901
15,5108008536442
7,20084384926344
-55,5592063918991
13,6755527694669
0,960561109893035
-49,3655779077063
14,6723916541168
3,52012532314532
21,2828312516272
15,8260133447315
11,4671771092269
7,93376446005987
10,4358092639744
4,41387281489140
13,7802287255060
4,50816902431850
8,13578491621122
-55,3641061863720
7,21664449995323
4,55491195586125
-61,0448062760415
1,19441924534046
20,6754673015849
3,51268474297703
8,78463048474074
21,2883690254630
-49,6433065213540
3,31934277370528
9,15354097016476
20,2026175651852
8,45603776060700
2,93604235158606
-86,1101950224879
13,7114503283555
10,7073558746176
26,4120264973856
7,39554184082714
23,0162318628369
-72,7963954204452
3,04443671930879
12,5139876474685
-9,61053748278451
1,44170844267968
3,33229738667868
-44,9440720085823
6,59471392834350
11,4317873680707
-50,5661957316276
3,58828961112301
23,0737344523968
70,4795121887431
14,5845102458323
13,5566139027301
18,0529593827653
0,887928159386126
21,2022863219908
10,7355505705117
8,05878874766791
6,51688736388696
-59,1445021886062
11,9628467257491
1,62876330760038
68,7422928796788
5,95812594278530
15,1448622995963
21,2161039393221
9,10730738420345
8,10778143718970
56,1200385899226
5,00814816005084
5,67252769610365
-66,4365672509582
4,68744441769796
9,79945171276127
-79,3822687928894
1,09010014369873
16,5150369738475
6,90671211093337
5,53827481496513
1,11898056586371
65,7514227421008
15,7953669193288
13,0351549273844
7,33826432120792
2,20254780568017
0,834352358411451
49,2846718364552
10,1997187476276
1,05618259959281
-71,1447184033187
7,84618423946406
12,6915055114688
-70,8231821145417
9,27124132584194
17,5945720594583
85,7632827307195
9,71179349830034
12,0747370524534
30,3041663551471
4,56639521755128
18,3694789984412
77,9161796343848
3,15451318354569
23,3881851041845
5,19585454393550
6,98321067619085
23,7059420447579
-18,7871487793431
6,81803127591705
15,3742070692625
65,3373925484837
11,7357726006139
23,3898954331877
-42,0873924207481
8,32843368674809
12,1939655888464
-66,3253891962908
2,99228464201203
13,8779542714187
-6,84478809304352
7,15407946743808
7,41254262886039
21,7650993831495
4,46285453905574
20,9903005177751
-95,6220891442276
14,7243709496298
12,6693288540275
79,3313632346728
15,4105300169532
9,85233439071108
-78,2724809320769
12,8169876654714
16,4772214441967
-10,3432469688069
13,2429152090669
1,31486754479622
-67,7463982920521
3,75155497865487
12,4974208037804
68,9605689932198
9,25482926193030
20,4194639791943
19,8854121369466
8,31954699343747
21,4063426501019
-32,1010544547002
13,1591950759534
19,7825779694496
-42,4798440954755
11,2335523097727
18,9838055657130
1,09737690507348
9,33002774126776
5,28662381904267
-3,65116094328379
7,65624203380308
20,8710147185472
71,5115131264544
5,97052655815450
21,2747766829786
-38,6451876840503
14,0279700043767
5,21434999116635
96,7542564607689
2,98555083590890
16,7479128819578
6,49478546437381
6,98854184442468
22,8759953190499
-1,30693069330574
6,79128111440006
9,30460565892543
45,1240733087905
13,2727141820344
1,14978922448424
-63,2258887748362
10,5133643251812
11,6112350444121
77,2483517771653
5,76170580726230
17,5779304940334
36,0856549734445
6,48295433870370
23,2774467273659
-75,9653146990106
5,34099371450087
5,46329015863258
32,6759209267428
7,16827119358536
6,07073043126865
62,1666997312564
8,99005877501398
6,70787611628402
15,7067693757299
9,08096841039721
4,52257007016664
13,8084013463112
14,6452775519615
9,97966814709214
-48,1910676266709
10,8520702832903
2,38149401173472
76,0021639297523
3,89291880173172
3,57635887288641
49,8208419484794
15,3932764729835
21,9932714067203
-49,8528936952922
9,37229024352957
8,67621542667217
-69,4550995751069
14,3586296582683
21,9553535712697
8,82684104717455
3,66737896399903
8,25777955589808
66,1066034477045
6,86459283845019
20,4042928050182
-53,8997334299434
14,8481397271872
23,0327894361172
-81,6733486524350
9,86363266093782
1,09190053084865
-54,7592411785180
13,7588951609173
18,0669720454447
98,0013468381929
5,72550557391360
24,6555926550465
-91,2550899143414
8,84790728778252
8,23634048914279
95,1355636689099
8,79451751025752
10,4457049746372
-19,5284085227845
11,9771266606904
22,6242217489136
-18,4727077561471
9,71816939362737
11,4947282546133
47,8221410246167
8,07536612047697
1,12764381683796
-50,6917997445958
1,73839783638400
6,94483440906989
-51,3652441811888
8,05233335479793
11,6283701336470
24,1697476170656
9,63153606181886
9,58516259924695
77,0099586718424
13,6376766641287
7,70158998950560
-52,3170373561750
0,0833173597324901
13,9945791969895
-33,1321661898720
12,6038668426705
1,93602772614070
18,7259317987144
11,1098308989494
8,63164622086394
-85,3261248378952
12,4475975750683
24,8361135011286
43,7412767063275
4,26184631978205
8,83650066766626
-24,3818836465883
7,36606894969370
11,9912861249129
83,9771951351981
13,2840991798452
13,2232820933858
25,4752995993874
7,04764793828471
21,5756140262947
1,94241852896953
0,990083437582213
12,7386164299797
36,0759022766518
12,2212608293890
23,6616939116990
-84,1999215389390
15,0229239309087
23,6175628840517
-87,0760161741512
0,219058346469183
17,5476591117878
-69,5931880611771
0,800051617937015
4,95772613159368
15,7252827837447
1,30801792634462
0,286100142868111
0,230345161551182
6,55703929898458
23,0064019081482
-67,6916240534878
6,94217350812960
12,4236410884322
-65,0505596978580
2,74546615804167
5,87598903342250
-65,9528331078080
9,06635518854453
5,60832102040302
-24,6740208701863
15,2561774959422
19,2998994051477
-39,1808117337150
5,69841911392895
10,4876157652924
-13,3303577624868
7,94568981861450
19,2792763543322
77,2509805580028
15,4360440993227
6,23332362830071
-25,7829154688146
15,6781002106892
19,9511478069034
-84,8264361987631
3,52374986010350
11,6442256680618
35,4338993871545
14,0558144114500
2,70800299452809
90,7508464334952
3,59176567810007
21,2830424633774
-2,25156719137583
7,60272945146718
13,9437667672950
-73,7064309795435
13,8809853757376
22,0402848994396
56,3720698403952
14,4975995944162
4,04729590326193
-30,4690091648506
10,5091190209564
22,9341149467415
-25,1890811944033
14,1102577604130
16,6682684611650
-64,6033487133047
11,4934598416349
2,42345392358763
-73,8253254296516
3,83387845214253
4,15009603228747
-8,93877598788988
15,6469011677812
10,9363292584872
81,3559106588588
4,23901807137625
13,5110675108304
-23,1732596509244
1,05192766040881
20,1571459826187
89,5192772079187
5,86253517527987
6,40910980119858
90,6204577732575
5,22674352487791
13,0094952354221
97,4011190070570
5,11312964868669
5,71176643305718
-0,471095036005331
4,05169030072932
20,7553092740735
-94,0856441529642
0,846776473385305
21,5545968622047
70,7827450713599
0,468748556986196
14,3854379560115
-99,5032302808593
3,78891706829776
24,0361589779948
51,3028397561535
11,6782632325027
9,93411930701965
-47,3942932432505
11,6577338630186
21,9777674990845
76,4501079280794
13,0770089531871
0,912960932483960
-8,64756867765835
10,7092884386651
7,58513854884864
-29,9155862954747
14,9823305192541
9,15021448664718
38,9288455084963
9,43615505162468
2,50299803637689
72,5517353340106
13,1280295850459
3,56855401774068
32,5895219337790
10,2579675805193
3,50324101494540
25,1252520095008
14,2684501850375
23,0928590705976
-6,54074295926175
12,1726180213553
18,9286285388211
-82,3902313795022
12,6192284091936
20,8968676224713
37,1401729006146
6,20815510677319
17,6112683589712
-66,4380154669269
11,5675014582724
17,8584670233393
66,9276111906280
5,29264089990850
23,7654017734820
7,72132561356615
11,8747753569966
15,9806234097602
37,5939916686940
2,92802627676462
4,37560377627409
48,2805611844869
4,12091275792693
21,3687091032010
9,22866288267019
1,97069172400445
17,2066626828453
14,7636475980818
6,52388373046380
7,13404503629419
-19,3360674662319
9,60224671689056
17,8623424186853
-30,2194638312205
13,7710852006105
20,0321515704980
-61,9097128903057
1,03708974995447
6,43453578390738
56,4778215194292
11,8781598532386
5,66648508022047
30,5171337768058
8,81198469998293
6,58518643381877
-5,47670846615145
7,53228346067696
17,7676502847546
25,3428241247569
7,70617921409818
21,0570264674266
-99,3241070824189
3,34620079767855
3,06600333881225
63,1908087262580
10,6589201937666
17,6259799962256
15,7282428774963
9,78272843917839
3,88231936876239
92,0674056563573
15,6917515657691
17,7053466559518
91,1037354624163
1,27941324791739
0,948716225824015
39,7870185234299
9,80042073012466
22,4626511715871
57,0262105035788
12,3592690760612
5,93164980773175
3,57237555963255
4,48667508588580
13,6601658227366
87,0835064062984
0,179832826820791
19,9990448036584
38,3593985890775
1,89604245614767
22,5556174985626
45,1157133407426
0,881888160485305
21,7764146394198
-60,6288435018351
11,9830194686193
14,9499318158860
-13,2313582432020
14,9369918285739
7,84148128499585
98,4529656422809
0,610373428522493
1,17642996581457
-26,9472379617673
2,18425918764285
10,2534922482042
-34,5398981704838
2,89366406213050
3,13112778740258
75,9915904710790
13,8096368118011
4,53723769833550
69,5592842150089
5,85332201313742
20,5271794664294
20,6480836533171
8,90004576250328
0,0813852446744789
-8,52603681514641
13,2754454841605
1,22264157547433
-59,5733087165725
9,52064188444475
19,2613694390020
85,8802432855149
0,845609718831938
7,53284329759492
-96,6061445302473
12,1221035827787
15,5178028760170
-63,2476169598647
11,7295910922433
2,99650461805737
97,9127954161826
9,84631902244786
21,7211511374507
58,6201676342203
0,609454694321693
22,5190671054729
-58,1901623152469
5,99671506782976
7,58492405198361
69,2313675824210
6,04552498645233
10,4396104887102
86,8658984692281
9,39846084685519
16,5755808829781
-78,4935603110927
3,54235027526332
3,11106039862345
-69,6408517774447
10,1382532537190
24,5286584441577
8,72642804950163
3,48013109043085
7,49854783356496
70,3606744450282
1,11806792293206
13,5480774512056
-6,83717405835176
10,6673100436081
0,326441457888416
0,830585062660916
14,4022477158689
21,1276129553018
99,3120477532768
15,9353156379735
9,71598107732359
-62,1700572073573
10,7291914641633
13,0244098256615
-44,9262472744680
14,9268101590347
2,94793978477496
-24,6879701076016
8,83387470016579
20,5850547294664
-91,0685501145905
11,0622769305433
21,6312058427571
-76,4356706095185
7,73817255317234
20,9517408609867
-1,58804576046763
2,75652421059260
15,4407653722499
-38,6997524055036
6,00597563548187
7,94245003548924
-55,9592820282600
12,5184027310493
24,9707158465219
-93,4514763473715
3,79132963816530
14,4754754420032
-96,7265184647847
12,3677384803667
17,4630009386648
-34,4881564491070
1,22329924787110
24,7014012693664
-0,671189945226614
4,26952379088851
13,9882733725876
56,4792788361160
2,00203596695084
10,2600844459809
-33,5564623962333
6,13245603439887
0,332263909339813
60,1190858848340
13,1353737224210
24,5976388574924
75,3676162751517
4,18095202828929
14,3220900585510
-36,5246752626056
1,39417288793126
7,85384753229079
39,2670161304902
0,598052657337510
18,3756737299732
84,7634117035210
6,14243570711799
4,87394134135563
77,9105672515789
11,2517255110324
7,23501518368361
19,8381570977473
13,5963288213686
8,14716156812956
-76,5964942618329
12,9961705596045
17,1902449388559
-72,3199928074592
0,453946033754379
19,1268109225999
-30,1379605924486
10,2117891269258
15,8609293998617
-85,4161192696608
14,9724225664292
2,48759980292734
-1,07547138905277
8,18870572958485
16,6995929425355
-86,8719410005166
2,72861557113186
8,48758580173022
45,0868147442133
10,1539006996716
19,8506242090814
48,6147300833173
11,0730046849009
9,52622590554464
-15,3033455869838
15,6325283603751
6,84958493895491
-10,6214102190738
12,7503342805119
21,8666823892598
19,4763390310589
6,61356337757432
24,6823495111901
-41,6056281104530
12,2650163172393
24,1143284858657
32,7896334375889
5,92472866552925
18,0264944468229
-78,0693198801315
15,4093449738845
14,0975178487841
-78,3679350150386
8,61297712201749
13,4763727744426
-51,7485901322917
5,64328727929700
13,0831388337960
-26,0200946671247
12,1681484589405
10,0220588742324
-79,1850200084040
15,7165232004209
3,98580077228545
-64,7931322795003
6,10233051143288
21,4893035331646
-49,6330825208108
15,6622385342260
0,0226295327135748
78,2641587046041
1,29930995295930
14,2383182218996
47,5520396929461
6,40750625218105
20,0228351260079
-3,76385925908127
2,79822560315263
0,993515403248555
20,2866320040168
7,72646160408538
9,34885794627467
-97,0426272309670
1,28816660611349
16,5528756942683
-56,5637029163612
0,420378166279981
9,75330828465407
-25,5079841523247
8,99547782340344
14,4339283002983
40,0021576171676
6,69383187614363
7,45766764172446
9,53186383177587
3,73615811580561
18,4024965297645
89,2384230710558
1,01728997163463
23,1447232811183
90,2730619571582
0,217147605108261
24,4554245697704
34,9680112086514
12,4981950041690
0,641331644843907
4,00763479293309
10,6734542944828
22,8183117522993
-65,7049123419417
4,45866236398176
10,0122865925230
-93,8314111106559
6,52270047172870
16,0746375530753
-92,8731219654460
5,21972325787460
20,4528805591814
77,0177221006532
14,3832417120431
13,0500805491984
-53,5306045446691
6,54501656470379
0,255934917285899
-90,3106812767841
10,3577153295996
24,9833090668154
-69,5155449478740
11,2695940465087
20,0837043998503
-28,2768498908908
1,50545746226824
17,7175997795618
47,3145314903507
5,60374046421601
16,1722227271529
65,2186301536442
11,2862069422833
13,2067754933655
32,4956786054902
7,34890631839553
8,90415543864732
42,0726740506346
9,70873117709523
17,8589883542105
-43,3698905033391
3,36324584915150
23,8023048894141
8,78470336636537
8,57290603183617
19,5614834689025
43,0472431209132
6,43162307303949
21,7712294706197
84,6717226545568
5,02009700075231
24,9342134004356
20,6607744709821
5,97454498475010
22,6355989985559
-16,3572482033968
0,720217428560321
13,4123083104180
-88,8697349936070
1,88588578359024
23,3806297177345
90,9657336372659
0,247623842074837
22,2633976583679
-26,5341195918791
5,76718138721764
14,3247969285144
-76,3600450909317
11,1715940635619
13,4083708825170
33,5900030424328
11,6154293583981
13,1839534838463
-60,3537760305108
4,13797753928201
17,6831919467306
-48,3665762086734
13,3510296133357
0,159770886096194
-29,3939727346443
8,01952887982089
0,315607122555054
-23,7583195431637
7,50677241805240
18,5398580952260
-2,47329358169508
2,77509780898729
10,3852033210086
44,6794194651882
2,43453245409549
16,0358280555930
72,9531501033623
7,49660710222827
10,1805647690278
3,02584841263081
4,78834721722065
24,9419738044502
87,0442488668380
9,18918890938192
10,5723605252369
41,4038262887745
15,3870901435183
2,43293721085666
-4,24181203838148
14,9844631977089
13,7120732425187
-27,1847546000846
11,7445566105656
8,81038982008981
26,5740324347485
12,8699607641886
7,34103829012966
26,0444451783122
3,13153982681060
18,8709721438080
79,3477511777354
7,99616351404692
8,81277014487342
44,1062985908787
12,4476817520911
2,47574743966644
-33,0601369737300
11,9967195170127
8,17062628441957
68,9387813917892
0,908733403743529
19,4765520538716
2,84104110290231
11,3552875783678
2,44947232396132
57,4886734838483
0,708888178745669
8,17710129339980
-18,4811688146783
3,10695691107807
19,3164204533525
72,5087462863933
8,00793327077521
7,68009737786337
37,1456684262171
1,81863245599266
4,74859051318521
-1,47563013764311
8,43196112296700
23,1480675816178
46,5920427878858
4,22264877653123
14,2184831104996
-82,1399270430477
9,74190778800796
5,16747263269179
-72,3078924135257
7,63086814589386
5,01705444885101
38,5364728037038
11,1017237682110
7,90225092794631
43,8226128124548
6,80567017491049
22,1172602200304
73,1341528006344
3,20295012063428
17,9989344471821
-35,2023211209318
14,2019452644385
13,1460296098494
-0,145173069229232
11,6579050539755
1,57578779535736
33,1167707351856
11,5704208190441
1,36383204182748
-82,5932900920153
10,0025508173924
10,9808391477251
54,1804214491716
1,31454001268980
13,8054535680770
61,7190464599764
6,62539064993355
0,764754508687487
-3,82618416534690
1,85621817967041
16,8316975227326
-28,3579038344634
2,30090195450992
18,4710122268732
87,7451634210899
2,08902373768062
23,5447149337286
-58,2138811087845
14,1939506457944
15,9442414179386
-80,5767178207838
2,96964425543098
10,4000661200306
12,5573535776532
4,60566213192988
6,30658041018199
-66,5078884689902
7,45664723830679
12,3028325722997
47,7640940241571
13,0263870768598
22,3292672707953
90,9947082671190
5,19037592367399
16,2376885678987
-55,0905394048461
12,5063551592284
24,0024819042809
-42,7490872297098
8,65345167371373
16,8875025059246
-51,1501574928497
13,6955365549714
19,7395291951036
-3,36431220477500
14,9285707228224
10,1317400833580
-59,5461991186605
5,54506858550695
8,75914590111570
-34,7251148629385
8,66785645665573
7,56503755163767
-69,8628012134013
13,7941547850933
20,3957278005934
-7,65585177486312
1,45899887103582
13,0414941277716
31,1619998084971
1,10611549843409
5,02578794139606
-84,6087687549569
15,8951944703759
10,0170132577523
-29,8956944646346
10,2103641295138
5,95516303081433
-57,4559000795179
12,4836724960940
9,95323773126999
75,2332312195069
5,48049077018839
17,9604254719448
10,7819467006181
7,94847202421907
10,4047043319896
76,8088279352811
6,33740724567156
15,4192791230856
-28,8841479675765
13,3037191060378
5,00981600713654
97,2343704108739
6,18093541276655
1,03148939988265
64,2952657766248
14,8075775528037
13,9169394500205
72,1820265357455
6,26696184396027
1,36521554153659
-66,0892011357269
9,61567321614833
10,7691757060233
-38,5182112922460
4,97569650501627
10,5966981270860
48,5054075838983
4,20522159843632
12,9797789261740
68,9735542884549
14,1917566216065
1,98625496837883
97,5913837583601
8,32160430880833
20,7110275892502
-68,7093495337842
9,63888522475446
6,82930958230834
74,2308755101117
9,72626944452588
12,3335449789622
54,2543042993801
13,7287852454395
2,53691277672717
40,5603669159566
8,09529771013646
9,38605190081878
-0,837784421729770
11,6264531985183
5,70933600007001
-54,9985277740868
14,5754952425863
12,1220865555184
41,3198506252544
14,3886241480124
12,1093923418565
-76,4427296549903
14,4887540168422
11,7985445446524
-45,5869889057750
11,3351302506391
23,8408104143867
-7,95013342971722
15,6400632036682
19,3800484717545
-80,2720787336086
10,9241865367913
3,81677670400210
-35,1603229526636
8,34243688864220
13,3984798358163
-3,91487211193757
12,3226321879513
18,0782384320639
-48,7909931935871
12,4855290052699
2,13630959728438
-62,9680624754804
5,47315450397260
3,01084341059107
26,8676543865812
1,97658903035854
13,4704346305544
97,4750747184095
9,02140858454065
17,6262656016843
66,2821219178965
3,52405205588730
9,19508497415643
20,1386789986034
5,50978427035758
2,41384398943751
-59,3046952967824
0,198499710999629
15,8173635162693
-46,6253870465435
0,571169030673028
12,7732621351073
10,6554376361478
3,23368660767294
4,51509087899278
-92,2323805211983
12,5564537170339
19,1958063505820
93,9850242766786
10,3088155064175
8,01260375286702
-58,0089679195195
1,49421240819558
2,35285461834921
-6,15622998550160
3,39719333941647
22,5451716525392
41,8828674015541
8,46822962056980
17,6288861524837
-19,7544762038205
9,65355033423488
8,98723407611776
-48,5739729059263
0,243854485223652
11,7428941329184
-46,8662767589433
5,03090869374556
4,89743832652789
-37,1083853176827
4,48026047137923
21,7124654931176
93,3748814818629
12,7687474973908
22,4951298188374
16,8173925420220
9,79489508562664
24,2038646018947
-64,9083742372050
7,95229877155095
19,7349165370846
-90,5297545475229
6,58051446272293
20,0071374338642
-35,3140426402375
8,62660383922468
0,0292919377129728
-32,9364214051012
1,82875230100293
12,8860402973714
-7,10929924907304
8,26843054171346
6,03912120704699
10,6625127764203
2,27006978692475
0,0432105061512704
72,8378532641867
6,36813948027689
9,61654685979589
-54,4471349942536
5,05237883665344
2,06622077387841
7,95259261981363
4,59419243066640
12,7603829202539
4,70219900454998
5,37764400026011
13,1776963231177
-63,8176679892867
15,3789372670599
22,3464677148727
-62,7142894615675
8,80936023710822
10,8018060393766
98,7670418246063
14,1006624480915
13,6480371680280
73,5628413977101
5,77495410615187
14,7429733804462
28,8492783542512
6,86711977867205
23,2542724989687
12,3521971380939
12,0397853525371
3,59117507155079
-79,5542301310388
6,53050424631732
0,565476140775111
24,5706441941442
8,59535506076761
4,12410061733673
-52,1342276009508
2,89077532773902
22,6834370377897
8,86880228144475
5,38968033653101
24,6279599978886
75,4065101187908
6,69435823241546
6,24068516726363
67,5639906097426
9,19405818043177
23,9142921049193
-7,82046178026212
2,43606881337214
17,9531627566774
-69,0214050536871
4,68454212798930
23,3038073666384
-16,1004830705581
14,5587702012496
5,97270441088456
35,8424417000450
12,2901994524501
15,8928830504777
-31,0795167805037
1,03592781417992
15,3265892069595
-68,0852325158197
15,9057697774842
14,6554274386596
-12,8408513719903
10,1047306941103
22,1222377924138
-60,7826013598459
15,7807387797684
15,0052351437036
72,0654954273273
15,1105849381465
13,5471982242986
-44,4517800669520
2,20956975764859
21,7184909346929
38,7960678715049
11,5246341240166
10,7225759095221
-32,5341972022757
15,6079181261616
0,552511565890427
30,8173592347475
1,61832820302675
10,5143866261328
-11,3964385307729
6,50974633937329
13,9604809743674
46,8598126126068
3,52300728582142
18,1203239023877
1,91246387698494
9,78222488484899
16,1822427808005
42,1120316923905
0,703379473473788
7,19798830882484
-6,56272240063904
1,19352844006803
6,49951390519018
-10,4743680327274
14,7424712170436
16,5054214714623
8,67264350025396
10,4622442363382
0,0982151124462174
-80,8249353907422
9,86335022017527
3,58466984814783
-96,9546152519234
10,6145967253606
18,2556800812025
18,6476626394585
15,2360143422507
14,8157638021883
51,1538392635015
4,16522978150741
5,82702144359588
-66,2344745643991
5,49362327246794
10,7751665267811
-58,4964258942075
10,5117427917556
11,0759830665755
79,2104789623233
1,12832610441311
19,2385739086750
9,30785472177009
5,32460802608962
24,6477946702379
61,3796083990427
7,07825070180726
18,0331274114927
-6,51695094869706
7,15193914978896
21,0144380888905
-90,8163657911673
11,1879109101927
2,99983354064597
10,6114889125792
3,19892166687954
4,79423179266511
25,8157872395144
13,1036900272155
18,5495024738071
17,6717989461014
9,56591359544230
10,0631841769537
-41,3954905133516
9,02435624329688
10,5804849758438
-52,1772301207292
6,75986643311593
12,2092673555430
-6,57907194192628
4,80811654483340
21,4199352081114
-19,4750645872336
2,03880260325764
17,6622015996935
84,0552804082906
9,02785462274581
1,23822315182555
-93,9830469568298
11,9977025157368
11,8331372491008
48,0978221659616
7,16176634394008
21,0821326127430
31,6124923745311
14,3621200248571
23,6758388687406
38,4717244332168
4,92071102098393
22,2282994355531
-91,1864055441778
9,62864261362909
23,6014883111924
-52,4416730495846
2,81276706098470
4,10644092507606
75,9861298668886
0,758108186946544
4,80111245957797
-51,4643945389238
0,336000133568932
10,8242839616028
65,7152699143448
4,43235055453001
10,1838402685788
-20,5095654301656
5,92729152103998
7,49515567031866
-24,3049691588769
14,2959128397244
2,36288251401989
-67,2973507539607
2,67927850646292
5,81457441658994
0,791739158726013
10,8164485500047
18,2251799538730
-70,9384970452893
12,5921643189108
18,0700874637891
-29,9833456926293
2,53778495312367
2,70606079496450
-99,3941774673444
10,9411978393715
10,0783761480991
-48,9766651258220
5,51736761862897
24,3524294836498
-7,53095170098763
10,3803321875602
22,3866912456817
26,9813275101934
11,3657330018151
24,9081448657958
-13,8104333780114
7,78290673885199
9,95603111440238
82,8702554869081
9,21228357132654
2,71396553553044
46,6283493123341
2,73335744859096