9,24821222222542
-79,2940936555080
6,13831394245124
21,1912683971713
-35,8622287367286
2,53008758145154
6,87039940196347
45,9823477301642
10,2701493908028
10,9468643218558
-26,8223584184351
0,614533327903718
7,95081011920942
2,03746543077550
1,06959091210263
3,13924491312749
-48,2323177276839
8,62377471652094
16,0002005955532
15,4161380935913
14,6920845579481
17,3909892394051
-6,48912310969605
2,66740876453197
23,2519472290483
46,2154849228361
1,99375472733960
19,4886003564075
-79,0146093672311
0,219113445058815
8,00146039459362
95,9436629955486
12,2042028783507
15,1699955657368
-16,9232200359837
11,5640669385472
3,52789568635703
58,9684095240290
13,6710272318261
0,142800400257464
-13,8277682762023
3,99931297186536
10,5174113517156
62,1283410982615
9,83840465349278
22,3579121174074
-3,05874397641746
0,777780932824214
3,89844044727734
7,79586069358202
1,80471329555846
7,76387124133539
-97,8104628962152
5,57035889836072
24,0221961649899
21,0500316153519
7,55118793122384
24,1970162539354
-54,0647796123455
1,27251176102739
21,3702331854533
38,0147868992496
10,9124697832445
22,2928444178989
3,40011980971922
8,40459645681705
8,47160469401035
-60,7304407009855
8,25386516703609
21,8712466060062
67,8015513062644
15,0462406556703
6,73223628798690
-80,5065110160504
2,10763773300154
19,7472001799791
-45,8175814177523
10,4125013165810
13,9792337279741
-10,9008188956209
13,5549920797779
1,55381527350358
14,7700569534090
5,53445660669100
15,2211442654107
-78,5314929794375
1,09037317446971
18,9734324072005
-77,9095524483802
0,183686515516843
23,9317528177112
-96,8048416717746
0,108640988546068
1,73156253309944
-14,9173943504437
4,67959582175081
5,43430137916335
-39,9031567732271
3,48259675440345
18,6891159174792
-45,6033645670395
4,83043171136199
16,7749961582050
31,1469989460895
9,52635675258935
14,1734111601047
53,2202955107307
9,01908682181062
3,70434895827255
82,1088171853341
3,48793236266752
24,2380002512642
-4,19768172073289
6,24934794555224
24,8069322259114
74,8015703780895
5,40997043660987
7,58548682598220
-83,3853128406846
11,9339618335594
1,34440245398261
34,8265609419280
5,90390611962934
24,0329196075318
47,9755446927791
6,77152673125034
10,7136039530946
-23,0030901626850
9,14296503721930
5,39129782522396
31,7850573408201
9,40992376025214
7,79640492642782
-96,1104866971629
0,459932564913016
23,3626574884415
19,6579231543798
1,45808325151384
24,3215615243481
-33,1137071624235
8,01634017075003
2,23651339610449
-77,1893309573791
14,6920467936811
24,1409771408579
33,5937690550719
3,96185665463915
15,3124544197045
8,61099993095695
10,4470063578496
20,0315690817647
-64,5218510722824
1,04325158520448
23,4680629709190
-20,8144378824271
0,261399728517336
1,95220912955379
-1,56715941968022
8,32143043234997
23,7567643523717
-12,4232600692050
10,4375733047439
6,05286982200675
27,0733594543070
6,30647194171433
5,43055746320940
-69,4536267328725
6,09017147402495
2,73729698078943
85,8617028404362
5,91368420398151
13,4768696401353
74,0331014031607
12,0500801892214
6,33747020444341
-46,8821753928738
9,79039829672243
20,8867117839734
1,81031051743881
3,82642194223606
2,46259163786886
-1,91091071647587
14,8041622620457
19,8304770430843
-91,6931552537224
6,11017979486283
14,0331727299870
-19,0684377631088
5,97527894159619
0,0156055576914724
-24,3066279087442
5,27641009604521
13,3289242546865
-66,6224751417745
14,4605474696414
5,30495414826651
69,9003413101670
7,45786681662532
14,6645082734464
30,5548791573543
8,13120826443505
11,5521552964865
3,75365236124041
12,7156639046316
17,2151913783945
44,1983578193177
2,16160512271489
6,13371252696027
-83,7512927555991
3,27993208670268
23,4359257350840
85,5371859775818
3,04281904392285
17,1776738731161
-93,1958914032962
0,0302576846026579
23,2632364646221
-54,6996571429316
13,7244007028623
10,4482853815802
-0,0310143164707233
0,160148305528958
20,3482661036126
-71,5433941482955
0,138952805207776
11,0012605108031
-49,5689563778442
13,4477640742902
19,0618795521063
81,6301562995692
12,3206910917422
0,219115989221240
7,54043961894149
13,7145562207252
24,8756998743818
71,7001424158895
14,9352335685648
1,87645637574422
4,65053444307442
0,241169518242856
4,24015095063570
69,9118557991483
3,03750739131541
12,8549155702845
-52,3190915291767
11,1056626857077
19,4765553330075
-76,8355911104881
15,6367602050883
8,96959080623751
29,4333858899067
9,20417072624272
7,33390268951220
-78,4868788794462
8,99792294508312
3,80155976659431
-42,8914729723920
15,0683888637788
22,6318448758943
-80,3171921782180
10,9816893760117
6,82012524084102
-42,7419319076073
5,29852001267088
8,54715333567870
82,4789239062644
5,44090339079942
1,24750467145535
2,76655699716113
14,9499435460150
5,11562463941155
-47,0336543176756
4,91993372335052
13,0921345555148
-31,5079756862345
0,620201885487910
5,93226915684020
-1,71691421031563
9,08448116329826
14,8006824057568
58,3704996177458
10,4135893074042
20,3253063584305
-48,6400605471808
11,8190598868295
9,66072932505098
23,7322496542647
15,3019713684930
19,5719399955042
99,2038726320636
4,89690018696872
17,8751366084458
-97,2945260801201
12,1456619765913
24,9935829317077
-8,24745755308620
4,50123439597034
0,507470001631180
4,17837351685708
14,4305516464625
16,4791058189385
75,4631207005297
10,7294099840760
13,3228382242609
-69,7475879756786
4,66478446494218
23,9305367330998
-62,9639438731045
5,17575818251359
17,3835152133501
85,9711111722380
11,4683483276659
11,6878113393041
56,8319561026948
2,94766157200741
7,41494153141648
-68,0750131451476
7,04524486143112
10,5189063405450
87,3464599572194
5,83226571756896
9,90470951679690
-86,9218944824337
3,41611087324501
2,58635584231066
-23,8966497414360
8,53674564632083
11,9551662524511
38,4074897444259
13,3163432356287
19,4030872065456
-94,4251213736497
7,56471966109168
11,8207504394555
77,4708371018238
10,1177089799890
7,97669309263702
83,3127962476937
3,15201708462064
9,68020892433995
-12,3012811918235
15,9607882930405
17,6581666464033
-54,3610282786718
0,0374013182475128
22,4355705415453
21,8294970289769
9,84500651557255
18,8776138186387
85,0716425684054
13,1914969318247
3,39158293874319
27,1216456881636
6,62505183982833
2,93483437280113
-89,0365803409648
14,3410644909995
2,38476758951683
98,4357976922881
8,19220549237388
6,81201035823031
-40,8767570883848
15,3869616271096
1,24852494906325
-51,9817939611739
9,72590670730045
4,13233574760156
-22,8262316169742
10,6575067903235
24,2323799257151
-47,7774827287786
14,7432735668909
4,44080139962376
-55,0606816263284
7,17902238099166
11,5200102308761
-26,3712988601781
10,1327688202000
18,0840951254453
-65,1387009482715
3,38423874844667
12,2968416718002
53,6242815000205
8,96549302105712
14,0378323666870
16,7383114692931
1,65774786432637
18,8861733426784
-37,0151350672084
4,67726192894421
24,2022257268747
80,8626804485407
8,70427174182653
9,77931990341194
79,6117946250443
2,89394685203438
16,2949114507982
-13,0426329913618
4,41720489466280
1,29711001466466
-85,8731144309308
3,72155043359302
22,3252090334177
28,9947110441348
8,78108453402886
22,2078418682745
67,6646036223696
8,91278021517880
24,8029182116208
80,7464595528142
9,92820064466434
9,59544956758907
24,0242846741500
0,0105106980529719
8,58107998894675
-15,0007601250569
3,00453843930221
17,7042066659433
-98,8206807380675
7,62030906919488
15,3714608055828
94,0173935752978
0,290509250581236
21,2507681588466
6,14347851727581
7,59852655355771
23,5769804891144
-31,8501213855635
1,22545108067640
24,6031278629148
18,3763745526888
4,01106290890459
22,5652558105367
78,2576673048643
9,29890571376514
0,785310648460328
-9,30680320225685
2,41621873850347
2,17066829058831
38,8439374611850
6,56336917197065
9,00846190684795
82,9753376096311
14,2885726541495
2,74057249771285
-77,7150520818149
13,6709399863090
9,98571020003051
-55,3132397105593
8,68408563405990
18,4466501473144
-2,36280472089618
7,36733184979229
21,8304359468282
59,6559723392594
2,39031654361087
8,14907097980677
-11,7848040315795
7,82246706950552
22,6044497574500
-66,0845209564933
9,10593154430643
16,2077920015805
76,6202278934119
5,46335950787143
10,4359477994326
-94,2508144654369
6,68676394485878
20,7404433420352
-28,2393327480385
2,82835379237631
24,7371171461680
72,8457727477697
13,3564278068642
9,47496599755522
47,0422100486137
10,8127164793878
12,1348845065596
31,2004984866333
2,96708929165519
15,4190007775088
-0,777176560899973
9,77812556176679
10,1983788854809
-80,3112956974241
11,2824242727995
15,6122251798447
-47,4181151965440
0,453103954628443
15,1730637727050
-7,17688698486729
8,33390915833792
20,1319088736000
2,37482671276699
4,14592781298790
14,7711932714014
19,2965007043729
8,13145597697343
6,82128604144639
-5,87655876332496
15,5718573950395
11,6139237381250
-17,2645937731365
13,0917064564408
10,8109126049007
2,63700643071196
13,7401835877838
8,98084016853366
-68,6401346120113
14,3458764923614
22,7884635288572
-51,5277370718324
4,79207325290092
8,67372477011116
-60,8676559676516
14,0804015322883
13,4509667961553
39,9969328151933
4,08341243357151
5,14459242229018
9,50604178719448
3,07436980976083
12,4508289137782
-79,7218090895462
2,98589495565771
4,08572518123607
-30,4955815575586
13,7777231858868
13,0561123746238
76,7639643390674
7,11358333892969
17,8653176974759
-76,8726954724291
6,18568953073381
7,43192417351509
73,9424479978823
13,3120953725122
14,8132541248190
42,9977528319462
3,30387662683070
21,1013762279861
-66,4617929931457
14,3648461236629
22,5394467785255
76,5641790376259
7,35204698293822
19,4922386524805
-84,5486523814489
2,61519935561006
5,46649537387135
40,6148624782693
4,29999753080669
15,8358305525695
33,9017278426449
8,33121367276811
17,8166985377744
37,6176406567933
12,3578867510723
0,0816881358384780
97,7119486450864
6,19825441614176
15,0894476772841
-87,9332599508628
0,710802816310734
23,5541343629715
24,3236370831411
15,7895629716833
2,17757584366320
-2,64704876653241
8,36837789575632
5,63895175893390
-39,0548549460180
13,4989317439164
23,0404625707910
-70,7990573643531
14,2697142450879
5,01964947419110
91,1011253761261
10,9694257101717
7,58667388763983
92,0975596198571
8,28550854332393
16,9822913036115
74,7670308984921
7,07129856801131
5,37864306059563
50,0172179938684
6,08225739467231
11,4451176161765
-24,0219679213803
0,509500461182556
12,9255343152170
23,5719911535967
3,45411373696840
10,6568200493989
42,0802349322390
1,36486016963571
12,2633161295133
-88,3422851466125
12,7500245748455
4,68880415529174
13,0095804653620
6,42888864685810
2,62053849536327
9,00991992604387
0,796701430160026
23,5201677906590
94,7859666912648
5,06381640154807
3,22037524073580
-76,3428709244052
13,9395175802799
8,35884446909098
26,9106602238881
14,9024944168173
20,1218813525492
-70,5101259829957
6,81174866795424
3,52752040653646
-57,1294757624958
13,8584845489015
13,6058821393474
-93,1004566561658
7,69028810429255
21,7265640174979
54,8202609312035
14,5334780685828
23,5571022610817
-48,4666244649535
4,00854436460211
11,4557706122981
57,1398835359687
8,42630737969402
6,57626148922049
21,9414386964455
3,91729833137818
4,60490248748880
-94,0838632798998
13,4150314662033
17,4441013617710
81,9454273421345
8,41157553423621
3,09828691742046
-25,1973869802640
5,59686130455134
3,78361106810033
-17,2066139880275
4,11410447658327
17,5500216179311
84,9146992199653
2,70124732602740
10,0274898329827
-8,71962430375388
9,58775830391098
6,23025378460680
93,5443857871719
12,9758682998541
7,35837648948852
-60,5013249011206
13,5827085949403
13,3226881744827
57,0766969069182
13,5163591017510
4,08861625238861
67,6542581152470
3,76004856580190
0,479065835449399
54,3464201612521
8,13256483939630
0,0313189378582663
-22,7018602215851
10,7096758488812
12,5131397426250
89,6627059160687
1,45186118644150
22,9379758286334
8,07442353552055
8,68797905710057
23,6468146452282
9,40688762523290
4,76786141740788
8,58367295729811
-40,6348238077053
6,10949128749162
13,5583510042113
49,8226846547477
8,54218534485353
8,73882650030719
-76,3521602227911
6,82441074035851
12,5782725802449
-66,9331859145136
3,71257775897458
2,23977403893809
98,2902080884440
0,454705039317243
6,92883650697235
-86,5320720987631
0,416451819765236
9,46189473168680
51,6793463620644
4,38881787393312
19,6146495435684
-13,4718871988319
11,1116895144343
3,64796542459439
-71,6989141926358
5,27996543489739
9,81912851540206
-89,9862295406173
12,0078244711871
23,2057902141887
93,1664809556200
12,7304354045060
6,22253283036916
-54,3284484359790
0,859869243301029
18,2976514741057
-22,5813892951965
0,147583099924173
7,66788121085983
-70,4003166665951
11,6499920624537
11,8216673373313
16,2459169548839
10,6302721566141
16,4614949517871
-13,4404074572242
9,36522582345370
17,0924351787749
-79,3920445235132
14,7046046113210
10,9324120818715
-98,9726684651909
2,67739554897313
0,587160155246158
-21,1264804844213
15,5514237425516
10,2688884959881
76,1995818297996
3,51371165047292
21,0087103035043
-41,4086710667434
0,611976555543988
22,9081706784520
37,4996296925373
3,66338250463453
14,4990331965026
47,6343727648376
11,3242518386211
21,0412426956829
80,7168446031816
5,64195286834309
8,91688931004562
44,1734055834643
11,3518055242179
21,2862728193562
28,7742701128210
9,41908014424369
22,2766606994247
35,4753099891733
1,74009754799428
15,7048536482450
46,3846594510591
10,3491729379871
9,97940799109472
79,7271191546772
11,6978364945170
6,27453306446003
86,7532954678115
13,8140817506794
24,9072321916361
-11,7842632785768
0,362361274878461
15,9318156731478
-29,7748188547440
2,41922000236866
18,8605376518028
86,1734621421727
8,40310533966624
21,9949246972424
90,7937320271809
3,62503252309627
11,5800855349548
-86,2719728665568
13,4666155176494
6,86274164356493
-31,6472752990761
6,88052881398624
11,8508971220958
-97,2472933322090
4,79024580927293
0,748163206490984
-20,7782004276907
9,23470247844184
5,71360450925790
21,0165576756527
5,51603755723374
13,5090207113694
-70,7790715194616
13,7121789686189
9,98898840542218
-18,7563151482575
4,58510226479103
18,8865272305840
-84,8944405757880
7,05525718999055
20,7989134421131
23,1444828820765
12,2622583177329
13,9996099127854
-33,5125430634625
6,12823151013071
14,1424773236548
-82,9742556524727
3,82086249029460
14,9616508823800
50,2306776784419
6,30259652128423
14,1488858922258
49,3473479285288
3,13333465099794
11,9437273825523
-53,7123368579757
7,05122242254506
8,52039213284098
-37,0776371282403
9,89441111186449
20,2927528566317
-67,6303457796059
3,70968537563862
19,9519248712530
-91,5383666994061
13,9429315558767
7,05610791491668
10,7585169261265
11,7027204617233
5,30506974718574
34,3266572740412
5,11918165892134
6,26249500505179
97,5105380419192
12,9884260937443
5,33642629788512
79,7374111936400
7,34169158824296
13,8396573665136
-70,2902968565520
10,8155032979689
13,1431876880486
-82,3133758072959
4,60456134489358
7,62107855257001
-29,4797512196964
11,6883170755726
20,8460653093672
70,1317558653795
11,7475436962016
1,98946890785994
40,6520027196779
11,3268665431130
10,0226241837930
-67,3810702696420
3,35144487606260
22,5000929499575
-60,4223237695833
2,73853693390992
21,8668300331792
87,5091466100577
8,53985355761499
5,63029548133624
-47,5231766108941
11,3417927084077
5,85703668626415
-91,8488214620912
0,0162044254526634
23,3263745467406
29,7646855491263
3,05572927878789
16,2618874171527
-22,6567883710007
11,7762197926507
7,00982581902247
40,9087736283258
15,9287120436594
2,94388961102846
-86,1564290610805
3,15406884449763
17,7134803378691
86,2066855407755
3,72624690988283
14,4092268641506
-49,0129700701489
5,36305208161642
3,19130174580330
34,4995796845020
2,22448341549430
4,12234344686242
-49,5160679942288
5,38429063700804
18,0484807815097
88,8900148505067
9,05833798771265
0,695096834443410
-34,7322518578475
7,37589385044242
6,65176270882771
87,3518414692816
14,2647232451383
24,0391853008253
-47,7056669961544
1,87837876850337
0,614278239031973
68,4546481474078
1,69888145383159
19,8937412349788
30,1244827319869
6,27024594831976
19,6053757805926
26,9073343284706
11,1478903223511
2,42971624107996
-40,3686405440075
14,2164314356037
17,8592920013337
30,6454676598227
0,739262995587533
1,16213775256804
95,8443577173059
4,67484114656590
1,55486974082952
40,2601761472446
15,2599751171888
19,7302410357040
-29,2211049929144
12,1755145341960
19,3884282672031
48,0560518436144
0,892328577432579
24,6845965778476
-40,9796349351520
0,454789006513746
23,6287121522475
-5,97170745024811
14,8331355144892
18,3221317920951
51,6942661864130
5,92944449166050
23,9476055989340
8,14287370686164
0,253339821493350
3,24462109190553
61,6146213183671
8,05817988932786
16,7069497512516
-69,8440029541758
15,1864651764608
9,50229161435914
-59,8381546824922
14,9190123745656
13,4758744577750
52,8643755535570
0,859306678002254
23,4324291996649
-40,5561993249069
14,6328339069515
22,3487374840754
-0,532721886436582
8,06005619220081
5,61828895511139
26,0255584970713
3,06464033306651
2,19084104084827
-15,1524428024741
9,90135423036554
5,38624897871650
-61,2778716131699
14,0051641531598
17,0206792178682
-86,3363754384231
6,71804641692045
10,8179983195836
-78,2724816850566
14,8869126129308
12,1320366820129
-12,3137630981188
8,48574164238070
18,0091218228499
-22,2504499768117
13,5103594680123
7,93337797350247
-49,6242148441688
12,1680806601022
20,9113838864671
28,3989802384375
10,3831683418423
20,4876801436448
29,4731677647983
14,8686383650877
7,57788644264888
24,4304993431016
11,1772723519670
20,3511457803354
-93,9521388541844
3,65294078555898
0,654514452287064
-50,2409076150980
11,2545192498428
20,9338413186695
42,6204532974350
3,80851890517905
12,2319062013244
46,6959401833668
8,64537566949211
2,56691454602558
77,6871672205494
6,03617994674880
14,4721716099428
7,78351910440003
10,1261184284095
3,79649486163397
-61,6855287284252
15,8015789312117
22,9888575070805
54,4984067509331
12,4308817287009
18,1742115703818
23,6711013849695
11,4701074125325
3,64421940076694
87,6991947465679
13,4819232255308
5,19414550664214
-1,62174315443389
4,19062586468034
12,3016726298983
-29,1405418450725
7,38053364433032
7,29884733722754
62,8480807241705
5,80674792744346
16,5652497709698
-35,7531158402430
9,87190991776407
2,54444030738107
95,2358630782091
4,95119464977499
19,2471997235825
-24,3326870700074
10,1225044986068
7,36475177057999
-81,4509957178962
12,4648475386077
4,03238042260679
-95,7926745209869
14,2086107535806
6,41065193506839
5,84935465188858
10,8614087671286
24,2652609821602
-80,6204158144010
3,43032189644346
5,10265046595133
82,9665580953529
3,14787228646784
22,6320906671576
44,7134031304161
6,56972579308371
4,03321021659431
-8,39693185780599
12,2717050606480
11,7825069707756
-45,8225640588047
12,5871911239361
23,4332190161469
66,2725772066334
9,59352942543546
3,39372457746193
-88,5215369353837
2,56097633810182
19,6310064583492
11,0659632101878
3,00177487212677
16,6044937257022
18,9578924131849
13,7461555680444
18,2792211395434
-38,5994411860870
8,24483836174791
4,39434712301352
-26,8073952151476
7,50376850609193
9,21212217239914
98,7420665191502
0,0844136928195418
17,7054724558429
23,4351280234423
12,1216189130250
10,3300636261814
63,3410165943171
8,21895889523257
6,14145940435786
20,1719559791373
7,07046681020410
22,0557192167664
-89,1548458303805
15,5912521373015
17,3691681902164
-88,0998068350350
5,60520204224974
17,0018557788086
-13,1387680080609
3,16319998680395
0,774433687042359
37,4286487409929
7,65748731652260
16,1676339204611
34,6677896259610
14,2222925423361
1,40668371529519
-28,1574249412789
8,95722152133743
18,4476973489063
-1,73565961935653
3,98589260697022
24,6127847488632
-65,3915009406570
4,23943895113849
17,5657355584139
-77,6126126615278
9,01408478974960
18,6234767317643
14,8649646699902
12,6904978070065
14,4856574594540
-25,6947031362106
0,338849942858927
23,7233084834711
-28,5107524090709
11,7906477837540
2,37254205891738
-80,9195510177324
6,41821010240255
22,8768890372176
96,9955338373580
11,3610515197366
12,2484170532292
-15,3667660647551
10,2576156999900
8,32876032183263
53,1136116777009
10,3646871080545
21,4584881145899
49,0557106365865
15,3396145737967
0,656754659015615
73,2305881233032
8,25069816855610
5,36948381960720
61,8782140509114
0,205538213565182
12,1178358500095
4,32324532621919
13,2575029048009
22,4690557578033
-48,7659980026530
10,0245620538789
18,0822613298256
76,6102875783392
9,73419019611123
21,7404972871475
69,5812855355255
11,2959263844481
10,1743308549833
-95,8443305837267
8,56096258551800
2,37074289458479
-87,9924409876915
0,978243197329286
0,735924131996828
37,8563143789034
8,88994727091770
12,8517536307336
-47,8580101776553
1,07036962757346
12,5167569719612
-95,8143152243628
12,0318234946110
19,6849502116436
18,3465374616594
0,566213272068666
20,4097436980538
-92,0805258296317
15,3379505276244
18,2566792942944
-79,4630107495785
5,98101320411811
19,2753216427872
-27,7626074509473
15,9486053187963
8,31474647460792
-98,4133352165276
12,1396984665691
14,6934063964825
-7,06615373938542
1,33364198191836
20,1391349020520
-76,6488918282313
8,20383991389968
4,05807682341094
43,7066410070524
13,8709814195625
14,8935754746545
33,5129232579967
10,5493683434607
23,6801347128979
11,8405927866465
1,10166051248707
10,8965111650710
13,4458218881330
14,8022638647818
6,53020396910724
-6,67414576325103
0,629687066023880
23,3528937841933
-25,8436976556250
15,8515353073181
4,45947858098736
-92,9906054128757
11,1941368486820
24,8114546705352
72,9689923561813
13,7917350492888
18,0478973849867
92,1392014919873
2,69374630630735
13,2370508967616
81,9940456328709
11,0480804924751
7,01186278282639
51,0353552327049
13,5756905509120
3,13652178736927
-42,8379329453827
3,67227989492823
3,31480396835848
-34,0216404863637
1,99834216625334
18,6636576568080
-5,83435661634981
0,818915707389493
8,53876028064635
13,8443400004589
10,2322616500532
9,27874883963141
20,5469661717847
1,25138814213124
10,2307439076913
-52,3892276057839
12,3312649618011
20,8408473538079
15,2798097565609
8,91409288481482
15,4693359502627
-26,3235943431528
1,50502649754159
4,27181055485363
-45,6768288565950
11,6553708780936
2,25213071241464
97,1005115624829
6,72172999883294
6,11951981657465
29,5840494788775
10,7335583337072
2,24782457870360
-21,7949505373203
12,9068379999431
4,42684241153480
-76,8259676017424
14,2365316561852
4,58120102881566
-38,3251751972070
10,6914612509989
7,40281148528924
-91,7197881749962
13,2633041153599
15,7081853895623
-23,9518125583798
15,4881382566956
19,0930855070846
44,7401989280365
11,9931457038475
12,8190600732453
55,3913451617069
9,29836618695646
17,1181802779748
-79,9038768431625
15,2395931370756
7,70664659225390
83,9836102213772
3,43729922707376
7,30540742290692
37,4305884592022
3,29585622089728
9,59051317687366
-77,1043959194474
15,7659276143143
7,67702791407801
51,7680990219678
8,26315491637256
10,3100079586629
49,3809159811751
3,81106004960416
11,2674866882819
63,5437915120745
6,17956722868097
5,78140165365237
19,9734630674303
3,40525162987964
22,9570004734682
13,5740913319391
4,77429951834372
20,5214598719394
64,9397587331740
11,0088080477431
23,7904292506511
93,1643783841458
9,96196842848576
20,7367456335055
-90,4096677763279
1,65683798126688
5,89345572385599
-67,6271034787530
4,57678229250304
15,0678978733416
66,1206545636821
9,62171208339310
13,5147121650637
-97,9091974719696
13,8958129790998
19,4853717744942
31,5256624830159
13,0509625199009
21,9260913863998
70,6140400040324
5,99868165006698
9,19511016885038
-26,0975090068897
7,72755873388677
20,4193202014199
44,3474931431299
12,4451748296991
17,7551585038770
-22,5842340802203
3,50384935405754
17,4148046142661
86,1976115453056
2,48277092077892
5,91853801275656
-5,57709006561165
3,95044519077570
3,39046449164564
4,89820425877252
15,6344827429376
7,37937134149856
-92,9044403593314
8,65214511457551
3,16800946508260
-55,6556222512197
10,6343430563626
9,62412795320372
61,6328048683757
10,7692197759891
24,1149462202086
-77,8612455267861
9,81811749710361
5,66505863398733
-11,8678063996299
1,06618679530220
7,06172409441320
35,3017341565130
7,37460895457155
18,1428305390807
-7,92271781364828
5,61611313939940
3,63006416994892
-95,9157756846786
9,68354888529059
21,1354003475397
38,0923661660568
9,79453964604049
19,1275951173131
-54,5594891063511
4,86751820053893
20,2658080653378
-56,4607644509552
13,4253381469904
22,4897721332851
-83,9808267030369
2,76580081978143
22,1521720824786
8,10843471748060
0,0883165000648756
0,390435327797913
18,8266180787702
3,47184681172907
13,8957265911920
-85,1202223493474
8,55829173934769
19,4652534072861
-63,5589572407051
5,47950778218385
1,98193024661064
-17,4784947879809
2,65188904092548
6,05312779566329
-66,4451825805485
9,78932528107045
11,3856232691393
76,4800845028523
4,55796013164457
11,6298539779791
82,0929636006666
4,83714017243685
22,2288825636374
-13,8661216083716
8,01149241696509
6,73578515402032
-73,8491410761310
8,45904371775972
3,12138629172436
1,38676972828991
0,226583253200443
5,91003058331056
59,1639781812831
1,88951047159843
6,42443840342277
19,8612456591423
2,22636302458750
1,98844873027792
36,0787563760339
12,1933637755939
16,7526971301156
-6,63774723047013
3,31150249228772
13,1211884330751
42,4063462916633
8,05622074476770
17,0972932295379
-42,1604762719458
3,74007981497251
12,2869317473290
-94,2949817405334
10,5940978389489
7,06071079923475
-0,230842925473396
10,2689951739712
13,1030276208005
-60,9384433318965
13,5947218697438
23,1204501996650
92,7647202904735
13,9823854513605
18,8242055732915
52,6194222630442
15,1492761707826
12,4212654117410
22,5587480748158
12,9370214201892
22,3087684593048
-22,7403631710619
1,22732158188749
22,9160245815820
82,2795920905192
4,80017068639310
11,3762298438009
7,17016523644487
1,68370557519858
8,15772330386299
49,9190002375839
11,2464816379276
8,41974611248531
-18,4257576551905
7,24322754800970
6,41426765820492
-31,7733343403342
5,59368359351159
5,87404351436262
49,3796190277369
12,8856003691782
8,99908663372860
61,0094301697066
0,916391047169162
7,08511337651209
-21,2012819737518
3,01242972045366
24,6414238582886
55,0181758175762
4,47273623440275
12,3030432989972
1,55026544916896
12,0488370031845
17,2694387760501
-21,1485456626191
6,50704224952225
3,85988295462346
-23,4371160666494
5,09420890979653
11,0824841478872
76,6859073498643
7,01721738794175
4,01359279045204
46,0781960181258
5,60573335466318
10,0356087283310
53,2497640749081
7,37287670658499
14,9179666263921
-2,18632570709052
6,59526576216717
21,1194291088642
-18,4410402153095
15,1539492356604
22,7237665343578
74,8411274838758
15,1662428887723
3,60387325781155
-50,4745884356064
7,36697559641442
14,0073141576844
-96,6059891979379
5,92294311585854
9,70683300739051
-80,5108184774136
5,38765469601839
7,56441909178505
61,6809900398811
7,81498253862472
18,7321265996995
96,3163619362837
13,6244811486111
24,3852584526610
-0,908757417452955
1,09033956090339
8,91252123570401
-14,0997651681065
8,41977567947550
12,6458542614445
39,2200641262071
5,26087966444787
19,8865234856798
-56,2999096068099
5,47366744352911
17,1970522624361
-84,7480326567347
11,6962146591136
6,56116707188116
-7,86256109394385
13,3305593219279
15,6596807230696
-23,1637660959255
11,3241376401294
7,15625655947260
-51,8056267527421
2,53040148894604
3,27041686514916
52,0886092157979
15,6291266872695
18,9956906774253
93,0105411757062
8,95676113173487
16,0290668710277
-81,0149924024654
7,55443134835669
12,9025264709382
55,9614287091864
6,32470484820524
17,4242432868022
-62,2723683061524
1,34969753832754
11,0638212914007
-98,1026789708844
4,42197373854607
4,40070937686992
-17,9845238815927
5,87156065719105
23,8439428475801
-71,7347987812534
12,7547521485912
0,536540680467848
6,55186199079656
0,189200751705291
14,3199283896455
11,5519440687993
3,67504154149273
24,8840680060795
38,6879419501355
10,9931724817672
4,19437657445424
75,2737282184051
0,586892697575101
12,6316642491542
-96,0730756217639
12,5815992318885
10,2342756447399
37,3188199261910
10,5757046962851
23,4548387484839
97,2860631840944
12,0815759515861
12,2893238420470
97,1522923028850
8,28244628528398
17,5674332816286
-8,78375938609837
15,8453452259070
9,09204453425915
-30,3978965283121
2,84692562423016
8,74330421705693
96,5827801683059
6,99242494007974
23,4116373314693
-2,82598641641982
10,0893758793433
18,1121494073210
-36,9811474023840
10,7778394088180
20,7235451645135
-23,7230252932412
14,6799793901059
12,2099667389712
-96,3979064109737
14,5216359342571
14,1916074023332
0,726356414124485
1,02113929512240
18,2305028166715
-74,6016017416961
10,1956982309397
16,6769175789644
-38,9650867162597
7,69745329470055
6,22982726315468
-48,7882994972865
4,60014486573070
7,50265155480211
-99,5416369508365
11,5446437368126
12,0048220773834
54,5425551623830
8,07820063923763
23,9415604651142
32,3597742212479
10,8367312375965
16,1603520088721
-20,4067337923603
12,8381989524790
17,0148404636936
0,210235697578476
10,9332756049402
23,5609510463878
22,5102169890710
1,84789844333570
24,9500724607866
-73,3855132248102
15,3222189133404
10,4448732493301
-43,3292281993654
5,36884337903804
19,1440157337920
67,4800666032831
5,09266401198915
11,1790189707403
73,1862457836077
10,6935638837991
16,8511429572466
-89,0482406238708
2,34856575728282
2,36271691347315
-1,36309192321979
4,44806477985766
17,1374597389464
66,0296813657749
10,5506518356198
7,11450798022572
83,6970251320872
8,67563044729448
5,85981456125909
60,2465632324347
4,54551778808846
6,48107366490183
95,7561911547297
15,6191295734092
24,2352308147146
14,2956189085924
9,19326005312395
19,6445384886658
-87,2487053737854
11,6351540914896
17,6522825327215
-82,7132252437028
14,0689538739613
24,5580918652016
95,3597648570704
10,5933354399184
17,2798457746162
-10,2575846776037
8,34881669343252
5,10971290041795
78,8340206992507
4,07625527201964
12,8436742095515
82,2377813272553
10,7788753342559
11,7932193571439
92,2828809828831
13,7456186941067
11,7320959632116
55,6120939250835
7,56049207698023
23,7044907110843
89,6201966989676
14,6004044036625
14,8375720170473
35,8155644372652
0,999939251878836
4,00932727294647
42,8319205809827
7,80096152321258
24,1539090419095
-72,4807306554627
14,6410911227699
15,1196842899445
-83,4449737765998
7,83707089155306
19,3782523179496
-77,5548275315083
7,74882939558334
14,6097654260680
-26,1569153755105
4,38611432844757
17,3394087808852
93,0830845998082
1,45741576977713
20,7074034824315
-27,5220604631112
10,6550385677829
5,47610483237447
86,0787444011707
2,00889839209681
6,25116088493036
-80,8034595513499
1,74088774687620
14,8403186197652
-75,6138872660375
7,08633386462644
4,21462112757647
-2,27757302216660
8,84979387157166
16,5635398167069
84,5016696627709
15,4006068296891
18,2854684679892
-73,0326763921911
9,14416608474289
3,54870706921609
-71,1237818138079
1,21423475107190
10,5195674614956
-33,3370321391023
5,79955227642939
5,32906160363442
-9,00158319478279
0,311708910930721
7,04174513155854
-98,3216190756946
7,42250516144131
17,1314091371278
-18,3320821137289
15,2943892798177
19,0683353856369
-63,8238888078859
15,6410979451755
8,87455157841661
74,6704760595316
2,28759780316092
14,9425858225696
9,77584407545897
4,36456050780487
4,30112426662681
72,2634055025364
15,5340259418252
6,20730182203857
-89,3755775805839
12,3506460775875
1,31526579221800
2,20775427983955
9,69366485082596
4,16252621882454
-70,8408166522299
13,4781311091229
19,8552280923090
-12,2685806791402
10,8575079797654
1,56094107673986
-8,94789517745465
14,7761311543484
2,35910105328637
-36,3726742217142
15,5956395241842
10,8501257842644
85,1032036013600
0,929224447194521
0,294440028538018
44,3029845311581
0,422059632939023
4,29791700773883
27,3123971376977
11,3562819402723
24,5343321513745
89,1601996803835
10,2394821821791
13,5876345995114
46,0655736995069
7,48700058422775
22,8860691304574
4,38538456470938
8,91465805479784
24,3351443626180
29,4484701703727
1,50950797434337
3,06154787477176
47,2012982330706
13,1184751084348
0,137909926609872
74,2018246733847
5,99575214698523
0,355345528437995
73,4191901837103
14,5956899500610
24,3286174943613
-54,2271297560533
13,4302896384314
9,00566595543191
-39,7904221464629
9,48646137655611
11,1090563295720
-18,0189692912261
1,53493181048506
10,7865005072049
-61,5342451701191
3,81313707170015
5,13053372543501
-61,0899005960965
0,372762632874894
11,7643519003710
-70,0713865898967
2,46453136920429
17,2801036145781
71,0406347225520
14,0871377143474
11,1577813905401
86,1357770943160
1,90337270144351
10,4366703457672
55,9135841903271
13,7590142830420
5,75711539139740
-68,3410070812278
13,8478248930559
21,5098566090398
45,8331392245247
14,3273231134339
23,5005672968930
-61,2990490583167
0,187019643449366
7,90893932684761
-8,36312748198833
12,7375808885253
24,2647454264024
71,0813546736679
2,91433134444332
22,2053211090713
-73,6485445633893
0,516887612208587
20,5514743593945
22,7736438140683
2,61034194492921
16,1155327384022
27,6822817876315
8,77081155469881
20,8748779907005
50,4057273648619
12,2943431341788
1,18463221429648
-48,6654656467462
12,4721922034514
14,7840986075552
9,73137158303978
5,58512426688548
24,8102692175822
87,6077130481356
11,3320540365944
6,41092111695286
90,0134721826981
5,28997767607743
2,65455534459900
21,1030750777582
9,85696716972225
6,07047669512937
62,1136253366341
7,34231180190085
8,07112323127591
-36,9790274606054
3,50591220461947
13,9526776611604
-45,5731863046635
6,91292883000569
7,40815014871026
-14,2511726730852
10,2298750179951
17,7169740389638
49,4523792824799
13,2981362251417
10,8955463381047
-7,00346084506147
11,3396150027079
21,1545009448507
96,7480298318953
2,87635644549155
6,22701797796506
69,7312345928065
9,27846981630222
20,5262050111560
-35,6276058517410
12,4463305564894
20,6417752604390
-64,2806363822941
12,1447229846105
6,37730526516481
71,0449623771048
4,00996212811914
18,3410377344647
72,0761340653619
5,50027941688336
16,5959580153820
-78,9990057117235
11,6916985009272
19,6484328742790
52,1052473151546
4,59654365909665
18,8451213337165
-72,1775090364389
7,10229794970888
24,9332591285066
21,4133560822084
13,4373115321904
19,2599967585427
58,5422551225673
15,7384960866242
22,0307064273949
-57,6416664046733
9,83285135388347
8,76384316543263
-93,5898037337708
2,82480057601438
20,2459718629738
60,6876602964395
1,02553110017120
24,2580744647758
-92,1385961515805
10,9711473576260
5,92679349416077
48,1999390734540
3,67895487279397
10,5666547584205
-32,1364226922814
10,6321851335027
24,9116517016709
-16,7818275656015
13,5075950957497
15,2943343581473
-61,2408259345578
11,7607361620740
0,462370529929027
89,4113977282089
14,3920355526312
23,9551450914349
-72,8888128070128
3,90778111227556
1,37078949797085
-6,12515591164766
14,1379841329940
24,2137593653546
70,2677458467701
0,730084444570567
10,4011151340680
-50,6353226686594
7,88633304445773
21,2755475411274
-13,7208670919195
9,28693261349986
22,1871236052512
98,8413952532468
15,1831854128639
12,0440346107615
85,5301927316144
10,1064543267539
2,25610452821789
-91,3956010556437
7,56049733932659
12,2841292570696
9,54320755727130
1,94537005192257
15,6808747037244
-99,7011824866134
4,47537127122150
15,1298188175353
44,9522765242148
12,3074138000006
14,4859864383002
23,7538066958027
12,0127686284147
16,8157799341479
-25,5333908601311
0,289352003142509
9,76957568572959
-41,1681884510514
13,5752971291034
0,998848134322969
-88,9717807594489
14,4375457894890
2,21190167103661
40,1379095638383
10,8166242153955
24,7850962804369
78,5934290909479
0,649572117504162
6,57232023985734
45,2049763808329
7,92670495163319
1,09127805449040
17,1042646703962
10,9852911493232
18,4563542942550
90,4416201017687
0,589928897412440
8,84220442569364
-27,8504271607289
4,00917106413772
19,0725149211890
-81,7495325470323
5,06311903217452
19,6027459331437
-2,61662874146247
2,66895329492745
0,707225277807783
-66,8831694206646
7,35401682857596
20,0845575669340
-48,5350963042087
14,6854445308194
22,8385583813781
-99,6511725728144
0,784245494414256
23,8828836370807
52,6501550484323
4,51085581209797
23,4198481186112
52,7592226414689
13,0421518426205
22,1477188374870
-96,8647895666914
14,2898024046698
20,9023885590656
-75,2502590915967
12,6444121316794
22,7692141254080
-83,9116850631122
0,362231310631332
14,2010902076298
-84,3852913713956
1,26765404724582
22,0260306584224
18,2490103027451
14,7339152293034
5,26544611379610
-0,774410684972260
8,22623740383401
19,6445470390295
-1,41221101166960
0,679467948829190
10,4877898475673
29,6397831893966
12,6500378438926
15,7746128838806
68,1486305458334
11,6498127168159
24,8780257168314
-96,5700311336713
1,52639658680656
3,57023730716843
68,8118286262772
12,6317697416934
9,22177984185924
54,3792980815454
11,3145488237696
0,420940893750545
-42,1785124598155
6,23703091859674
12,8922452596299
40,1267314278418
14,4981702406009
15,4430666744072
82,6085145682918
2,03752324051455
3,67557477791094
88,9794167419817
7,36546813193784
2,68565594279499
-46,4053067443474
8,43652603734908
23,9385742355127
-69,1278848966487
9,82479825386396
22,5240672277908
-25,8807305913970
0,828508225787147
20,0398970518611
-55,4372306679213
0,344526742494526
2,21121493311856
-94,7476892043129
1,78368538810313
0,629477072480759
-63,7840488842659
8,88479700043792
20,8692034980811
-51,2302216450357
9,68112242557176
3,68375704038862
99,4236897623645
12,5446942411015
23,1371073727564
30,9868474888035
15,2760982096661
23,3366747897390
-76,4332363640479
3,10904380721603
2,67772804654056
64,9534353191940
7,46683145516415
21,9403066549041
46,2845155440406
14,5779374170956
10,1582379242407
42,8759401717964
6,65533693278201
3,47873181847395
11,4435913220516
4,76820298726625
19,9182219187803
-23,7863366667686
4,11775298715436
3,32271635221280
-30,5289751955245
13,3104667893311
12,2050504315504
-82,9242300087584
11,1125702829820
18,9681033529870
-57,5664022521089
0,0988554446940899
23,9170394130201
-82,2856814693388
10,1944340602321
23,5582901400510
51,9069035877266
13,0402020276189
8,05112250274812
-86,0756678193161
10,5811116375075
23,1003401457683
17,1554091091013
5,35895738068700
15,6692165048235
-43,4416360684048
15,3465448559076
16,1168199686262
4,33178208397655
8,56554464069140
15,2815667608847
94,8540257032657
9,06623679666125
1,19726051922960
36,8429320396779
1,85380405498860
16,9198044390057
-19,7037843319604
8,14265336476265
24,1487597607155
-79,0456446218275
13,0395715963820
23,1027166128185
-17,0227212918056
10,1163374601293
10,4063195607715
9,53987066775803
2,08147447722182
8,04921678419138
-53,7298389207769
8,53188420192110
3,10307646689106
-98,7940827795171
15,2173241960031
18,7089764665905
8,22717753676960
1,24790428605686
7,94150839899564
75,9794427421506
6,98770292505457
0,738249380616294
-24,3158805464301
12,5065788037942
18,2427243326659
65,2991592659343
2,61823858786899
17,0689857008466
-69,4527670725026
11,0854005626150
12,8618881483271
20,0568881266534
6,95488728849483
20,1993706404425
67,6719353443988
13,1184553953702
22,3838417132207
-35,5406775092113
8,87058341730694
24,8108414967800
-18,8086249919661
12,6103352042192
10,1131398501530
-17,0909706147130
4,28636893409546
5,95302538032244
15,6185851436082
8,46852093047428
3,42463359945818
-74,2737298171675
10,3874028268306
10,8249128636485
-79,1657757207726
2,89501007575394
21,0056341724652
-71,2808763347602
3,16953226620897
17,0900173849976
-12,0489340125310
2,49034677107446
7,59328471110225
-5,63081598224662
15,7737265824213
9,30393678895128
37,3388145587712
4,00903750868457
4,45141773536464
-28,1328868926703
5,96199553896216
8,96894606534471
-38,1051150593446
7,66911078981291
6,39394595728443
-91,7687195785309
4,87068930449040
9,60309848690587
89,5039044094952
11,3828100616819
4,90530590092668
-85,0767390783033
7,53403878697848
11,1904924407138
89,9407116726345
10,0272307569643
2,06485718704740
-53,5079802217732
3,33246740859440
6,53305445407971
-82,9059356386244
6,26573267365079
11,8149044989306
45,7008381508895
2,73717527640111
10,8190352746703
50,7998241745507
9,28853621364032
0,511200580290295
79,0343080837508
4,42822708977457
3,96197851540267
20,5861834179444
1,47271134250430
16,5404479758919
-3,66006438532829
4,17017998017411
14,6244586523414
-35,8503389691116
13,3951775385855
4,52991085889590
-7,35278825065115
12,0473740477992
8,73190919889843
-8,50667503662845
5,83245070621899
15,6791171788863
17,9243773384353
9,59429762259973
12,7985147756452
46,9074214337043
5,48371986465089
21,0421051809449
99,8636042489554
6,98367615265305
2,55691810325425
65,5797681313230
4,13153198874524
24,0344755938970
-44,0929302678652
6,91317136888489
3,85010768790136
66,3551264536309
0,569343629957293
18,3738814494602
5,64145435048009
1,25965633330515
24,8105519346099
-98,5111141113801
5,43130266288069
11,7439951898586
51,4011387881240
3,33501670267956
11,6034235432576
70,1204782536123
11,8912960974830
15,2600035739881
-54,9823538765467
7,97141693902029
23,9919946962125
-10,0395596262633
1,09622047143330
7,04892797175558
77,4924118254513
6,24254608104845
23,3294202298289
-81,4917264169723
4,14144380093366
6,37864179702206
-0,725049016069912
12,0828039461371
19,5545943505032
-54,2716379566263
14,0644601677520
7,70150635943713
-77,8526716119814
13,9001938835476
6,77993177028020
-9,95110659820724
3,39990313770433
3,66561876977718
-93,6261331284791
7,12762811454667
24,5827757705510
-53,2611994302769
0,358632481922223
1,56898132523296
-1,71783963410184
12,4247983371535
18,6735515707890
-31,1583563322430
6,41141388101406
7,57711851216058
18,1497032495812
9,97326599721951
17,1606854392335
-53,5526671301471
15,5768382655331
16,1150400548651
78,0161672809327
6,06433888981258
2,96356073373430
13,4968124643055
11,1494749453538
10,8906934503099
66,0688443205425
7,23694782286149
7,00579302923001
-66,4287463099118
7,09575530489185
3,24764683754546
-37,2028530999288
3,90013549936740
13,6025217801822
15,3141460235800
2,68375574404411
8,27681566819448
-75,6660097111323
10,3106951683093
1,60744568535450
33,6671052876151
0,202802907432011
2,18887531484032
-63,8895154041806
0,173874370376847
10,2369389718217
-64,4094387228392
6,61629125635459
18,2909876062799
62,0415100755620
5,17555412164674
21,1153741388351
-88,5045075871984
5,51383954306951
10,2060556992545
16,6512739407835
3,90685416030137
17,4605956804476
40,8361105655231
6,55765559587360
10,8124234769291
80,8198224575746
0,769627187193603
5,43173128505833
-42,1035347326275
15,1711026306770
17,9688563676272
71,9819396432462
0,593372307523415
10,2636040134041
-18,0121989145419
8,54367652504752
22,9502696780016
99,5977253879695
8,37959347199601
16,1213856119902
23,2735474636675
1,38673922518192
9,58117624282238
92,0286470895293
3,70784089228500
8,88762768818439
-92,2425706938909
6,13578122615729
4,18565452610718
-63,9423077016812
6,79550984382101
14,4124127836316
-77,7857516200954
12,3778825990709
17,2827743225846
-62,7473116029357
13,6474724076410
15,1897141409390
75,5012230304891
15,1319569122135
23,6608852923519
23,0340729423498
1,89173050716139
18,9349185076984
51,5495271198475
3,00350630343904
5,20691241975407
8,98387414659625
1,74596517714899
15,3249755253155
-60,6822505872065
7,27150504343708
17,6209817654580
52,1280852688752
3,23477284129468
21,3453941569832
-65,5490630870578
4,53312504467824
12,2868448581730
72,3118499567995
5,44252734189025
21,5594485978326
66,3044678010469
9,76601040995602
17,0794805560028
49,8104647050581
10,5067464853716
3,04932334569827
44,2425304054555
15,6747947004323
23,4597484270687
4,61094817263918
6,77934799757128
0,172735811814883
82,4425161613954
13,3658087942763
4,06299619176423
-43,8215424714478
3,03152199004319
15,7855612200291
-77,8525121308016
6,25973778526772
5,14916088875457
-29,1134573105489
8,99371433154396
17,0409705693212
-76,4380509392429
15,3094294693391
13,7588354328916
21,1861144979479
0,707491165706180
19,5734608899449
-28,0231173131948
1,03254320288117
6,77175763588072
15,0258055175561
14,5333717333578
6,23670274073032
23,8733972115798
11,1034896984487
23,3867948479736
44,1718852242832
13,6686391863895
3,74892654001366
11,4457044120974
12,3578811152297
5,58001253115490
-10,0973254446742
15,3287826299913
14,2375916424474
-30,8949208333701
6,12241986679829
16,7199666708716
-87,9498188543240
6,73714113994408
7,14462075555886
-11,1912711616379
4,17290463995792
13,1070771102894
-55,8238370076220
7,95979018504972
5,50828277325310
44,9518608555410
0,153151401668394
14,1402879450579
48,5758965405213
14,0602991217543
9,11976038358255
-47,8054951930487
5,27854810197781
12,2528974071328
-99,2141913312039
3,10416057450892
10,9838909117893
57,1394206895504
4,51353188841958
23,3587272820773
97,4022210152302
15,2011500289689
23,6242438909165
21,6999647303536
10,2621842454321
21,2228970111036
-28,1155286374132
4,46547665435820
2,53760276830197
92,8651309966594
4,91567228467851
20,6257919619304
74,6444975358984
7,08536801061664
7,18935641373596
-12,9729850334738
14,2656344631949
13,1826802186830
-69,3447442597991
5,20539378974981
2,57440782887596
30,2730562079848
5,99266718858177
11,2864961642062
-67,8984028109442
12,4076879953848
7,54782469984608
-36,0934267793625
10,5188579007779
15,4013228840223
-70,2321676651517
0,0961707436567725
8,96531554237246
-67,7648955747257
1,40114171057920
15,2815429095581
-49,5805920283724
3,99605286586770
21,3290418471064
-3,49653047264689
4,18581227011570
21,3469135359952
-14,3822721340151
1,79937715803450
13,6631000407837
78,9928551084290
7,91653969857168
15,9714744691511
-42,4863272220698
7,53965211215572
7,89871770835933
-39,9802018480907
8,57790255216941
1,94714761625569
12,9624745702592
14,9480418162135
0,292621647774491
53,4978651008196
0,993459265272994
15,9316437978698
81,2857129170320
1,34892979579784
12,0283613175584
-26,7860536301352
12,8316412615023
1,15978923253767
-38,8154922147394
8,14922648965660
13,7624399854029
20,7650355328351
6,23669266434275
8,57028269398981
-2,15693675007671
1,89947979851323
0,505244631161880
-51,1135455105564
10,4838798951287
16,1146547501097
74,4820000964959
4,17433953634638
13,7400453647154
6,26535969993196
8,32714923412947
10,3724911086115
46,3303739033114
0,544907472722612
20,1172255497307
-19,0328042972206
15,4024972506771
3,96439562812074
44,4012963555527
14,9174288857023
18,8044706485561
40,7623315231416
8,36405467387906
12,1844651235191
-40,5265568859823
10,0391279888721
10,5081823145407
-83,8840298126095
13,5292986855706
17,0309408560905
23,8305876867924
14,0070984994906
24,8583635439261
-6,32649472744455
0,866751738604782
24,5768815140020
90,5679469820478
1,14031143482923
24,9534537264327
-32,9528091824024
3,12648132245511
12,9976253752840
38,7180718773032
8,66622163893866
16,6164699613079
-7,03985967503942
8,74069015623148
20,2620358577310
-49,3178154681270
4,18993420570831
5,68153725440034
-4,57438671917891
3,35001229188164
16,7791575696382
22,3724793796128
11,7792035961239
12,9641290167301
-10,2470369304547
6,49755618143331
6,03349954063160
-82,7760695510544
8,24783737992891
10,9589943425138
94,5723639062246
11,3692658119256
15,5659095878357
-60,2670885941549
15,8635235355131
16,5820868241666
-82,0600709630755
2,49527453860255
16,3286873266895
8,60627346250160
7,59020634122820
22,9920782350044
-67,5222134548563
7,66849380161488
15,1788866737414
-99,0451805264793
6,78263208849041
1,42437182807556
9,18700585608028
7,79745115853736
10,3820148371694
26,1316802895371
15,9084734117192
11,8253542508402
-21,3778824458307
1,30178006189071
7,07312931612561
13,4966134741846
0,220914094252196
6,77971151549596
-83,3489052204587
15,7846185008942
14,5797765782191
0,183838937333625
15,2028884357396
13,3843650095870
-82,7850633569871
12,5485045998887
8,97835591649743
-49,6012379326769
1,18813191437143
13,7049902372738
-65,3943189649634
6,68143291498893
2,27307287196794
-93,4603811983225
5,74779223876811
7,16933035857651
75,2982410494963
15,7871578687152
12,2951880013585
-88,4501282477897
15,0247231733372
13,9977574849080
-6,48217942527714
0,246964127385761
10,5321212892122
21,4696503974710
7,57218184553812
12,7794059011036
-28,4555495061259
14,3705840163084
9,89806770279507
-10,7436805813701
2,29864293957156
3,71784804498756
59,2452838946375
3,93160428690981
22,1148976859842
62,7529971967882
2,10345271221789
8,86643273923281
-39,4028913235278
11,2492782409758
14,5581489228989
-50,6292038598054
5,28075145131885
14,7092455253399
-22,1329013420414
1,65561700013780
15,7425719875308
-67,1390124599004
3,54106616181216
15,1177538949763
50,2404633268196
13,6026905333759
17,7143415899928
-87,8876149386598
12,6098693195256
18,0358624347530
-81,7326188546881
2,97073434732223
10,3123240341445
87,9824303200595
6,31751950004064
4,63973485755813
16,7338509219735
4,15409448407957
0,597534748525094
71,5957109666809
9,58028903740248
10,1460947379090
-23,9404153067182
10,6851108367187
21,6481629383429
-27,9265423356931
1,22304051222516
21,8715666344804
-41,5843003755003
6,28290916859084
20,1546590948514
-82,8750447061552
3,70499292077452
13,6597348958254
29,1187445862928
15,1387181565414
17,2427921363048
86,6392104969379
5,75065436168665
16,9740947057353
8,87986456580125
4,65160370654739
20,3103617286148
33,9947888028526
1,53511046198624
3,26495933248737
85,0222802327763
10,3190863035569
4,24290097355414
14,9330850809325
7,93788605658915
17,5425438600918
82,5595220287450
4,26301566810375
8,78791276950672
85,5089061402957
11,7259080619767
15,7443255602911
-42,4569637700654
15,1887917782846
20,7446447960627
88,1388590692635
15,4514979849670
6,44229083970311
62,9134992551584
13,2552595782796
21,6705612077720
5,04012889730934
3,03809048591968
23,7771196401452
63,9167532835631
12,5515548630844
11,3879022997395
39,3245947742098
7,35559246375282
8,15487784363068
74,8995594610498
2,00593481741016
3,94431631592112
13,5419728516881
6,12984356652602
20,2524189573042
35,6851422000950
1,07880050267233
20,1571905752756
-94,2367008061172
14,5680907840935
17,1976737356405
51,8845830561365
15,6065119452810
5,59481060926129
-64,9159731316797
11,1692394725801
8,33802865293136
11,9758619343209
3,93536948294341
1,25548750930205
6,43493099751455
10,8070063981107
4,15353604246125
-39,1978853048884
1,43850092982235
9,80584043609122
40,0140123562038
15,4937416557013
22,3290801851555
90,4138612821629
10,6364746862137
16,5860358721176
8,95602232330857
1,81100276971962
8,22964204888354
-48,1826315314542
1,32425873220753
20,6155118745826
-95,7824657568753
0,573690190698240
6,05447038313173
51,4845149149823
9,15157426531354
22,6842485888391
-98,4264756409340
13,4338974553031
7,28698422061787
-46,9013009897896
12,2935595512101
15,5799435761617
10,0105866958886
15,9939139277448
20,1689409676161
-72,2927347996372
9,68169692379779
0,799661520426698
-10,7905113240798
5,87579278977279
21,9829288241097
-71,6311083373988
0,270562551573626
24,7135878258985
75,1269994176071
3,76712659002478
16,2324832416048
10,0231551292549
10,8683424277654
9,46672721692839
16,9100216296445
6,86413825270747
18,2815665491080
6,15980827911702
2,66050898929727
22,9993471092686
71,9192277034365
8,68388395975254
12,3842819841100
1,43586392695547
9,41778351017481
4,51981254563703
47,2540853932119
12,9857065432555
11,8353354986357
71,4973930877406
7,55536107522734
1,78537764906619
-77,1441147785640
14,6955181348138
22,9075629539976
-13,3484449501555
13,8157756472320
12,7949819945434
-43,0456690878067
8,34939309386138
6,36420957321323
73,7138954454579
8,46299845189653
10,1141792286522
-86,6089903184853
10,8733629218295
23,9791083070889
22,2808029972942
10,9069514019032
16,4275010828863
-31,1332725875506
3,02498762834218
19,2327864864303
-46,0650477626947
7,55603858904937
2,86364141210762
14,0261178439223
9,87128996974957
6,59981488469141
-73,5635806458134
14,8148200492801
20,2812831092202
-73,0054211385677
2,65838693315270
18,9671012019276
87,0062763490859
13,8258496527064
10,5796693126989
-32,8729011022553
4,38820089827197
17,2410913765086
-60,4761926889004
9,18356685044003
17,1905085869639
-85,6850861543640
1,99686953025736
4,56913012582578
82,3561467902400
8,28223112961291
0,305797349632158
91,3883236543826
1,29349106818214
0,708514885081375
-28,1359285118425
5,92430886177180
2,53706033037514
-80,7818858752470
10,7855136315627
21,0764649970246
78,7072523885882
0,421507720945936