15,9694406197130
7,64355828337380
10,2168253126589
5,59186240627531
77,8946775379307
15,8874546884377
4,23350028880541
-64,5530818515537
8,67758958173151
9,77346953006655
-18,6486195225540
7,40269147966165
11,4752854790752
55,8869739183014
0,329754125232364
21,1360748692932
-90,7396789546120
0,916872624829409
13,3320819831147
95,0694542985927
11,5223817381616
1,78197748637643
80,7762534574576
8,21113844211910
8,84045244088781
28,2927201850743
8,79286639974423
23,1990482564691
15,9557034806425
0,115768482798797
10,3561993068553
53,4895374664087
9,73184026833035
9,22384570819756
-68,2437891103298
14,8304028292174
21,2724019562945
-45,7436576819778
10,4386380781838
19,9400590603568
-86,6153426613667
10,9341920515311
8,75588970575836
-82,9696694554622
7,87248475337294
19,4099754165039
48,4751966853978
0,407019215221833
1,21175420537885
-77,7418722270520
1,09750997257639
14,7567672525995
2,63043727740526
12,1548487393821
3,95594185985935
-58,0321808817993
0,669386176435147
23,4405560007308
-30,8302356639467
10,1303320603011
5,21268741126619
-34,0642903261093
14,5792962506170
10,2006811099635
-67,8116959256657
11,4832182408083
14,0169716160444
-60,7640038275303
12,9607864108942
10,3163754654937
-24,7809677375523
15,4927986090507
6,72532961034245
-80,3799302558893
6,83498486574075
19,1365505827215
17,5065816753681
12,7004325947973
5,16142875443050
-59,1943196736568
12,8704014988501
15,3658571664485
87,3719637007021
0,127511974493027
23,5228931134942
69,2260710011691
7,72176742274626
10,2628627261766
-64,7813387847635
0,274730367320789
0,667198812364156
33,9376671775008
11,7987419170588
12,6035380097671
89,4265983336319
4,68077495341451
0,569192467904687
-83,3101743670900
0,690868173606951
6,48143543058836
17,0590174642138
9,87285264095291
4,18355662659122
-69,4692338764272
9,61371459581939
20,7491407026646
99,7072025080309
15,3248270630267
10,6478251597457
96,4017020688229
5,49334530919387
4,95219608029633
71,8174396035154
10,6157296321652
20,2140984413480
-10,3612437638482
0,337718441934905
15,7294647438113
-4,92389931355675
4,82223184210930
5,86971430803630
-12,8776579215714
5,15034007565706
0,422729026415421
82,9179150347518
13,1079327795782
8,48973082886543
-91,5529022840243
8,74131135008299
9,23789816448140
-77,5812185722092
6,35713468401470
20,1740433625471
-59,6096470514648
4,13985142609026
13,2342747095243
79,3808477115615
9,48813283378279
4,60187520375620
-80,2255491524700
0,111963826174661
16,0689174790674
-65,9322840067120
13,7754694818441
4,20885662518411
-31,5708898463547
9,01945372650351
5,25435718781596
-8,07395961066664
7,61510220514820
10,0071742022940
39,0257817430391
5,02901363323597
0,0296455624163219
-22,4011843409486
0,777347912342322
14,6870136545913
73,6509451796933
12,3779699839362
4,04531705325447
-29,8014280835933
0,573251705706255
12,8308086116110
46,4299663381770
7,82126634015762
13,3288885685710
-98,0480438190606
7,66034477363596
19,3003764104506
-7,18665301744870
8,11965746644977
9,83588670095424
86,3816700407331
8,32284441612924
2,72329454568545
49,9585878591780
4,80989558372573
17,4835154073737
57,3255326075303
7,34304901456775
11,9208371701232
16,4271377880093
7,12497709045489
23,5314323037935
98,5992545936373
10,7925797500627
3,81860195109723
72,1212029963767
4,97205190569076
0,467755386829937
-92,8405066688191
3,02813347202763
20,0405144729685
-41,9692288503670
2,75151952714503
2,60772049608956
-90,9644163252435
0,0948896899046332
12,4327715245872
26,2040798832139
15,4371949726655
0,910736048317698
31,7343983166920
1,97911622187219
12,4265671519940
8,29868240673024
5,02495233220028
21,3581640317055
-95,5656042601509
3,76656071517781
2,12664802093741
-48,1260700064200
5,56466252351551
8,93825798709166
-57,2760212321457
3,65358155549834
10,6146659616144
-38,5595895931227
13,0911291191450
0,182079644118108
0,296974977588027
6,15425225213480
15,8933060834909
40,7726870907359
12,5351055297560
8,36985788479214
62,7165069349887
5,96345636110030
7,05282742958237
55,8312956827733
6,69751638803935
7,49840506185956
-65,0778247288218
11,3401417161482
5,44394177213285
34,4824958847089
15,8386395663356
10,6670983000887
80,2871459523751
10,9158182064458
2,55406552929917
-2,24062638385965
13,7266606942433
13,2986673579450
99,9458794482529
7,65528662677471
13,7316673344350
27,7405975418391
0,757453095908605
12,9053927704077
61,0129577640319
9,05806466700786
13,4285141169995
-74,7173055124514
3,72835228257043
14,4026675615633
87,8307275883730
12,4988038064474
13,8667677313278
-23,2537841418314
2,29967268682529
24,0890806629004
30,5177734332537
8,88170337192875
19,0604704198381
-58,0164157572398
6,44362082030851
16,3175966575894
-75,7692750322060
8,03247721314721
9,05544348996110
-50,0530308664643
14,0341874122833
6,51754808177200
-73,0909409702465
13,7872343248474
23,9988499997040
-69,7077278255276
8,35047095198201
18,5098636166601
-3,38825956287139
11,8212721120995
3,95825257065690
-6,69327205671333
9,95330515524902
5,91397068751316
47,3010235145388
9,55894891066819
13,0469111308380
17,4476021821403
10,1413689482582
3,98847046034415
-33,7372271884649
5,85053224260679
21,3793103826848
-14,4628431991959
9,63394762049862
17,9722714628768
-91,6517151961080
6,08955704952163
14,9825726783251
-43,0719526434434
2,86913156209598
9,42904641360088
-39,6199072311240
5,15921304996064
13,1909502707692
-86,3369506271080
3,81210569812301
7,19049249950681
-5,29762372708167
15,9930895598043
21,7392597690723
-40,3005890363707
12,0394302553306
12,8212579535343
-5,57872682579861
11,6323347961646
3,03965362696392
-65,8461439012482
2,94766593669618
3,41475290700673
55,9534609349486
13,9908880447644
19,3378314443887
99,5941750773535
11,6047201905490
24,0610825275888
25,2873260982337
6,38803313429802
16,5151241219876
-76,0754767143614
5,22601043323513
10,4448560791770
-34,3340342460179
5,67478053648142
5,98295230063643
66,5725458161671
2,75101264296842
21,2154498327246
92,3887744310576
11,9698331223027
7,13005798406056
-71,6889518299547
12,3481249992598
16,7602335160049
-36,7767009818832
7,66251804220247
21,0875690771379
-76,9130026795686
13,2801614965383
14,6027451592915
3,85506163762221
9,06131215482106
1,67565733119564
-20,8853570661526
14,8492501226984
12,6409521214349
31,3851482654991
6,25610028019553
12,7896832580030
30,6914573687358
5,83270210250680
3,69910370787887
21,9219174542144
1,67661501472583
18,6632099452290
-37,2829650618782
1,91347191389690
23,1335668918536
-20,9120869380815
4,11797383654582
3,81013574637971
-45,2450114894200
5,07626184557388
8,92636705316661
-79,4777037491948
6,99546177024837
7,14454885502289
-85,3494308202828
3,83332170615894
13,8643619127962
34,3141658824724
13,6940303567386
10,1825936411597
36,5971975535117
4,82061916947179
22,9609663491304
80,8794998247788
3,37254968865828
10,2813173275427
-55,2110460892761
14,1107778333577
8,32313790692063
-28,8703266995023
7,03720043519755
17,8038529402024
-66,0434688957343
9,30766512181766
8,27730990339409
75,8131151853266
14,9681356622967
13,5392869430608
-36,8990083672137
2,68161690480788
5,66998515090276
-13,1093761851455
14,7712174240733
17,2337304503848
19,0532240756993
2,73367130826872
2,56517613322407
-71,7104479184093
14,9977749811451
9,05594420363409
71,6607909802127
3,84041129870469
0,836629127700203
38,9238504433923
7,92169231949512
23,5496388242572
-20,0215497739370
13,6007322395272
11,0086343175805
62,6039790508850
5,05007728007740
4,53665731182133
62,2340626222133
0,866339605874352
21,6763368607605
7,40619855718683
9,84773172086086
14,5411502395459
-84,0179022115927
9,18616618854909
1,31183361615483
84,6909098528396
2,90262578623492
22,1775125264175
44,1074934370502
2,76639315749589
1,49640341054412
-65,1738446619273
14,0298848693201
22,7160556702665
-97,1818303839322
10,4050088768164
13,2476155897575
-77,4986468976969
8,30638738412106
10,4574899006695
40,6496054888445
11,0252064870260
9,90068458108655
82,5440994054965
10,4913890226190
22,9988757785577
-65,4305646247078
11,4860087830852
19,8874769527399
-11,9705274141144
12,5346510135598
19,9370419819570
-41,4678449286616
10,6177746605434
6,35697582499932
-75,4984646676531
1,43937562759527
17,8494851720342
-71,4439440911090
6,03931635920491
9,44456651320758
-1,55780645544743
10,7771424730433
15,6161132569682
-98,4051897323352
3,70484713028590
8,37466721054957
-4,53315663180200
2,25479537114101
12,9180254332673
-11,6485474457485
13,6534118319048
21,3388900551060
66,5570652407040
11,6690141741424
13,4627937634609
9,98638749609730
5,25931948136405
22,9124184401291
26,8960675494376
1,28387944084918
21,8475075676423
67,5627511982877
11,9198573822887
11,4208272680391
-50,9334419506502
11,3932617316646
10,6275848164317
-44,8328214626904
7,02319438107906
10,9675018187074
63,5126717018893
3,34814725233204
6,46509561017921
-66,1425562563644
14,1596616863536
0,327313589519179
93,9761719758867
15,0516049489808
23,2116181302399
-47,4107541900411
3,95937707600264
18,5450916959871
-79,1473982029811
9,64087096137510
12,5800281277315
-8,52692222631060
10,1751805429482
0,639204999978880
-43,4225552881008
0,807267657008776
18,9558032188850
-16,7727043194971
9,38397299562934
7,70296152969632
-96,9824957330953
9,45330097346349
1,57155827310973
-0,916776713805212
6,12498706486684
3,99149364120827
82,9744386415513
14,4018292279661
22,9745011098459
-99,5065507760429
10,9114853615064
9,74180389843355
69,5921521697325
13,4711712469198
4,77531148318351
52,5840563076955
13,9312503200441
18,6458823372853
23,2655501739894
8,18902862490774
11,3241684539015
-98,7102887872249
1,46466488482721
22,9041164907268
-93,8491924689133
12,2127765106691
5,03226074242818
-49,8060718183662
9,10017932846670
21,5309672312483
71,6418706487938
8,28173698005672
19,3888576694394
-13,6405415319365
15,2628866226567
1,79539391327936
54,3078326164732
11,7992128569596
5,71056936526635
-26,6868423942914
6,63697552472840
0,691390273208182
41,6683114859829
14,7345620247532
24,6353532171483
-53,3189763526342
9,91179663659925
17,1770587681136
-43,7772859933219
8,87477989212781
3,86205413467828
51,7333211781473
1,11659074211150
17,3267620350046
-79,7592289974727
13,2233915626337
16,9546401037032
-20,7070854716893
1,06205689601850
24,3135421474322
-44,8053925905124
6,87291352611119
20,0830717106280
33,6285605531241
13,4135524106328
1,83004186636577
-1,22441983214807
5,45511801757032
24,4771419012353
-69,7848634612814
3,04644714298866
14,4225199247645
-54,8342160973646
13,6481157736678
11,8568571730834
-16,2177941864309
1,02840261239317
5,17052207287281
57,2929419207174
5,67815641279432
21,0659367219919
-1,99891885018584
8,66320999204132
15,1280630903072
75,2784004650260
3,34455862447916
8,29119647754979
-49,9947963648951
15,9080153910155
17,5617696209680
-56,0541964120139
4,58116717123303
15,6833236065217
6,12812582082460
13,9997068148633
6,04294925007015
-85,5844984737771
5,91227695901232
14,9518741279571
-16,6678162232375
6,24087087626064
22,5158798275443
62,8693653513987
3,54938811043457
18,2857890284937
86,5066475873302
4,21977788236104
15,8481289327710
90,6829399033942
13,7401346331154
5,11471320801743
6,11903789927599
0,298873234351879
2,40474421788818
-99,1115826239644
11,4884316916742
14,3703368870729
-30,5007079769710
2,81311078991159
7,86364903242232
-65,1478160114527
5,89540862519034
22,1246959249266
0,524201101936961
13,4325719288689
12,0342726077897
31,6945910817763
13,4206908381713
8,45671618620403
-98,6899064895654
15,8969221809064
9,84607039046845
26,2339027532189
10,4925715173220
16,3439355462401
-43,0362490629334
4,76415229947216
6,53609103423624
-91,0731383931123
0,617137008959857
24,0661553180951
-49,1132498466777
8,97954821883019
19,7666583491985
3,36795997183024
10,8978026715856
2,49917012935290
-6,77311347120924
13,5148854302513
13,9200883464624
62,9289224622632
15,4503156844236
10,3897529241031
-19,9323433072931
15,0030157490362
6,64786397782952
-41,1738136257885
9,79254420880561
11,5216042556448
35,1710398243363
14,6828070189308
5,03499140777167
-85,8302995979855
11,9257544998694
17,4366320228038
69,4920843815868
7,17852363329412
0,587868344808456
-34,9301406647342
1,61569344419909
4,35429537369354
-96,8754028979487
6,11261028385711
15,9088602636623
-23,9298525321793
2,59890854109113
16,3154917377409
43,2793622514165
5,63675399505932
18,4307422747155
19,5404115332284
10,4982735623656
16,7839376949619
-69,0591445059948
6,48926058445052
1,07064239816389
70,3750034639925
12,4604513508061
24,8489982777489
54,5397670089502
1,72482907747983
7,47434702810697
13,1419094427859
15,2256052724221
20,1667893930819
70,0588524538235
3,32894657854535
4,55787421584275
63,8566984705882
15,6047801782234
11,8010754362194
55,6095173468781
8,07009636865800
12,7955381971625
-54,9325154411237
8,11405183886150
23,2108233884212
29,0831576058505
13,6530611159741
13,8386672603267
-87,7732899204062
0,675360249037171
12,9971368754059
80,0895050660115
4,35100245307412
9,68147233315816
-41,7582123420162
10,6756782371635
4,80339762862551
4,30094480044521
15,3040562789210
10,8930471034850
19,2264847454814
15,6399905912290
6,20749416017958
-66,2514181452448
9,93221233487940
11,2330216062831
64,8349402583416
12,2622821542241
23,1449388888099
-24,6881336103768
4,89352680522351
8,82472025303040
-27,3810747442210
6,44017698271695
24,8640626556987
-3,77559398581508
8,55249153675939
19,4715003830905
-91,4399999284550
14,9348620107594
22,0158904776031
-10,3837397695249
3,25833439326093
14,9796410272347
-49,7677425983356
9,89721818020300
2,52549298887135
-46,4509749452450
11,4156497835469
23,1637842393252
-12,1466957606989
0,755624329458279
7,13362879797833
45,3354213848094
9,44640703830048
7,59365441638614
-18,5502947831447
9,73622371937594
10,9698731085878
-55,8478838159671
2,91296616966202
22,3040452139328
-26,3379396625984
7,78700170396175
14,4621975773098
95,4408067866449
4,04244064273991
7,60336514176211
69,0629624591223
1,17263355142230
0,664830367829705
-36,6413761706957
9,46413891330474
21,5233174066881
80,8039951696777
13,2578746222609
23,3304321064532
95,8112734336063
4,72704493061845
14,4509019707485
11,7614454385301
3,72176754412304
8,59880006749388
-95,7264109611250
0,835751542439223
6,03715457772379
27,0540434789451
1,66202012608306
4,08783099269396
64,9111523706945
12,0477239145448
16,2785127567754
91,0567700354853
11,6013379812326
5,34872658071962
-95,6239282194653
6,89334353385685
9,43034988173551
29,2620988370556
1,92851050664541
17,7579016521423
-7,76074036259045
6,40394204283936
14,2857613930348
23,3962915300574
7,88788252775954
15,2774182316731
-83,1201988049739
7,89135392805500
9,26756165640975
-54,7036945717861
5,16825962647607
2,25570937612552
-35,7194822458110
2,70152894918231
23,4000290138819
53,5141115460986
15,2165604812681
20,9413076293294
-32,1061746244001
8,52532023118379
23,0723120052686
-4,49673941956097
11,8299210295122
8,61562328805667
75,0928437140309
8,15677664379466
8,64874309017372
26,6698833687282
13,9798152038532
7,51462560367285
-86,9824350504123
9,48078382610000
17,3580798164197
16,3811295320358
9,34247380761453
18,9556322053722
-9,19067993652001
15,8354939879089
2,81308893225207
98,1699126649285
3,23771285283461
19,6893815011009
-72,4884826869793
7,74790107508591
6,78638001946089
37,4659099215546
0,787782800822656
12,9609490275838
65,6097424529303
6,25094831412329
7,15091140436837
-24,3406402386219
5,20864522462795
3,40063164054287
22,3207037376301
10,3835859662620
15,5619479534351
-97,7317335196914
6,09363335165596
11,7135852839962
-40,7333556623762
10,9973772449277
13,3123341566889
51,2375110568557
5,09784909524662
11,1112663714383
34,4383122864719
1,74048522747319
20,2008205681880
98,2205928622407
14,0886798939151
16,5028211950980
-0,923675731572460
14,9995845011827
24,9070886407441
98,3662447304709
13,3787534954759
10,6378182409755
-63,0456092145822
14,9382609089516
7,79623595041129
62,6786677138161
15,7195777578918
4,55693198319171
-56,0325497953047
4,89454190021631
17,3189981561207
48,5141892129585
13,5754661950830
7,46041395635961
-98,7039116363757
9,82361721017856
11,1055172040426
-50,0129937189896
7,97306463335453
9,93589827977920
-14,5765392138219
14,0774100549558
22,2403553013013
62,5106204062317
12,8751588588190
9,07008631928320
67,6260856129162
12,8910175149694
4,62827773880912
-72,4953007332814
1,23709456789337
23,0269068002146
-38,3145694080008
10,1071060488976
0,175177391157868
94,8852447299416
1,48392540584759
12,6256120265853
38,1870456304496
2,77316690034143
21,4883050175503
58,3964132575243
4,61093511797798
6,59453496852901
15,5498300244017
9,02335930859914
12,2071940108564
58,3699251084681
3,91718165142828
13,7497397852955
25,9578174526653
13,0729497626215
3,28627359982695
83,7202108734924
1,11841313640705
6,55013867869731
34,4624364855994
14,4760279701670
8,44698273815024
74,4136164252957
11,7110299495121
15,3481575639651
84,5498056967904
3,19948698578682
20,4129190694251
-62,2882872786656
10,6918007426459
10,8282062231526
79,7453561971241
8,57605595378244
0,453424328453252
35,0006228140057
2,35148595144090
4,64037031527330
37,3970933993118
6,84948005101537
16,9337014820089
30,8890606983262
14,9150515639847
17,2801442298172
13,0686386297389
3,01938194567861
3,72547927719548
74,6391174150855
3,32347725446373
13,5784699412703
35,0400631005513
9,33080817176322
2,22484587525499
22,0285742918585
4,44982675270084
12,3900590487276
67,9533694704360
12,4697941511823
9,52369112955971
88,2058047689967
3,74117292748716
17,4752579727991
-68,1218926031017
2,16748235223514
18,4070950246981
-92,2415294853215
12,3312634353531
8,95979680105618
-0,555179950075169
0,0297183848065696
24,4213357703726
25,3996064301279
14,2683417461863
5,00583900488397
98,8451138747318
1,46093285781192
5,59577589657405
-36,5288422795126
0,157318326333110
19,9386289879234
-5,31012860719426
12,6895876184157
9,08931477047035
66,3728012780033
7,44232967986285
4,15816632087404
-18,2264252559810
8,00039813647516
12,0104911004331
-3,93227739912461
0,461867480517622
11,8614978852605
-18,0589940951770
12,5878603897033
3,92213911937826
77,1745740865227
7,17251647939608
7,96867183875090
79,1879331979542
11,4816998945101
1,18775527900759
-57,2710332376943
1,48270635913617
6,56750476811053
4,35521391786804
15,4103506564200
16,4199776292148
40,4208624466604
3,88420500081107
10,4102056646319
64,9246457769259
8,79262042697998
6,71281752664477
-69,5090189965979
2,06886627947845
12,7373027393613
1,02210212731306
0,115543237247632
6,79788578452679
5,00323362153587
15,0741085969456
19,5879722678597
-12,4747369521105
8,31725104652504
3,78556647984392
21,7462702803759
2,77125591363368
10,9426677110634
7,26874668832727
7,37537169518184
15,4364053639695
-90,2724178471375
6,05689437039963
18,9641935286541
15,4089231879969
9,13936374829459
11,3562847713923
-85,8370350665381
1,66975405193728
12,3232802924641
10,5044211192425
5,41822323144767
10,9638967437293
9,50270529949651
3,14196291364522
12,0211466340702
76,4049672767238
3,80363950369812
10,6362777926488
-91,0929092271862
4,26589676706106
6,85817092692687
4,82966161651257
7,56891128797145
9,08054348956874
-78,8598955169726
15,6610917166950
14,3912774677139
91,9164554908479
0,0837869234979500
17,1488440179018
69,8371330539325
12,0083318234054
21,5503518657691
34,8801449601489
14,4968325805574
8,38462966531473
-32,3571817123598
1,16688574342994
2,12878316841562
-86,6489003215551
10,5662525350032
19,5585629283036
-2,52738859908450
6,58224264160883
13,4507824435662
-54,7798583926607
0,0988747987800931
14,2535017095041
88,3519232142855
9,69940406266503
15,8367058025400
32,6405098267112
3,47835047270052
6,04269244169667
-22,9075534523974
2,98157361363591
14,4248125271538
-54,9047080890141
0,507684756036412
19,0179880008537
-17,8586753468369
9,72385919154838
13,2153736218713
80,3397577200078
11,1002190716300
1,06559977722492
-4,48129121597429
4,77133618984078
6,58210510200428
-54,8958205298536
6,47108284289339
8,21659540425827
-48,7974114127742
0,181356315237267
15,1435183474289
33,3225606900210
8,22669132389886
2,81004653520185
68,4424614601322
10,3204601869496
8,54729828591849
57,1504472499697
13,2452694295026
16,0418790597336
7,71876255682267
6,72081263377120
3,90058936611691
81,1147781216126
8,77848946315845
5,83468626427099
-42,4272619037544
4,37462143938219
21,8084492688662
22,3723579763905
10,4726338744807
9,36748676324692
-19,7464647291845
1,24600175037097
5,79753261033120
9,03079605105594
11,0406715311038
20,6458514313325
-5,86574787829719
5,24779859408565
21,5532478059193
-89,9017882433364
7,70021251803391
1,32484463139984
-6,38089017127739
10,5565417928647
12,3594474079480
-48,2510888410190
8,11308179290357
17,7484892313539
93,6654599798604
4,23293986215493
14,2195203793346
49,5678218054794
8,46716485100620
21,2073639450928
-86,7066889027941
10,1141187178915
2,97494762288497
-13,9448148135770
11,4871248127718
20,0009838715961
42,0038519673306
2,99240042585267
9,39961049903697
13,9728738495331
1,41869548166231
24,7315610387966
-67,1973956045094
12,8803839097093
21,8938133568338
54,9406599137464
4,59210338265628
21,5165158548566
-88,4570738037617
9,38398259264561
24,5595056149883
-98,9450428873193
1,10202453448023
2,26605857005636
77,9699657139585
8,63836340444127
10,6947574490299
-84,1389417490251
14,3682370986386
13,0107660405447
-29,6508682035901
6,58182630093041
14,6481855769059
56,4667352227001
6,37122369005989
7,02372940877462
-84,5947284967320
12,2057890324594
6,69445465944806
-3,51890702773969
12,9791801900679
19,1243900428289
-26,5534792004080
8,54837604046331
20,6103901262947
52,8445335428286
12,5848529106756
21,1087571764244
67,9153258026251
15,9858685482600
2,83498074123981
7,19464844963047
15,6273831689554
17,9552579321040
-90,5572706861220
7,73448605071716
19,7549328516875
-49,2013784929755
1,92575092538241
11,2606833862154
-73,3392371559412
6,66886492748056
2,78490998228201
27,4327038621577
10,1679762858465
19,7667129932188
12,9989586324321
8,68741685084851
23,9686273150058
-21,4978267878094
7,88086428117170
19,4054543354861
-44,9195312081486
7,23721587817899
2,51034663071032
-2,29075840155593
9,74062775657776
1,68684608102167
15,7518278807317
6,18234038735964
6,31775848285601
-19,5456915576174
0,291888453097522
0,0485858157137287
-23,6860860159791
7,33881136306912
15,1092312633556
-80,4836800833006
2,89158083759677
16,2196273625735
9,40502262531717
11,3518937310121
13,8166098448748
-37,0622213971118
4,79580061062704
5,97604846450882
-75,6974665433404
0,350726446665838
4,84416375103252
94,0752023609601
1,99347306821067
20,0645339197392
65,6234308208272
8,07326542079793
4,27007761442453
61,3779342296937
15,1428269980178
21,7409545163901
-90,8157086540964
12,1517524769142
14,1924707789914
-5,19222931843204
9,67842678514683
5,36939349290117
31,8583780000477
11,1468365861260
20,9475029496655
32,5394208268613
15,3169459678571
23,0904624897972
65,4130659593580
15,0935195565015
7,19847580222162
19,9685541723508
4,54683603656414
12,4159822361315
10,2847627467388
3,46009623805015
10,7193494980400
-24,3196381589456
7,36463299056663
13,1492634511081
-85,0633535014416
3,52534675632442
24,4510767159463
-87,6015630763545
11,4916691844091
22,4136808617623
49,1705978562232
5,99508084468953
23,9957639955584
55,3976068779546
5,96595042560864
5,67306986849972
-58,0901349646121
2,47094892391941
3,09487297469092
-92,2411034451799
2,59426829991230
16,7391028403643
27,0696388143169
6,20770878383930
20,7970857599153
16,5955995611655
3,59948428570189
5,21204164460495
89,9564207356403
13,3848382031205
16,8233360677001
64,4744866385267
13,5047114832432
21,0184027331422
26,5752756312300
13,2269489555328
24,0054634045334
96,7452410588331
12,1851480611615
19,4034614811890
-10,0984987377539
12,8734912380992
3,08642608885240
89,7243562274913
14,0678866708567
14,5135018790163
-4,39954421499502
2,05878696937955
8,37543989603943
-7,69259669387348
14,3392667704440
21,6380146424105
-89,9416122035009
6,28694192169734
21,0248251220120
-84,2304599063387
3,61022370020574
7,75011043888274
51,5188571131304
7,88612729201813
20,4992504542270
29,4752482881835
8,28386568750110
13,9897930377021
17,2787211358211
3,98447300473652
17,2534254384242
91,3929375327787
10,6995912978754
15,4346995630070
-61,8616340394030
0,872146323811123
22,6477939848865
-97,6682582096661
6,97942563096883
5,17548544976980
46,7879203539145
13,3953495701314
1,71454008785120
29,1917047238923
5,82101528373815
22,8908153667343
-66,2185687241609
11,8828223992608
2,75315792734469
-85,0379472207101
0,708526143150980
19,3512455725157
-7,06715261161779
0,806117546836497
11,6907741839977
-97,2086038949949
6,80882855263450
6,55876326618414
58,6500842351140
13,3237901769311
16,3163084223798
27,8927085251014
6,97072816585823
10,5733677347305
-53,4511554931276
14,8083989824947
7,89068584815419
-32,0130019517628
2,32584799335728
2,74858302493312
-46,0511735817907
7,74574313687680
3,42416401205411
-48,3006326125120
1,00151807165065
3,60544651372079
-7,73089069781829
9,62224953935137
17,3313305255423
-59,2990393514894
15,7597125067540
15,7414272960660
99,4081362320720
1,33990956471191
24,0377936851375
-31,4557281673560
12,5756400498432
15,0821444587846
74,9815815405375
15,9873410385988
19,2227445761382
90,2817561439872
10,0636094713523
9,82948935249745
-74,0051561627710
6,86969568881162
18,5519954331979
-15,1032904562167
14,8458290634965
24,1090018203569
-56,5396978894355
5,79864018922445
9,26794274689598
-36,4372316566109
13,9135535155458
0,0907877972674491
-98,7481088614345
4,04737290340645
2,24784378012027
18,4278581076551
4,58969326181962
2,83714721027820
1,29837282530310
6,66020993053624
0,215983395455380
20,9099601835807
12,7316945185842
5,02223220476289
75,7357574559631
8,25553903351805
23,1047860828880
27,8246048341636
6,39873824501682
5,15117824268575
83,4683770952320
8,88460854946298
12,4548716671694
-41,2222037797908
0,530396054660470
11,9628773852024
33,5137113196546
7,19583942723287
24,8861589545431
23,0604971014020
11,5228876180084
23,0822077019831
-21,1657161445950
14,3104786592005
9,94800438375947
-67,2717743913902
7,73871101604103
10,7654896783463
7,21826077179251
5,79512038200421
2,87606802850164
84,9391994616457
11,7166308604845
23,0721907373785
52,3820952523690
9,90331597711565
15,4165871465609
56,8656367187205
14,8231293874963
8,11672093406719
54,6142065618986
5,79833192549386
13,9003106842779
-33,5012120313933
13,4816163719331
5,79293610572963
-86,2189102328689
8,29942771667193
4,01919105954266
82,7285002800631
13,9556894633237
1,80979530630599
-90,0220194741823
7,66831631354776
23,5612658221784
-49,0208525438369
5,70709755425942
15,7215646723544
-39,2679670291023
0,947762754249077
9,36862849297118
-89,0048743811584
1,93200145584380
19,3513459055555
65,9606888212820
13,0753686475628
1,69765558445929
-12,3859802040258
9,74264658877298
23,4404351330184
-95,9939064294235
14,7600483552059
22,4714365764284
-49,9968006455048
10,7389173706204
11,8725466240563
8,48997869681967
0,336882602592841
2,17056880706199
83,0216382875277
9,09245549895693
18,1511328019586
-95,3791291583465
13,2721949696480
1,55007873072025
69,7761679016288
3,11749161058486
3,09768578150382
83,9651605066725
3,60375866868631
3,90093053032115
30,8266561584855
8,65810327947948
11,2199881054172
93,0198389091421
1,82190723051663
2,61732478085531
89,9404997736398
10,8522565661453
20,6263906847651
51,0917937012898
1,97866790010889
21,8474079845701
-87,7311891824583
3,05086537990738
17,1086524742067
26,9708288973629
6,63901552869235
19,8038784819806
-11,2699563499412
12,7014060059207
4,37536403485697
9,58161235805779
14,5363481065116
14,0076682182969
-43,1848343681009
6,24193463613936
3,83607223727230
-9,33001520042895
0,548683494855112
16,8190351352488
2,60990626489988
14,2216473880184
24,9021822669653
-56,1227233024123
13,0840221920338
0,563440187595274
59,3847583943338
11,2583240108324
8,04489919103277
-65,0597634803428
15,7767213110716
11,1609059986620
37,1499249707659
12,4718880225420
16,5669109971269
67,9688255008271
15,1868937852720
21,1207536562785
80,4538519992584
0,187580084687363
6,99692371814850
-83,2842302486611
1,64173852232048
15,1233520093081
27,9937129330460
3,54661165518242
7,93019321545351
-6,98962300000097
3,25526212301869
3,87136237107531
-43,8321788790807
11,3835137606354
20,2544079150462
-85,6329545590171
12,3321642828173
5,61607311332283
-28,3742549581082
1,94980670620319
2,48021837100029
93,8657766502579
8,57078460643072
20,2128578430253
-10,4811165838080
12,4937823358883
0,532163989199644
29,9769884056327
5,89858998141653
18,4528335116117
-30,2552568439477
4,48486890153079
11,2109945100935
5,68067876767711
0,736889406679742
19,1525871761128
-10,0393483741562
10,1118766720409
21,0518194777511
36,1356591265634
11,7228329432082
16,5600353355766
98,2992991652000
0,737923820642786
14,5417033720765
93,0992148758606
1,48913433046569
14,8387240907484
-38,2732806618949
9,93442851010755
8,10532683508500
-60,7487992054171
7,48857970864576
5,68439975885013
70,0490204449046
7,01580564667465
8,75778323497293
9,52108815365500
13,9986363692088
8,88603427757985
75,6717082329334
5,24247233688798
2,51969913447940
97,0189565213589
9,23246341300899
9,78843750482034
-93,0341565575824
6,52504071386531
3,11135236416751
-24,2283268569775
8,90209829231195
21,6133161865213
-0,640428952919159
10,4146209671279
0,0648917921390773
64,4462573320555
9,42925406784443
4,30017379587129
14,0390490071756
13,7488294046455
7,31592843255004
36,0380863390561
0,524287807319068
12,1324770756805
79,2141460724065
13,1935265537522
1,43136055969761
-25,3814935188050
15,3918616845102
3,33128478929116
41,0917449220901
9,18614534767333
12,7396734748570
51,6961982534376
2,07311225362153
7,70776711308162
-51,8749499142794
12,4493141986554
17,1435206361482
2,66999627469324
15,6458532770329
2,24065428616200
-49,0828292338253
9,33727226402731
15,2872838122335
-95,4947802261237
12,8475186443289
19,9955685252510
74,0999147892776
3,96405066712651
11,7079564435232
32,6294851517098
0,131026230448786
20,2887478028855
77,4683359101165
14,9287574311796
5,57781460875782
87,9213665292851
6,17720444806141
18,0690136875885
-13,1418509216649
9,45273476022437
9,02881187905734
5,93398823897220
7,81952236805540
13,1773724435113
-36,7206674880030
3,60306082728929
14,7998817535246
38,9307489250813
11,0975637457403
6,98266735813022
91,2196614509978
12,1860328992277
23,6061740407450
35,9551175141986
5,33093003972586
10,5234055561335
62,7708435580614
10,2781898568733
5,63280314909096
78,7423908285878
10,1618580568165
5,38247251146628
74,9883857762868
1,40098153279611
9,18714273444616
-86,0021376551642
4,37138260802961
18,6065742807100
53,6457862702443
1,94262311411563
23,8071118186409
-7,11614157683755
12,8152854686981
13,1612937498448
90,7648101822782
10,7612747464801
5,38499365114738
-5,77333248660981
2,99651159353708
8,54726603097122
-90,1786639504816
0,897570051146127
7,06732760841939
-77,3146086809763
14,1540325460179
0,206462102741781
-57,1466863201291
1,30775957205143
9,89013591266053
58,5193743974888
4,56515695397316
22,8336167657456
-52,9309109539643
13,7288113142833
4,62475495477363
84,4756203227796
0,799690847387753
13,1338372142213
-20,9743885450468
12,9790446704383
8,57182972231274
4,99372433260414
4,69393973982646
5,78608897336554
-22,3633118289083
7,57396485958729
18,2429072342395
43,7509028904302
1,63054364992348
9,31875013473975
84,9712497265756
11,2870873947895
23,3938599499823
33,6988953355938
3,46408083692298
20,3012426966187
-3,23867005339433
1,77437130974443
0,242333636041165
57,9186118485808
0,267700113055334
21,3916014923945
-98,4249735365740
3,73701930823185
13,7917733168598
81,3300230252927
7,93692223813693
2,01738231958081
-71,0598598909182
11,2678051988239
17,9973240068793
51,6756032368571
4,13278872744577
15,3410574370396
-99,0566920988727
3,40985461802974
23,4125385133565
-67,2872512608112
9,82211143919323
17,5133777224715
-94,0900682899452
5,41422313356892
1,52712485818579
-34,9020780240008
15,9317165853127
0,188644923447596
69,2371399710845
7,80756341255709
4,07309143262784
56,0783609812699
13,4772712582199
16,3910291887875
-3,80130508677827
12,6984732354739
23,0992713226454
-22,0457055521945
4,33595565619479
9,36021832130160
-17,1943872374780
13,4129241630516
22,2662347341392
72,7330019173837
7,12324394197715
24,2023861779675
-12,0639096011351
6,46531372646169
5,84779471747862
94,0803204297192
6,42733563565533
16,4072579491267
41,1643182269679
14,0459615862207
15,1386750130375
75,7829360521803
7,43383361344870
19,2995404182253
-69,2411394663494
13,0453832818189
10,8857228720185
-37,9938640749292
8,67016633095005
3,13865204352465
67,2681685361461
12,4320503442956
0,497853949289558
-41,8401737525227
2,39385182594962
4,96959519262118
65,9066679686030
9,16741297157120
7,36148765158589
77,8393381627560
15,8929828932149
17,7730496167391
-72,3279316422891
10,4936857925805
13,0349262960250
40,3432180742363
11,3585263514206
12,3721104253505
-68,8306949416418
9,11040519268150
22,8842373134776
-79,3408382726405
15,0647953355511
15,5130707650764
91,5112481208548
2,89796255763193
16,0035488009740
-97,6300402308903
8,56698642577561
14,6461517391764
-59,1708916101558
13,0254678925449
24,1043459930183
-66,3968515445474
12,7394535991411
15,0724605746169
77,8235714054908
12,2618827645900
19,3903859875591
-38,8107361212893
1,55131733406525
7,61063700856341
82,6945994632618
13,4438994528068
21,1489182555731
98,6302901451797
9,05697109806375
0,560003394910844
-92,1091001700963
3,90057119209464
21,4461707900972
-46,0421063916782
15,2309345949458
21,5521741703568
-95,8770365607026
9,79343467745175
12,0686036348816
-54,9148006421607
11,5377693768033
17,5632547188043
69,4660176714850
13,5895661490465
19,4053477824288
14,2648986675942
0,349227730962236
1,68489771335746
-68,7492606611223
1,27806706904330
4,50701718797808
-59,7975384527852
13,0774267188744
12,2076263950447
33,2666352154338
10,5311672549929
21,4112404325025
-38,6432781968069
10,0006218986555
24,2282724817757
-33,2468549690320
4,52082944950915
23,1395140498931
-34,2912782596637
14,3655287129409
19,7498238514982
-39,1338797359898
8,95157517970282
9,76975583457032
-51,6237398294195
15,7031097533316
4,33816068949408
-54,3968255030510
7,40654100707931
7,81130271112189
-54,5935428106957
12,6612113393595
3,41861962355360
-0,782662322729966
5,42658896240257
13,3134811495802
36,7730830752091
3,41099331422931
8,82490939133896
74,9706776790101
9,17127772130945
24,3043958730463
-60,0056756405692
0,561308909997800
20,1371913740676
-22,0732681098232
5,62058920555168
15,9300713736222
9,50198178993828
11,1336800362260
0,294669472156354
-51,0136637233001
0,532759685711572
10,1547949504192
22,5535080377999
11,7581360050345
18,7367867349959
-45,1780010794133
5,07812006498438
12,1079767546321
-23,2908759134717
4,55441011537388
18,7045227213874
-17,0840964007648
1,34416629256514
19,2976096632036
-56,3370238216001
3,21556100305030
17,0654045601603
-1,86502126970449
6,16952073519274
3,52851047691918
0,312573371812541
6,54154166411388
18,2635199383644
-49,0643321981224
0,208496974594283
13,8250829585710
-12,3635605988330
14,6539578351244
12,9591944471875
-72,7881851799932
15,2464432634999
19,4567400613992
34,5664779181660
5,37194572675171
6,09736283156228
7,72207929947024
8,01188187199445
15,0524309372970
15,4094707215546
0,958854684649626
3,82097002780727
-51,1910729165871
1,14909593494371
14,1547429840451
-4,25157486048009
1,50075517327443
13,8596795833371
-68,5685794538646
13,9784868381485
3,68305793105000
-76,0594239046509
11,6044559561662
15,1333206411558
58,1824068746786
7,26834243010621
18,1272216847677
-20,5654892275647
9,17627744739735
23,7447702824705
-0,430265760407256
0,966628260085779
20,4047738824695
-35,8947958830272
1,27970880707025
10,7215410242541
-24,6288098813274
6,67590448739629
9,89481554281962
-20,2860658999078
11,1367782131951
8,50867515101839
45,5457547228950
5,84877407399047
14,2597305065556
-4,68298489670511
6,91598076167114
3,06758479195794
30,4489199109801
4,97907438447547
20,6015178776068
21,8377063668773
1,69629165351589
24,4670849731979
44,0038788916268
10,3446487372622
17,8832967135527
69,4753864076743
12,7600228150453
17,7918681798346
-75,0777992371512
9,67069332574150
5,87773805699827
94,7657664469421
0,223637706916975
17,6113901532763
-58,1160724405539
6,67788821254984
1,35567752885490
-90,3649923436138
15,4791734526766
16,1666530419949
76,4360898146611
5,38555857148288
4,29265273840334
-83,1546379370927
7,24238383380699
9,16333701590224
-78,3319249256009
1,86390925619666
16,2694377644658
-55,4459328699326
0,677439445706966
18,4140962762679
68,5158827997388
15,9606729733404
0,908876910731953
-46,9941380386958
9,21924714722115
23,5896375003002
-99,4599839625493
6,67945073240543
4,09228166884761
58,6143952554065
12,7944341982924
0,565163208641446
-89,7903808037747
5,75269745266807
15,2488681789392
22,0371070180811
9,13827945999197
12,5091919359505
-79,5400127217874
15,1479100088628
8,20859890522147
-50,6853767976484
9,17719447375248
22,0243762159589
-20,3306551122201
1,11446052017885
24,2938905368423
62,1469487982905
2,48296686271072
2,03662827675502
42,6286681567022
12,2259434411135
0,451911170131721
51,5993639418654
0,715794159081003
23,0880681551057
91,5240543321424
11,9545562376159
6,71082234146730
51,0876665723901
0,760017044203710
8,33871163804738
91,5242370730340
3,03286826136748
15,7291716871790
-44,7805738614549
14,6808798683618
18,9612546279509
34,7842956591039
0,296028408069143
15,2686143368028
74,3733232142195
11,9759309880128
20,2278348355864
-86,2944184958658
15,6199045809927
24,7059359887812
1,85407329816418
1,30948186619765
3,15214097354674
-53,8240241825767
13,4356635912206
5,45635946637702
59,4858221980203
15,4074772644946
15,5280182064299
-31,7502774185937
3,56301557352019
6,82537159529988
-93,7925876229980
0,947187370178039
10,2827198980825
76,1110834390083
8,11668370593156
14,8141451213390
49,2526080448834
15,4420107415720
4,57183181513598
-20,9384175182582
5,35709068584970
21,8588959849606
95,6976086020860
5,24374324176553
24,5499913165360
57,5199668005054
4,70593689187204
24,1877440778769
-43,8356517207175
14,5611413898151
0,185986990587789
-94,7763060108637
1,48219942027970
22,1610635236124
82,9666040645820
4,79380014049849
19,9721702248509
25,5834593210266
6,16053849777696
18,5642994928611
-12,5581400300919
7,28823305915772
13,9571213716444
-93,7132602927571
1,71810769216569
13,0977791996934
-79,2248123034846
10,1767321308312
8,81704842076294
66,7578977890365
4,92818967087102
9,22999335264070
-7,62226207872827
14,0366599381866
9,99570266193716
38,7790720446295
12,8426201768642
20,7535777514916
62,7287349279962
12,8290422581153
20,2130196961778
-39,9440429663741
9,18425691460315
15,7174846651283
-38,6503617861002
8,61887643681600
24,7673179809341
16,2810507357299
12,5958883162631
4,59386986516835
44,0358301587830
8,13843539469321
14,3501769654597
-91,3453550411840
15,6364031867917
18,1672339221380
-53,1557287076972
10,3611414109882
1,62024679204386
1,42529222150511
10,1688883986834
22,4541439334038
-52,0320658738753
13,8161802581003
8,10785176359092
-15,2260867578605
1,14277602009991
14,0015719103838
99,1367238951906
3,47795046333744
23,0859623737807
89,7983072301682
15,0678274418613
9,45892878747474
43,4114846687175
10,8920763155024
24,1058922764793
-5,55079855766461
5,29510869955162
5,92955619870609
59,4570869462464
6,82419768615386
10,8928478133728
-93,2146598964723
9,20262645346152
7,49731375055803
11,0692855167850
7,33505426988819
24,0271203421464
72,8992275777167
0,494917768170380
8,37791780841764
-18,7157030448310
2,13745432039059
12,0003165040369
45,6880780436487
8,09683002400379
11,4615707043555
-97,5890632548748
7,96951314739927
18,0853322537141
-46,8146976615639
6,23570194037473
21,1123026971477
46,5208489490143
15,5501317569211
12,1828272360128
-49,9097961814923
2,18328615863545
5,77166933993455
-53,2319265260794
7,77122642865985
11,8430289659099
-53,3432595480450
9,07445653139986
13,0974151733473
-91,9566261745516
9,47160046892654
2,85009096104619
5,79521210537008
6,29473936873628
5,42437729970296
-28,9471478903367
13,6323581517145
16,7978618138492
28,8956925499279
0,0655323267523364
21,5062421426445
-35,2209815432234
10,1628048348279
1,85118755241054
69,6855540632867
11,1279126691833
12,0035182393648
-19,9241631698060
14,3434865893565
19,0884760853125
-57,4573511641826
10,2166951584101
11,3394287019294
23,7979881344967
11,0979474551389
12,3333685866443
-20,6409904518022
13,5621380427305
18,0639583966198
-53,3952696943288
8,78345844783075
16,6158282986392
-57,0836875216785
9,13508083391666
6,17423168437773
-96,3625048382435
9,70128138769543
22,1473337899621
-40,9603205425795
10,7616491459202
20,9489339922879
50,1319804520554
5,41254048557667
24,1232252311458
-23,4124707848456
3,40783412515483
4,44190531307437
-25,5558006360877
5,51730612118187
1,63302738977742
-97,5126160643597
1,30253055704209
14,3444921895265
-33,5696251870970
2,00176462563553
10,8781023036625
-83,6256876569008
13,8492935383149
1,64370594126511
-9,30216864392743
13,1854241131836
16,4309325121096
-36,2851694842283
1,05887574807451
17,6786248664448
84,6974380037073
9,13211295292423
15,2498897341705
10,5193550367434
6,55418483746430
14,9861146623478
-39,0177628428648
9,75998036460997
17,8966855317322
-90,2948214534392
12,6628590679989
8,04984568760006
-92,6573920286566
3,15042527313391
8,05500843380048
49,5051844625451
4,85992060213244
5,63894028164024
-28,8687571314069
3,75559550031131
22,9824544645042
-46,5644259324715
13,6864040852405
21,1216630067864
76,1475041015095
14,6372727626122
12,2616748250090
47,7401681007702
4,71672685698957
6,50503921082551
89,0619774020481
7,01598220216706
18,1537093186777
-16,7039202781472
7,97098824641969
20,5173003621333
-80,3640246326009
8,80299073801474
24,7202343278541
-19,1240043131467
11,9366276923245
14,9858226561927
-78,4255934690580
6,50343472606923
19,0153684932797
-6,18943343342717
3,76824530971095
3,84862504029184
41,4579896270986
10,8307255717334
17,2335050659654
98,6712465043646
11,7697531814309
20,8817749977585
52,8191869203599
1,20292617535337
19,1613913047081
-22,9561607569537
13,0185419331592
0,799017295772202
-61,8885939249328
8,55797139545414
5,71472843639526
-16,9875218961391
3,15100788845308
9,76105308572421
27,3682860224715
2,56994380183068
19,9473511299959
-83,9718584762259
5,67864914974207
4,85987838295869
-92,2263165117793
14,8161907395087
12,9188464672107
-95,0678640981055
7,63818864266828
9,27247184365920
70,3346080333643
15,7625506046662
10,0054650517725
-63,7072421685834
6,96926273225662
7,86132200030908
-30,4935783248703
0,210080127705416
15,0058772134377
87,8382767106194
5,33727702623896
23,6315556900087
-48,2547461838488
4,35350093883010
10,4139440118665
60,9565070350356
6,85671850158499
8,27093789268795
33,0996314733765
11,1101758254125
18,8735226218126
38,0967210730745
11,3647004945617
13,7974637162350
94,7458523399164
0,717067441239324
7,05087528686380
22,3596657721985
2,25516179174927
14,6393094196972
-60,5508665964612
11,6741150312262
22,0943074105857
83,1662361376492
1,40750019655725
8,42414538444363
23,5340544688642
12,9769267799291
6,91691351110543
-68,1766107120203
11,0123304410954
1,72109192689904
-28,6783761407540
0,545723353223744
17,0284697223352
23,4303554793774
6,68380743460801
2,66902149643828
-80,0114719128375
12,6585310192260
21,0104807750126
71,1929029132380
5,07815199117642
14,3030301310479
-75,1708248350648
1,30551636831773
17,0782341011990
3,91811215950217
3,50255790786556
12,6220121027919
-60,5946129616880
2,33699974867917
1,53529190594114
-77,0452310914472
11,7999241415559
21,2060319989408
-22,7659289917635
11,0950054682002
13,2119816248082
91,9318433599439
12,3547781113554
7,13482153862965
7,85079989459943
13,7746457643719
17,8222314010205
37,1036761233218
4,54774982846087
2,14832215681898
85,3228505789480
9,32601677576884
6,28170458397975
-51,0517487172429
4,54537667932911
3,93535847026512
-79,9637297409465
7,81223967314777
22,7260408767978
-14,7061616579147
0,736137529455275
0,00665908761816247
13,0963644873557
9,97104338912456
17,6299916230715
-11,8879057251605
14,5416273204904
9,54656729183714
-15,5483925909875
11,6672454096053
10,8047199149120
56,1083007315972
12,0079121933910
1,01789798342566
86,9897542450836
14,6203477760625
17,1760917413126
-26,6751680552651
5,04222871204509
20,1345661273237
-25,5969677560058
12,5780631835059
12,6512999028524
51,6648344521933
5,94235319985098
4,60205290420513
-83,6910065836963
8,57159728927608
21,2829806857722
62,8003695305484
7,96401820020289
21,8067317833743
58,0554102160011
6,06062754144840
16,7016178929014
-55,5922796484096
13,5892468162847
2,27174606132331
4,62354940582463
4,16310841168483
8,02427766626919
-36,3472050712576
2,44085419906974
18,0789949290901
8,51171013989005
8,08018547779376
16,0500240937734
38,6931467589053
12,8445046454148
8,81897728154462
-90,4216491036760
0,442279958307001
12,4829758172401
91,6075326568512
6,91157204297990
18,3821980419402
93,3728915428990
3,75520611037643
13,0068709540283
-74,9358134447476
12,7996486572561
20,2257541401712
-27,0290143552813
12,0566141420670
15,0167381666166
-27,5441673101489
15,1093395740971
0,478997813970267
50,5098680916393
12,0618649250279
6,23286873764658
68,8775522126347
12,8806380904873
2,20065394215136
-45,3229922495996
1,88654126869793
6,34123818448395
80,5369841623719
11,4812362688188
18,9996284761112
-92,8325185942304
0,856666567944856
10,9966474782113
-6,71547171681142
15,0383346371707
13,6950293983076
18,7218365590648
3,08133437743249
20,1247107636815
30,7841797711161
5,85722245377690
13,4579076885842
27,4826029856086
8,23195498397789
24,4620899381727
-2,43586294694858
13,9385353356021
5,15407805112300
13,2709385643617
0,538073481515827
23,0980996969183
58,6008496109550
8,03796156598950
2,60359044260091
67,5033066120506
3,94489663993283
3,31285090313493
44,4424699474207
12,3672837713867
15,5803603393545
-55,2235755433192
10,3796375883214
12,1665006239256
-84,1044728356862
2,04726707521452
24,1032044880388
29,9109856741018
4,45143125524148
18,3890908263161
40,2025477918369
14,4864525722762
5,78192818993053
3,99587569381645
14,8613613065954
16,2390630315680
70,1395300564203
8,39666069847463
4,04084742936567
85,5945071315419
0,423166104861945
0,712327801868481
-84,3246526490531
3,37358503052029
21,6906556941671
-25,0426440491877
7,41079248660548
4,04172071730290
-64,8031611921532
13,1273989528030
19,7263659608745
-76,3931196514433
5,31034524221256
2,12096225839472
20,3604990550280
12,8692810651067
6,00992014727290
45,6372668963383
3,38064096165177
4,47645662539193
7,95069482703696
12,2866575193706
21,5607055622347
47,4777624376075
1,78744559102378
9,69395647383061
96,1205332737213
7,68904480702756
14,4116892224690
-44,6812166887909
8,71116698542231
17,0574148803757
40,3022465353659
7,61577484762376
8,37850726871296
16,1972668090516
2,01040521926148
23,0018520320169
96,2383594536591
1,21959050481264
18,4067164243974
-35,1136392581175
13,3131948819583
9,08318580274278
90,8690960706518
11,6916868804992
4,20274559346957
-90,9989583208961
7,68511067627224
13,0922439924177
-87,6994035724268
1,07054884917255
5,24917046620158
-76,6047026350929
8,84402169385915
11,1832716461979
-33,9305353297742
7,87325080895172
16,5945453649732
38,0076253271225
15,9465945062470
24,1945173420034
0,492249848511528
6,29935087332450
0,307076031147204
83,4103547463932
11,2060203643956
20,9022280889702
-55,7363959464743
5,71276019148972
16,9262553175515
-76,2069721287415
15,9336291736205
19,9159245658066
3,56341939067373
3,75276407303139
11,9039155705244
14,1639833929923
1,50831484263707
19,7650187894255
9,86341800956916
12,2279205763387
16,3016128729576
27,9521393201758
13,6901611452456
13,6664717663260
-47,9383359132560
6,29626455675526
12,9015054490849
0,775971170671386
3,21311496353321
2,90783594699549
-84,4873676382606
3,79692316134224
12,5889211316208
-54,8183987141452
0,0290599765084369
7,56089822526081
37,3204674184716
7,16766766874482
11,1629334167455
-20,9288409236518
1,34369449523439
23,0059952297022
17,5580637322586
14,6727975298229
23,6629725602775
-17,9055295343660
7,02708796547496
14,8312454978484
-60,0043584061738
6,04413096836199
8,48230300819935
-44,1909932273157
10,9951448084255
19,9971278780288
51,2661742509537
10,4562076268641
12,7062004267654
-7,25878912848019
4,23860765991681
5,94515996164931
26,7408510207128
9,08480918679267
18,8763938771026
-50,2381648709266
10,6462333914755
23,6463836094852
30,6001363886196
11,8274203061300
19,8435205131089
-6,04293432015874
0,415009848872149
18,4542102278371
-7,79619030901202
7,43690156716330
21,9423041119311
-18,0320532601037
2,13424045214967
14,8075482555080
51,4701914709332
11,9859304166585
13,2995171114056
-80,1265579298722
12,1313461306732
4,44811622594587
77,1435510899063
3,95634515947183
12,2096438915380
55,4463464159737
15,4079148252546
8,67081550220846
-24,2710612249575
3,96450847860850
16,7607389865586
-26,0995951652457
14,1423013019565
14,3960270816241
-13,2319804133106
7,56860132718271
15,3339094952635
53,4600721803964
5,72963155383378
6,26728275113939
55,8848774560049
1,12509968380507
15,6220679530693
-7,25872070645157
5,66841164002460
12,5786632094557
37,8699778543894
9,50352075190108
14,6251374397161
85,8976019421001
5,66216327063413
19,2768313602392
-16,7475550352643
10,4109300349165
16,0140094674888
50,5809892490493
8,72561648136466
16,8152550604942
-95,4913063920683
3,57459255997910
0,423805567399377
70,2427122424144
3,81414685016732
22,4356676526947
-76,0888508445737
5,11383690088626
21,8708466828398
-72,8246919482658
9,66906155798579
7,71948922272817
-34,7374715698476
9,39302394452398
10,9101116908528
76,4946559800584
7,29871676193556
22,9066834684085
2,21854075563686
4,26627195915425
14,7999422911795
18,1965420465705
4,31843210786298
7,52598106575195
94,5186869964694
15,8872025791820
23,4890669777847
7,54940790835004
10,3339742709200
22,6538781926967
-6,26864316283236
7,68290234400295
13,6520047641029
-13,0782035193620
10,0577223303112
11,2738809334421
-56,4160761911833
13,5825743222672
23,7141525201906
36,6003317069356
3,89208694030613
3,15982605606922
85,1301458292463
2,22103651952364
14,1262676665332
-45,5604947585227
4,58421935071645
4,49194885476100
-95,5839795118914
10,0444115290785
2,34561037530952
23,4269348495811
3,25023451163625
2,82024362297246
-93,6275739696256
10,5197386754340
23,1174682735189
77,7270241676345
6,51363016926335
2,15894404358644
-41,4642186443933
13,5478963242159
15,6936447068390
-90,0330138649317
12,2396868018448
10,9007627824144
-56,6058856094030
15,8112206443011
1,10747890201179
-77,8600476134716
13,5222797701792
24,3062280863206
20,2559084026933
14,5653917453014
16,1569397287092
-62,5015651619012
7,72369068647597
15,0615596039015
66,5542838841895
7,62076884898464
17,9256315216885
-13,6470858358241
5,80030465453578
23,9876405598778
46,4539453846936
14,6300086076640
21,6029242580314
-62,1229684239194
0,960105589408434
8,92885766857594
-60,2928875977695
15,8850516057432
8,78962255718460
-50,3273455460787
6,11680376098533
14,1972855078303
-97,5811685168385
6,10994113077004
21,2722273678738
-11,0642741495472
9,84828816924453
4,23073659166901
10,4166922301496
4,79465315656311
15,8882227437101
-15,4864855337723
10,1944124517084
9,86829345486407
33,4308168475768
13,4822554579437
10,5645761921281
-43,6280455332516
14,6948284345156
20,6772017405177
78,0208590207835
6,38558114338878
23,1263625952546
63,2447298946895
6,25458842672158
17,8353096930752
47,9777430665775
1,72130628706500
15,5728701028664
52,0996298668670
7,45102470341864
14,8509785682269
-11,9283678553060
9,69933619967038
15,9402960479005
18,0929436186090
7,63096821563940
4,63970130331917
-87,1727356734003
14,2686953898324
24,4649336516926
-39,9274295434621
6,43952186011486
11,3728640064401
-31,1051206172803
2,09581105997815
10,7547773556599
-71,4510499430966
3,77875423572522
17,4935975395231
42,2756142201990
10,2265231969209
0,783701771518130
-77,6610693864769
0,0102797676291537
8,72520505227487
81,8455035119790
0,116973557260058
7,55479783973348
74,7533415148019
15,9783731984162
5,35010748663524
94,5122461800383
11,8406044578885
23,0005947556886
8,00619644751322
13,6181881733521