2.68732778447466
-9.45757744240445
10.4955567420547
17.0109440056185
15.4791091945442
15.0180476899595
21.1551454413235
87.3452296414799
10.7448127575161
11.5078525217647
39.7442817748758
15.5859955253180
17.1846469046824
-51.0645027007809
15.6251509855566
21.6746186662730
35.7153641067733
9.46157065934473
13.7945861253589
-14.9326169078292
1.53761457332314
12.8839588533686
-92.1191467517140
5.22512413444472
24.4579005983563
78.2362316872966
3.23981445894256
23.3026155495168
-61.1917877636977
10.9836690335079
8.35462378976146
31.6586240215382
14.4511573016818
2.10801079756172
49.8731989838275
0.424129254519640
5.80591683369826
65.5152175286103
4.62568613846499
2.34687553499756
66.8656754396191
9.99434172206191
18.7172228048920
-68.1369633613885
2.42114745023546
0.400201056533556
-91.6036744684567
15.1505280364091
15.7228056629535
58.4110525025331
10.4087556167888
21.8637340731626
-38.1955076893801
9.25529651151271
16.1699894235481
-85.4030681406585
0.290022716439720
9.76360518584765
-52.1649791097094
12.7632737359911
21.3379723623351
-35.5586096707717
11.3035157478352
6.15846713432963
-79.0636502373692
1.30227204506624
10.6637846746079
56.2520094720962
6.64353415031524
17.9018073349093
-84.8265085545959
13.8914597196407
12.1481268282541
-74.8551571756130
4.56080929881109
9.78813980293258
-40.5160213608653
0.759873304381477
20.0405151320418
66.5825648534687
5.70449966505146
11.3669906130882
-16.9934865812058
2.38348063701351
9.70922062625926
74.9545120104241
14.1790707545823
17.4204887636534
-19.7742537111352
10.8609527249081
11.5772443719272
72.3662057864999
2.89919643058248
18.8963835946477
73.8386298160000
10.4650293283460
12.7508656925530
26.2097484959254
10.1167219259540
20.2056712527712
-72.2000986878618
8.10793045121294
21.3749261989556
1.27938070369642
3.31482458301099
11.9346992760230
-42.7958958634944
7.32764977109594
12.9903368021002
37.2044221731327
2.71704059477796
17.8462878408195
82.4434644946953
13.8864722061556
10.6795378521232
-77.2530131755153
11.9255955626552
6.45775922234844
72.7191947664607
13.9523286966870
12.9924928852715
-27.9266430304283
11.3210028057124
3.22733884746245
7.65456979784978
10.1475189189898
9.64767969430028
64.7275802677402
6.46776865205383
9.63315677780627
-65.4812848675118
5.05917008940663
12.5614948807462
-72.3193127192085
4.29161259354909
10.1793094780355
32.5716448481529
12.2737235338673
9.39314231732435
-47.6019483968442
10.0732663637721
15.2657538627663
79.8016187397271
13.4487823895836
6.34192167253527
-21.7257887985502
14.7246588444791
22.1685979912801
73.0599466559452
2.10518581745398
21.1174382732942
25.5769998285604
1.91652513004452
6.95230738336700
2.25132082457071
2.76778729278969
2.16384739441004
-54.8114204733507
13.1215413996175
20.5209395287485
-99.4478416187535
0.441386051211202
23.9308764990546
59.6850749706240
14.5606959140476
13.1928238599921
4.95451377967477
15.0321784719657
0.916617471266781
68.5094186069024
5.76215909256380
1.60419300475843
-32.7408765756494
8.85191557591745
7.17466030191897
27.7252986547787
1.21325606893660
12.8920708840482
94.6807983956768
3.88618041127160
2.11367587023034
96.6760921687468
15.2895275072294
3.74437491618673
-58.8652991839998
0.369237124449912
22.6006425055625
87.4315105950408
8.03156648132652
22.7446889340468
75.0867777907102
10.9273399192615
18.4807789447443
62.1852409843671
11.9424885396612
9.85831310559969
-56.6092877338863
0.173789654203578
10.7371684022002
70.3017915461299
15.2184767295424
7.26983159883659
4.97896847831543
9.30739692938581
16.0809724244065
-13.5212505704058
1.09843571025734
0.373088028276541
17.3232931700484
0.541822637124351
13.7333373551201
-78.4512159695943
0.532744872950252
22.5492857813121
-11.6982121481106
9.53761429625517
13.2570359634329
20.9040700680021
13.8236108096042
16.2729542843765
41.2359795457071
7.73273664823710
3.71821852379647
-42.1648955840718
10.7246339315038
20.8030653401725
-84.3139886902637
14.3197020219137
21.2178982341262
57.4099739892769
2.84573909492845
22.8289012441391
-65.3889600460017
9.44425393316909
18.8700583074528
-34.2061092691843
9.55650340605037
22.5679494814217
17.4908899701954
11.5018086798314
24.9530743302133
-74.2034964537541
9.82572089063705
12.1369633253178
58.4891570601566
11.5379052156871
3.39380500507923
-51.7303351538003
2.77122787241877
19.3482755889449
72.3394075411176
15.8679355910275
4.41389076978696
-99.5940219012288
1.74709440231167
2.16641295904981
-19.1226161110357
2.73546908814007
9.30328205005495
88.4225886826880
7.53658245871181
12.6534000728358
-28.1093636734239
6.62559612013908
5.07722550532877
72.8676080478740
9.50649370888305
7.05637928521186
-25.3789943837894
5.46458503153907
5.00366481116956
-35.2977939996074
1.27079461365211
20.2440367020888
-55.3503809206278
9.20347831913538
1.17882469843116
42.4256230343588
3.37357086299692
5.38779125243341
52.6038968794955
9.34392114714100
15.6392750478590
19.4254696526538
5.26970802096991
0.776243979403276
-28.9838252840620
14.8802994601804
16.6314188375084
30.0469510927705
0.137726143847781
11.2536033464199
34.0880161842825
4.14371992183656
0.879703105121360
-78.9923592186753
0.882446705137616
9.72471232205641
-98.9839241851559
12.5698526117083
23.6117587354807
-50.2495791199385
1.29034230251020
17.7927553553610
47.2607389422568
12.8311930186742
4.51851838521231
32.2812348351017
11.5322629868069
17.9793246362821
2.34335391286391
0.0694643334265255
18.0190311086989
64.2686913995300
1.95422168137324
22.6480203764711
-88.3037769300280
14.3771148544103
20.1698467254996
-69.8309042820716
10.2229393817380
14.4837967252350
-77.7912371335834
9.28476172908088
15.3246559018112
54.5480547829271
9.38434107796481
10.9562247906099
48.8635199335455
14.5133911336861
15.7435565331350
-64.5254326794205
0.216123744093538
1.04299143423567
56.4450099231174
10.0439645895945
12.8537006902517
-0.490114720496448
9.04651474770384
16.4908972388418
3.82981175657662
12.4253389099347
5.92973961849729
0.746107073328095
6.72430509827529
8.63162705824857
-71.1131973759835
9.12032470234764
19.7044371113540
-31.6131790812580
14.3941918483843
24.2295031043276
-49.1320272629840
5.73729393560453
21.8598682548251
-80.0684024639752
6.56365397029249
7.73110760256833
32.8897745513864
11.2197113382998
23.5241911590175
23.1170532923718
5.34306960235226
9.76062627760474
39.1004029766279
3.42089304646346
8.61586233159656
-39.2528303859548
0.594617886178318
12.6538708887827
56.8430968804858
5.54145089399513
20.8158271001985
0.0410285907295194
5.29870581510461
13.7998791738169
14.5645873125271
5.86166567902644
24.8644877117723
-16.1912203890770
9.91476492254219
9.16081286384715
46.6934628329315
0.740303507900675
14.1931156352043
-96.1013466340907
0.783157467341992
4.86250529678690
39.0435881511423
2.26204541281646
2.09642581230985
38.2695214083011
12.6660746700798
13.4711035059098
52.3305629824606
4.81661464794149
17.3069327635432
94.0009249695086
1.10308383411564
1.67503633552550
-4.13695193869088
15.4646172758579
1.09805766035156
-3.95290756978235
10.6244668035508
3.66970842384641
-21.4850270813428
4.98919565751576
20.7773778328614
-27.2270670364972
14.7458476938015
9.15698381665388
-99.3537671188703
4.01691205125828
8.83277013909133
-72.6082476316746
1.06707527849937
12.1202782250938
-6.80975729960882
8.50306057952384
3.62856196924129
34.8953297060882
6.73289685989845
14.1228739204439
-94.2198003808677
15.1571359943720
21.2132106147117
45.2205578194153
8.49037424119568
6.13779133429582
1.05464448388068
0.216587869622680
0.340286680116328
70.2136353442411
10.8487706706860
6.40741123360975
22.0042491475656
15.9865855612878
16.3581797811250
63.4534529815342
12.0720522048125
1.34093441824425
29.0909979528322
13.2540254398885
5.93580067253787
5.29128626367361
5.90338878754489
20.0348437209946
17.6738225726258
3.80236420066446
11.9924673397336
-35.5964147219021
12.4153564889033
18.8069859883390
45.5409657071024
0.676846973514529
5.55241794271826
-25.3451230848444
15.3622935584394
10.7251408418082
35.3670208758160
10.9325220137903
14.6233979936357
-94.4507749993055
4.18164734339904
1.01975368702062
-2.91604696009511
13.0095747065856
20.8488017243963
-30.3267473917213
5.37250625674018
14.3347011970057
82.4837645050147
10.5119695671417
8.46856306653546
-58.8803486618789
12.5105277918823
22.8546225967431
-74.9316421604452
9.24045833015896
18.1112215079493
-23.1010182043493
1.32019648301441
11.2428707606429
-29.4529567399905
11.0407992812070
18.8792244356665
20.4739685008466
14.6944175206039
3.99045559936372
86.7853767431473
4.62850100986050
24.9487054327100
-4.73796000997033
2.51028779029179
18.2231757136860
57.9377010022706
0.225826391389147
21.4093411223845
-65.3690866486731
3.76867049112314
11.9240453100239
61.6371001840099
3.90588661150568
22.7107399410140
33.0928315236022
9.25635064203375
13.1421507672709
-85.6542797886370
12.3641462328854
0.529783977373086
-22.7215950451623
9.93557199937657
9.53663904895461
25.2593732665010
13.9272904836669
18.2681403836605
45.2675836354420
1.95037858117584
22.0223493494635
12.7906460618065
13.6461362504325
21.5018860540857
-74.9953909033147
7.65817753833946
4.49839717635630
44.5830894643297
6.08119185585070
20.1103161313171
16.6341878552140
10.0839119105950
16.4264965400177
-3.79861271891366
10.7439379718254
16.6005616273892
-32.3754366454935
14.9053948475807
4.17502597959869
59.1599310908936
7.09310235956950
4.70738408074378
-65.7147104294177
0.113421132990297
13.9946249257060
80.3950711044149
7.76059168315434
14.0709435833556
78.4669765977625
3.88250494766462
24.0239558128790
78.9042444354433
10.9541082296201
17.4084045880601
-59.4703164912134
0.399344717562606
13.9764359952389
4.67982262221811
10.7065002469815
6.37035729014087
95.4430676845369
11.7738745680574
16.5520925841229
-36.0627027617270
6.87553087293914
9.43786362041972
-63.4067697178957
7.94224953117254
22.9509147567581
47.5605738464120
10.9872748786958
1.06317055401944
6.04522013539017
2.18058231385708
10.9488501296826
80.6327381163750
7.63173288071983
23.0174737466061
-74.3342975890204
4.83749932256128
7.82274586999047
90.1336120167705
6.07451910960716
9.53552755823612
-13.2026990166725
4.88364019712386
10.1500909736715
-83.5599937577167
10.5610905562169
11.8565995602473
-81.0780410673246
14.5790128159005
4.58590441704810
-9.51878840598464
0.379772705955041
17.8727321283893
-40.2971900439548
6.44559453886217
18.6886175417439
52.1023148964099
4.74972531922417
18.8914205171791
-69.8315940241652
6.05047006117034
9.99510505484345
75.8168969598442
15.4681575935017
3.19078996939315
-98.0231751177008
4.03307705128100
11.9694995654573
-67.8559112571687
3.66217560906142
18.9739482044884
-94.8519340477208
8.91091119561324
14.1994569129621
66.8562281355720
8.46342409153018
16.9352416388462
-28.6756413144880
6.70723755825200
17.6713713042993
98.9189183118132
4.07978734854114
8.35468561431913
-99.0332516843919
3.85264099618389
0.965345899578644
79.8505223091763
14.3786304860607
0.711194263822462
-55.4138447487661
5.41945527130986
8.17827792316362
-52.6118313968106
10.5532913064529
16.6691837334714
8.61579562089601
5.17561244312697
5.11504646150278
76.1576096389002
11.2239214319594
10.8233099005368
25.6473010548338
11.7749840464087
22.3098844265481
-26.0883775457001
13.7089316360699
4.97075126598878
86.6119455723640
14.3435873349273
17.5235846099657
-19.3645693713208
2.78003308373763
9.69583585099586
-84.6433325092000
13.8195434052046
9.24896344246261
-90.4013034580228
2.55664460686632
16.7886439005842
-92.7129784693310
1.09610699191788
10.3562244011431
70.3174194785434
11.4417103049611
3.91815492515042
97.8717354730900
15.1357540736580
14.9641627723220
-69.8237226322627
4.77824596694381
12.4003418388671
-3.62155938485507
0.266494872894038
12.4095016492855
78.9365695320094
11.3115415693832
21.5256703615490
-21.1841753806886
10.8258051071022
13.8768248823611
-34.2808999296641
7.28364145346387
11.2289462922457
65.1413770315422
7.18697437625702
1.89009010491785
3.06708811490501
0.629179565719337
24.6140054324617
57.6827238490652
4.43192612206162
13.0825032073589
3.57280234574682
9.86402905976208
15.5148403229497
-33.7536376603869
1.83207957250234
17.3915725771379
84.5461795015227
5.21075022733947
24.9315344518986
40.6972160650173
1.83330661294263
18.0590064782836
-93.0056074330514
10.9637105029146
20.0344877825816
78.6123651085705
0.132399708674331
18.3412353362659
94.3087548198599
13.6946506136482
21.6581718050993
-8.18456139210138
10.6843372617890
22.1078610121332
32.3933311633892
7.65049896933724
15.4719890934430
56.6423721012954
15.6882190810135
7.77344392268377
-62.4673010787823
2.19086916337482
22.4252866995166
90.4076706980676
10.8747142522700
24.8648202856519
-49.9085242561291
2.65644587539269
3.42462021102601
-51.9499388720965
8.52541812847527
10.4926067283564
89.1439870689056
9.94513613354184
1.19994276434392
-74.4282435538201
8.02950398117909
0.198552117823153
-65.8449447398283
11.4011844798722
3.40070923955158
-21.9811293360669
13.1874548319153
24.4058609259664
11.2371694330315
9.90253848275230
1.38689657178853
79.8893800753414
11.6404362919254
16.7623103602915
-43.5847013141068
3.99536516052516
22.4427190098138
18.4250881575925
12.0195312268702
7.51585345304542
3.25440623824684
2.80264206214697
7.86974999945428
13.7921275697866
9.32504973807600
15.8167887410091
-91.0671732089501
2.03053665841077
21.2238602551150
-86.3894627792680
7.86843445969296
11.7434117856903
56.5151935973644
11.4452980108932
7.33044906464231
62.2894084092801
14.3734534111460
3.68249176858394
55.5177665867173
11.1966655705468
8.99379924360793
-79.0741266615498
10.7803132263060
18.9280743236950
82.4030716043719
10.0729265663204
15.5731112292931
-52.5176114723447
10.1109780073451
18.5836355865589
25.9795965524224
13.0877446871725
23.7594265995924
-36.3794187541583
15.2035991151319
9.02633228265113
-84.6377702914475
3.55920164788150
0.539821965118403
65.9275320174152
1.43977038297450
6.24015395841293
31.1033627408332
4.33473127417080
21.6905966784607
-78.2154878716757
10.5738029546689
18.6935930139039
-65.8156171881846
11.2539134999680
0.611979123886647
19.9523578615818
2.24833810441664
12.1060433828476
34.5900327645288
15.5004033931772
10.5942976167393
-24.6049669144012
12.8937163973274
12.5477033135044
55.0111530238663
13.8411848438067
9.72344110479143
76.3627044213252
7.17519291503259
14.5506329169937
-24.6881164458262
5.45264525613077
13.7024232357406
3.83371012969544
12.6241644334916
11.8840144631109
15.8013095582283
2.18116313176658
24.1728353471396
82.1885053109942
10.1917139511594
24.8661631868545
-13.7807837588571
4.57222509570193
19.8236258477531
17.0684966366622
11.9996074776522
9.45554664315064
35.0274959470321
14.7925946172283
16.2299656835684
-39.9681887981748
9.02970913311230
14.9890072623327
28.0186962290060
11.7497436849174
0.581340856942303
-32.1190526955880
7.29782112508937
11.5881952815279
26.4868438784366
0.877871046998438
3.07547068293746
5.12590493815961
7.91084176377132
10.6963386317407
-35.5419276554658
14.0896678792583
4.79943851796023
-14.5163053332344
2.84496910108691
17.9317457280957
59.2433170448358
4.48372466627370
7.68985281287740
-16.5788760830237
2.27671951471919
2.65802865593139
-29.8095457386701
8.89870597602552
20.7355832170127
-62.6901138123933
11.9281292941758
9.82539059693758
-58.6829333016478
0.601605666306776
23.4041870837906
-16.9983489236740
14.0096058766120
15.5356544978628
26.1203906335656
10.5358630943984
0.858599096634721
-50.6163727451602
6.09754681585773
15.3704073191324
6.83579028603998
4.28799773059974
21.9251797484920
-8.60532568398589
5.85729636568242
15.7795312291135
93.6830381965417
11.3613226372934
4.71470092651490
47.0383047367433
4.41897916908996
24.3273852163705
-13.0725852149943
3.03301750958778
11.1810080598008
-9.30635905867336
11.5537328312063
3.46542238254731
97.1383557971735
10.5731036475572
17.5492754544025
11.6917676809431
8.80029597574500
3.34444930365911
54.8450455593348
9.28304937975813
16.6891545200719
-24.7499056572446
13.8866581835854
5.93240376216893
-3.45451748312089
2.23969838398870
24.6555622695800
-29.0528305099033
7.73534996346010
5.57206439971963
-67.2886788358103
6.54414542353448
9.93062070021068
-11.3437488241104
10.4400764833249
19.3402360723453
-39.6192599080494
14.8237329274389
21.1980116660030
-96.4530330265519
12.1822044536079
6.94915815108007
-47.3366763882430
5.44000509579789
21.8806554468526
68.0723893137854
11.1033231561203
11.0488169408903
97.6971659822603
2.90274482152419
13.8447268604964
-7.48861740984463
6.39147527008560
4.32644035027598
-26.7900846281157
11.2397662044938
9.69530216519461
-6.59494198755948
14.7217922438787
3.12216675872495
-24.8157132476073
12.5800730739255
18.0153582182783
-87.1470850060482
3.02832286716828
24.8410292393823
-35.6917824203330
15.9220819217557
9.15877538422474
-14.2971625179310
12.7304677898671
4.00096221953135
35.2260428678220
8.16452740364884
15.9770957016563
1.42316950583794
11.0479484555804
19.6177467772507
-7.61605048985841
7.41724344034480
13.4479124336985
64.8131433620392
6.91620978896276
1.32157887972082
68.0735647724332
14.0262887572435
2.22760503785028
16.8796548099433
11.5068339359056
21.1631245518495
73.4284220159894
5.01654764657403
4.87710664283915
48.5489839635539
1.05033389944714
0.309589500658838
-97.6036578515817
6.75473185219315
9.36874343774608
14.9043614909655
2.23630387035304
24.7710922376568
4.47879653679011
1.36100622272586
7.86047631685092
14.1519897369241
11.0493224862851
5.28083869459929
-84.9012076862188
8.81011678023631
15.6170591035110
-63.5733508915328
14.5035120458920
24.9605431177203
18.1257684784905
14.3570911612916
4.28131089780859
43.5069391664991
4.25864663291552
2.23576703545239
51.3248385392776
5.30587818029108
3.71647776044907
46.0437706525881
8.28988298701630
10.0244354635708
82.9978997297504
10.3216482067098
15.4228537576448
81.9625641007786
15.4380176336603
22.8213407032153
15.4574466550445
3.92453828390062
19.1221336146887
9.29326336933789
0.0499923868495884
4.03741053531926
20.8692522853151
13.6114967326870
20.5373566606210
48.3372039527821
6.41855808355484
14.1647910350481
84.4118274902462
11.4175320064020
14.4271893164048
9.27406116932172
15.7281461398635
1.29288146353194
-53.3789526626264
2.58324406645405
15.3468097808621
-61.6843469655320
0.815416224460895
16.5842227069262
2.38936301535773
8.06312271959674
21.0726258529620
-51.2429583295672
3.88086972225861
9.86458174874546
-41.1940774582596
2.62609405562676
5.95398277858689
-58.2552757716469
14.9951156116491
10.8172991381079
-53.7962984283691
8.76243396874635
22.2438339996372
-62.2666044599559
12.3216871293637
5.25694406473248
25.4923648261535
5.05991241811830
22.3897119450882
59.6739590430312
14.7490668316044
23.2456125446235
41.0403326510892
13.8975308341587
2.33941644173272
88.3343500892216
14.1646658882133
15.6579778338285
-8.29315527460817
10.5001151124208
18.3194511951354
92.7388213328642
13.3576193739253
16.4490950303833
-19.5782379765974
10.2381400436473
1.46656787681245
-80.2666855929255
5.23318582401854
9.93596915544767
-82.6585782099106
4.39946649666015
2.23782070833920
-16.6962155907703
3.46186849499080
23.6483760061361
-54.8573157669676
4.47019427695452
23.7042540888013
-54.3716815239977
4.04433117805609
23.1263041276333
-81.0890128073713
11.3752568958611
9.21842987367856
37.3970891137082
1.31375801433208
1.48297287254251
-56.7623629922897
4.79630015553880
15.5614612244632
54.1346764482540
1.77877652217393
18.9959012496611
-43.8478744004568
3.73026671335030
23.3955646039956
36.6944024027426
15.4191790576949
7.20433414245339
12.8916620860814
11.9548494166560
20.2499378668749
-91.5575065503511
9.93728911406994
3.13274736502565
22.0090527242803
8.26861042047537
10.1643856725191
-63.6733822358667
12.9812720518206
21.8624464584689
-92.1534610313841
4.39406421176789
17.6095034776083
51.0389319618245
15.4780554848414
20.3807546571576
33.2602768107694
13.5197555703085
13.5059408537352
-27.0608014729998
4.58341206812219
5.74297130149399
76.2401540121147
14.2425655099424
21.5120703071889
-14.0630618974033
3.81918058387439
22.4309938609131
-44.7645005733193
7.98712488847009
0.521287748212963
97.6179695813485
0.524632502587229
16.2643582448939
28.0609333824970
10.5008824239345
2.84427940033259
51.5040846818467
10.1577317888817
3.96122836561444
8.65406516105582
11.7890064994587
12.2180973500069
-61.2924418107956
5.23071414095781
18.5270020832586
-39.9128289914955
8.34575413016453
16.7411955334372
58.6684208972817
1.24190083501219
13.5179499942449
-60.5076016255484
4.60713307578984
0.219269579697007
-76.3559061348155
0.828860868033456
17.0101729549989
-95.7038924927981
7.07172373235193
21.5520333526578
62.4632047197901
9.86076860267071
13.6690610067564
-40.7635200173446
7.55429288089047
13.5068505257568
-63.5897843190218
0.183734634835911
3.11339031126247
-74.1637583151718
4.88214380813728
15.5777621195731
-10.7052570535984
10.3242516013336
13.4692906489757
14.2336551871395
8.47054392695471
6.43098609281878
-4.82540317116293
4.08582703860003
12.4128910458792
7.02660274556710
5.08718417682088
16.5779832939735
19.6844467762128
1.81260418964204
20.3451193734279
6.34670707690630
1.17804503119300
12.4222777303953
74.5650532881739
9.41751774125316
3.46791825576046
-43.5908240913572
15.4687512178669
1.85514262784404
-89.1754112817794
11.4194601286291
9.56167986398675
-60.4715711468261
3.88978712039644
1.10994846910802
0.123933148879130
12.3233144763729
2.61576027078341
36.7878137270996
11.2273878761752
2.96170633352390
68.0063132969576
5.43652355827490
21.6422397996252
-74.2023793764819
1.06712634963298
12.0508766340857
-61.3246788516859
9.81975148223804
3.25302515541290
10.4448769387663
7.13971215529427
8.83303605364335
-82.7627184383271
15.6276070019358
14.6110180401691
-43.8203224482549
12.6096258031929
8.64163225493946
-76.9477548553934
1.24587427083359
22.5403384967438
-3.71868487606355
4.00045721113284
24.3990335146824
-76.4439441300772
14.6785762603831
19.8276274402531
-5.58462764626213
3.64523041474890
15.9882476890614
69.4617566613500
9.80774044511927
20.8869837993747
95.3839309232311
5.82097260292917
23.5505497670180
-78.0146589009719
7.72451956114588
16.0602080454913
17.8897663952012
3.26173655910346
16.1634150027586
51.4249741978131
3.90243219288512
20.8792738083372
30.8239103638663
15.9712643233670
3.57858743226747
-34.8519934928775
10.0660266857370
13.9762054648601
18.4913364083033
15.1550418839907
7.07913761823906
-0.903638755906355
14.9514642543305
21.1638566564044
89.5177381290538
14.9551080304890
3.50434846831023
-44.1677074273220
3.28148946878660
3.86448253019712
27.0762224041782
13.5267147418634
5.74742387095297
-25.9115428691173
0.0585027113523555
11.6545508777602
22.3595305579274
9.57364317820924
12.0078523379273
-39.0656765228807
1.29421716294249
18.1427318774568
41.6249951706489
15.3044809747376
20.5554957124918
-30.1524886683495
1.48207591541546
1.76842228956647
-52.6023392341072
6.85447977605098
14.8774305590054
60.1636894052761
13.3911635388440
22.9295488231703
-68.6917519127069
5.44333591409060
19.5966412652404
-92.9753713331529
12.6127191634406
24.0879677545906
-95.8586557805069
5.81107345062499
24.2660160684852
-13.2203319770594
12.7629984160383
7.64102812541243
-85.0909748745439
11.0908072683392
17.7250938829907
-13.2566485209366
6.53716795892769
14.4082102389181
-60.0789873258675
5.72732304390969
11.8767612633845
12.1186206915390
10.2324298202276
9.93209443890326
71.5526037153796
8.78264776633549
1.95799013663683
33.2084905258527
0.549952982016198
6.53939870800438
50.3142781489655
10.4864226807781
4.33777720862383
67.2687100080476
9.05015350515592
16.3265930660748
81.8048824219249
2.28415322896333
9.64978952743799
-84.6336331436142
15.0665358286494
24.6306698300770
-59.8243128740371
4.39085101201054
5.64739183789309
1.49746482689483
15.0626861313316
11.4104128151237
-93.8771600398865
1.61240737644092
1.09414196793229
88.1075317834705
7.18528116909850
19.9820173205092
-40.6963011941065
14.1627095026480
13.9666610181697
46.0821207674244
2.08629846743665
10.9439054015721
-68.7937136686981
0.480443558071208
5.83907995642325
12.5375518779498
4.98159534718731
1.60270611121108
59.9399598746315
12.3653991709356
14.6821948638981
99.1884884192775
15.8137501457934
22.8556337957973
65.1704929531663
1.18821415344365
15.0376525139061
-21.9287966746139
13.4556212122544
24.9643634095347
-42.9652260121585
15.3501842967926
15.2620310057825
4.17644990983979
8.83812763890490
20.7672753593548
-34.0958140525993
4.77457330220635
5.96126538516001
-38.9159595672330
7.60566841237017
18.6947332543820
-89.0577553398753
13.4483526082977
21.0848865429411
85.0721639730291
7.65305177123311
21.3447219069687
-70.4836027570936
11.1425965309083
24.1737892345772
-33.4398243973398
2.87235455864572
20.0602700914373
35.2868233944631
13.8998533754266
13.0749785273854
75.6474428628564
11.4159014065768
22.4035657822711
-5.68700860512750
0.825004451144181
7.01417514396828
30.3151920731279
12.9686273184925
23.2835225871193
95.8895588578963
8.50429916762406
13.1045780366947
0.587533977457611
13.1254016090061
9.95501295710277
-36.5533686966045
7.08158368718446
14.8500307274990
97.9997880194731
1.35490633088844
18.0455305472679
58.2065437798527
3.28822937133205
23.2061583771906
-70.0314820614243
1.59656613432117
9.51765041678933
-68.8383314405608
11.3562221577090
1.65830474719137
-50.7109480908482
10.5797490290623
23.1283389406331
9.53138842021264
4.53466689293629
14.4678718343393
6.86236463628689
10.2849530170920
22.2517573045040
37.1430705027900
15.3381588117504
24.9676837355483
84.7295146440445
12.4756361155808
20.3236179802215
32.4458504107461
12.9878283464553
8.78439415129953
-48.2099880482161
2.30812281236145
4.88577043385750
-28.6262528084682
6.70596842761078
14.4504308649125
74.6779523315318
5.36448699758027
23.7543729247892
-8.16705871711578
13.5329560087946
3.82743347690573
-93.4247265636905
1.91938721939161
0.172384922901539
78.1346492459600
12.6336651420138
10.2904439220601
-92.3588368477893
11.3461566143724
12.6532046598775
85.5636536433747
10.2009914427868
22.7692836161654
-9.31779264213071
0.793689647727819
16.9415691262513
-32.9575964435791
10.7562375008782
0.588563384988211
-22.5689392040194
4.82615788857491
8.02486531436828
-96.5865152064709
8.09990401351710
21.8426755663886
11.4523466228231
11.9088583198418
6.64420491417081
99.8569129477957
3.85091598335997
6.86841438127035
-96.2861819645560
8.26446496968340
20.4363785023868
-72.9824530121372
12.0035633183709
11.7166360083545
0.0149297502014534
2.21298990717020
7.89528655623602
-46.8178843267218
10.7392338109405
4.15235164899850
5.09084008514973
0.706629365721927
7.32279983203240
-85.2288486406190
5.28447948619835
12.3834193937324
18.8623437147476
9.72541558000023
9.52948998434864
-42.3127251716970
13.6126631083042
18.9705019480648
-59.8719982459916
13.5308253111674
22.8159824763152
55.0564496901349
0.377321625641272
3.03394591734304
-97.4473863575725
7.90719919500031
2.49003934588073
44.3706271989914
7.23790159664558
1.35621367997511
-39.5334129302275
9.29653079554076
23.2034238939962
-96.2958558003247
7.94637359436185
1.70126470492923
-30.0885119048960
4.24746675042261
24.5917627330741
42.5963345525745
8.52066245413241
22.8882995597575
94.4798295341676
8.47013323120533
14.0102071536926
29.6282167800534
14.4685145742809
17.1106522309844
-70.2343180093626
6.37230186230909
12.3548458256953
-14.7419455003545
13.3451324612832
11.3633183932025
55.7944806258205
15.5076395268828
20.1946076072802
-11.8661507880907
12.2995002418681
6.94772975202482
-58.8739898315153
7.98871346314249
22.2606400607664
61.6147415160487
8.02706788901033
8.58016032587932
-57.0160363096738
6.80671379561322
4.17667607011454
82.3205205086753
6.71171761235288
0.0222392650270944
86.0238785129988
14.1490102433815
21.4735492707674
98.1762179434063
4.28533238098978
19.2442728263578
34.8852629048947
11.1137301483455
7.98823637686379
91.1106019499385
8.88154645705101
15.4229864094456
29.3137697438059
3.15544412754120
8.84602774584075
-79.1346071042514
2.19748946923519
11.0562488410593
-81.6412702307295
12.5647254042014
23.9988595871701
16.7807880052843
12.5826533778668
0.631179983445918
66.6352285308778
4.12866428557615
3.58188993428367
-97.6607040066352
10.6164095694515
13.5266952764641
93.1268375708644
15.9349075213541
11.4891206359595
-41.1339732616163
2.19588181733774
21.8664778602592
-31.4586160837474
6.24152135216871
4.37740675052418
29.7653656233522
10.1040485336626
9.47364030460858
63.5851600246803
4.70493280264431
15.9456942352707
83.5599697030747
5.51859493298296
8.57047328837381
-92.7259409003027
11.4593328187177
23.6779759632523
54.5148119397744
15.3359777340069
18.4590144845849
-85.9077229326526
1.61603965236353
20.8890812317007
-97.7788446607266
8.51201806843714
23.1546774438472
-17.2800977571564
10.2291901909414
12.6488784014409
41.0136556910752
13.3892517497531
4.73604417716799
-64.2077466161336
0.109383382269023
10.4768215978527
-5.77880057122744
15.3306275069821
18.3736421431852
-51.3279898326996
3.92483313859384
12.8613743392720
39.6554270909857
15.1322639166505
6.80326595507874
0.450556811031055
9.72902114407239
19.9488260577304
-23.3417433186337
4.63311588276927
0.352800316849111
-70.8805861498830
7.30362043821506
12.6850273780275
49.9010283248603
6.68842588831215
9.48038436254669
-95.8519060550673
13.2145293630172
21.3757713531499
93.3344060879683
0.412074097172326
12.6732203587256
56.4860379331575
10.8516860168068
23.0301821557229
-41.4139020549875
2.53224772810392
0.374293155920594
-97.4547149759002
5.05192552435915
0.319011522348445
15.7848752168640
8.21792122365490
7.16544317763881
-53.7637387436834
3.38952418331130
3.63182745962898
75.8177935742041
2.06255000435572
17.1893463272531
-91.7855559569352
9.37494424367955
15.5245902711165
86.1328727883104
13.3464892349407
16.2365021440033
-73.2854181069509
6.19283877311185
6.21332205093558
11.8592731486748
7.48308116023910
21.7409741692178
-34.3796721215953
6.62704780988774
14.1833458184258
-47.7854785106394
10.3030301266372
21.6557524231754
17.0345028803997
2.65294599492502
22.8407567909310
-85.0141638884721
9.27733212059151
10.7923641595789
95.1454004219110
12.8827709765907
1.77556055979573
-50.5345752714442
4.26836482670520
2.88528870994579
-82.5117857497014
3.50318348030930
20.8646565532097
4.27680992554378
13.6170310014678
2.88927323282292
52.6755337903742
14.4982393898308
7.57323246602775
44.6039987951073
4.56460553860350
6.42648581110771
-79.5003306312650
0.964959225759923
18.6778655302610
-8.41309820428755
1.07873190827655
12.3468529695298
70.6767527333523
8.61058202749650
10.2761290711650
-2.54193392077466
1.27715502391378
3.81524238251556
-83.4969567125379
5.76980606858960
8.76046314660508
-34.0675117339844
5.80186256120215
17.8295253569726
-88.2107667631975
3.48425468999215
1.61471014054894
22.1287977749625
0.696732743040982
23.8693666181811
-94.5663808584624
0.806549521247645
22.4646918992624
-78.9636435996970
5.76572764015404
7.53779041205318
18.6719993044959
5.66066596664902
24.5499765739037
-52.9387396948670
3.43058118164094
17.7200382323268
90.6077652288505
11.5780411074760
1.43927779460973
59.8211204036863
4.00752647486913
8.09938614403933
14.1494527878961
14.4175770220807
16.6366527846876
93.8998022910037
14.9419293381351
21.7333767551633
76.1496580446382
14.4582554672997
16.8031569604630
7.01693519955535
3.49676239115000
0.621358868504673
54.9638381181240
8.74584697902634
21.1203398885589
80.0828794371298
12.7301599729898
3.92551753425946
67.2936600466981
2.69852753217357
10.6238329022145
27.9397761274872
13.8648983205994
16.5944161794161
39.6880713227054
10.7154582968910
16.1892446816456
95.8273021772384
14.3738606498547
13.1042196877728
-64.9926419119438
7.51976086341727
21.5523014773279
16.9775356972140
1.73795136211769
23.8546050966836
27.0811704739720
11.1974370502415
22.4356643775320
-21.4694036024758
4.40349479211042
1.44996006283004
-83.6898555507103
1.52852301321814
24.7202444688048
31.5211515162899
6.66952482690778
12.3565119413401
34.3804948065716
0.450973147752171
6.97943108202557
72.6172146438437
6.22652445059957
10.1316476675278
-49.5857702466920
3.10745008904996
12.5737458920709
60.2378772324124
1.23589036604768
9.41025805346028
32.6000651745743
11.3737356302155
17.1492321875426
-95.9610310339136
7.01993022922939
9.11853131065527
-1.16404158774235
9.46537615386711
18.2130636194147
-93.0822717953615
8.57211628044779
4.49348516723607
71.6870034736604
2.47573930827904
10.0980212551510
-3.59041046412505
4.52983983340526
17.1567147388010
-3.64836310682701
15.5707907020618
9.29467514738024
6.03262987888285
10.0547117034927
0.737415681995607
25.5954988054300
5.32803290645605
20.9716948799190
-1.16571749527437
4.40037693203872
15.5799947837611
-72.3434641693301
2.27485731105262
8.24903704994754
-11.6249324719861
5.19472611005021
3.27561755418776
-1.77378126932193
9.77280142167806
7.68715683535414
47.9521180794679
3.65311861686265
11.5732807694381
9.89790280456639
13.3699846099544
9.95287382104360
-34.6186837418880
11.4920823511428
15.7757085105146
-86.4275813549236
10.6454703376223
18.0989938061924
2.94789892250602
13.4675858834995
5.82190452000491
-54.4706352103665
3.99913802444908
2.13336136684840
-15.4249186913731
1.39590921629034
21.0425229453511
73.7226136595567
14.2952966624342
23.8028018893429
-13.8955815074805
0.431232715957268
13.8027649483603
-26.2181622725309
1.34963381617744
22.4519290718509
80.7839164001645
15.6476097951489
7.08251423150600
95.6412878848138
2.34332456989322
14.9388064631564
69.1449341002427
5.18275317349178
4.59959544678174
37.8136670485831
10.5167442091881
19.3592875458628
65.3277308536679
15.5173616516615
1.40281155573057
-42.8148534871135
13.1506804336853
8.07888880167552
-89.1614302938392
11.1891461278922
4.29488392543476
-57.0193553120012
14.1176052345882
6.63797428669707
36.7561769264729
10.6807559429494
9.94632469363571
8.42769486840420
10.7162269895560
17.7332960406760
57.7310493964542
9.88430652176642
22.1601021097059
41.6756516243422
0.835638188264593
16.0503034472592
14.7965809022332
4.17836185475174
19.3043472777247
-68.0539672911475
11.5436768120239
21.7253839634234
-76.1293994978322
14.8785857720398
21.0742486900925
-85.2850146852592
11.3639634481386
20.1280499381168
8.36419108367730
10.3434578181922
5.99685411803264
85.8453026945062
14.4849378721587
18.1388048646636
-14.7677478980729
2.64216257063296
2.69335326670647
70.1179569607957
15.2337839320296
9.60546172811211
-55.7931051450305
7.74364844093783
16.4680015534986
-68.3820885018624
9.33218295359569
7.63839715457856
-55.5805292405147
11.6316600825246
7.90363461919337
59.6607552981640
2.82577108593675
23.3475713973520
-69.0854896282005
15.6930174383420
15.8620187795026
-53.6361196813697
4.39731697791813
0.455356141566094
-28.5446024320511
15.7100202277000
3.09708583141661
42.8404258179193
5.84556373760684
16.9989045262011
10.1435451490128
7.28290774680941
1.86845110147749
-40.1189099026361
13.0942484481507
18.7218854357531
72.0778980456965
7.27760377802213
13.6502920184284
-60.5599212806222
7.18087969585804
20.9350956728142
-66.1376432903380
12.2381772631309
8.27959329084826
-82.4435303194743
3.37615846233504
23.4398095427108
-35.6982058600313
13.1632024088526
11.5697855539894
94.7866516807589
3.38858262483269
7.20313606040453
80.8257072635231
10.1258744533587
21.5633458593097
-25.5881003832362
15.8442424663871
8.28829426849027
-71.1009355131341
15.7625763601672
1.77195626350959
-48.4322437740776
10.1353327987545
18.2255969734092
-87.3174548367471
3.99539873024731
0.237467259210671
-71.2203932070469
11.8060620786615
11.4062080610731
58.9312133159641
0.00531944059812872
1.61458625154330
95.0698696895634
7.93176184710731
3.86503335619250
-65.3217387734049
3.94591729158236
3.53399131687945
-78.3518005478787
0.741176927683600
18.6522798029453
85.8956694939688
10.4525812686910
17.0403588025910
32.8751297720717
1.88148884275934
0.208545193272263
-71.2671174253674
14.7434840317790
20.4526087198102
57.9042771383133
3.52704276050032
3.40616832116209
25.3799980033256
4.10697362282765
8.42048875674411
20.6797216209331
5.67699701307931
16.8799813386264
-36.0931208680278
2.91822718863758
24.0145345660034
57.2881472429371
7.32695006134533
11.5817943650459
79.7742645929019
4.60264934687667
5.02897780034746
-46.9544770259287
0.824677155509974
20.3646446016751
-13.7111833248025
2.88491646614700
9.76432749551056
12.7748070794756
9.67398493314234
10.6880732211768
-64.3483757865776
9.49971980036096
17.5621346883328
89.8211260196749
13.5364761828698
8.58754725432628
-83.4114165953628
6.77194335878274
17.5096395571478
-45.2570348408358
14.4691201291576
11.3851629889493
-24.6620709076167
7.45498710317667
24.3916888081969
64.1690238716983
1.12351498952708
23.2000012159608
-57.4352492796158
4.32646715337041
21.7456046015442
45.7527591051805
0.263887969462633
14.8092107844229
-14.8506259321103
7.22737261747139
10.3306750403004
30.2078088010444
14.2628450423337
3.82651642526119
-46.3936138696144
14.2402133876320
15.4551720641175
-11.7380089358511
13.4142351624611
6.86629772866021
-89.0577635296263
4.38999151202548
20.6386403902577
-38.9932633965437
2.80739019144925
14.6034154209955
-64.1756123597058
6.00654091201992
14.4669310912257
58.2393609633846
2.57999493428252
22.1118669072894
-24.4659112413534
10.5401513395718
12.0092167781601
-66.7712350644414
1.34479479457637
23.9431617658092
-97.8492517467468
8.77650988757682
4.73286489553813
15.0891886711709
2.82530385331900
7.08105917268637
-49.8216718814783
15.3378830917325
2.66358218182272
-68.9930638455031
12.3015581794043
9.13190948751448
-60.9904238435710
8.42064007063741
16.3088225841058
-78.7415151825225
15.0381821257713
12.7005298008831
40.2495048272440
14.4959708465776
18.6453598711846
91.7594838689622
12.0468359895864
19.6663585010516
53.0748109228229
1.36614624072367
20.3673241776147
-19.6750493580408
15.7991775631204
24.1957447466594
19.6584653328557
11.5360859757605
0.555959723042593
1.41722234637072
9.93809688697815
16.9404147185219
-1.19354166983774
6.53319520342109
13.2697156519681
-79.3806330071855
4.33589840628276
18.2046593545431
-13.8363232580074
3.11446530325592
2.42047664575696
98.2618682365684
6.82360075318418
12.4489821974864
-65.6085439538415
3.62098777409932
10.2754945482352
13.8330888521439
10.0752805192450
6.66332045786437
56.2535665551474
1.95044138651441
20.6808470240131
-48.5836728433656
5.70068479928840
10.4849511328173
71.6763083229425
6.85904106653603
21.5771386355630
32.0760764718659
15.8967236350704
0.727508054161607
33.9308188400296
14.1682695895995
14.9642365776591
43.5740280809494
1.76066737441757
7.02464809527644
47.9699760155280
6.52571385862796
3.98376567843597
80.8698890831441
2.17889060570761
23.2821221130820
28.2490122886245
9.55530737301893
1.90344123503425
3.44241954214639
2.33551244524551
22.2534028740848
75.4645784675520
8.51041255670414
10.8470039561375
31.1041652257152
11.4840168936304
6.07617523342507
78.5170705734985
0.429090157184641
17.0776348757331
-49.9689205317243
4.88245784844124
15.6785817441207
-50.7916912486155
5.34391422170480
7.42137708895608
-10.4802288246445
6.84538013210493
17.5214046659213
-40.9135732884365
5.23316982017757
15.5735818431400
32.0209078746042
14.2393665187931
21.1671069097268
-91.6725087328310
13.2673560665843
17.3546897993083
53.1340222997904
7.55206917862920
23.3661286013758
61.0583306342730
10.2673143285137
19.1491730573116
24.7146112427222
7.73703586364849
18.8715324510526
-58.4472185936006
6.26804435033730
4.03952399375439
-36.0523545463033
2.17097751558167
4.91797243662375
9.54167366998622
4.01373381964162
8.64473154852231
36.5494340046110
6.06237511573161
21.1008191666619
61.2878122687989
4.06215174795091
16.0027127848184
-93.6749276085433
14.8181090471272
16.5503395111734
3.89678566340821
2.18287362025238
2.16209110413243
-88.8925410679024
2.47602555390669
22.6587907870468
-98.9763233534631
12.8361806034972
1.22712879259988
-92.9489448188003
8.19594475792396
7.49981441123877
-99.4924944147788
11.2475662882773
15.1232587797222
36.7276553210995
12.6829499506204
5.27712432642067
-39.0231711894548
10.6932258575341
19.6286897313509
27.5105207471293
2.52283129031378
12.7932142132318
93.6047646725657
12.0757355253860
17.1490299529087
-12.3452760281895
14.4833811782894
4.05558303223197
-33.6521710399788
8.02950996403867
7.10300637751118
-28.9567687154558
2.22423297527930
10.4862125764944
-62.0438868780737
4.81956301196328
15.9923122396893
23.9720369913488
8.89095308468168
6.09706283842480
-20.4877588545981
5.23006394853347
15.6783823934846
46.3781240585344
10.0560780979701
14.6378109289590
-61.6391502896389
2.19714662630308
19.9212722734960
49.5026701952816
12.7004835281751
22.2896735678501
-49.1249915763414
4.47114773838199
18.7525332516600
35.8582303066813
4.26912048985265
19.5429671202578
47.2576462869394
6.20715251397692
17.7504368342560
-69.2915625015524
11.6450875175566
6.28878164841485
-88.6531105864138
5.40911264207391
9.10547524139938
-94.8918117182882
14.3343577690085
23.0781943066832
-6.35891759979177
4.44900948781109
18.7844955346451
64.1962235038391
8.05312038115666
6.24219013496936
-95.0453972281152
15.1158996533963
16.0528453592618
-32.5548267349421
7.52146195454493
12.2590154666527
92.4954321616893
15.2733944767465
15.2301456331150
93.9022087631474
6.81603675983835
7.85526799361072
50.5525209583436
13.2939713583801
18.2035804214901
25.1993111516959
11.9869464102962
7.50750615033692
-87.2736174797935
2.08590401881407
10.2234970545544
-24.2902544301762
4.85040897251199
13.8245120494882
45.8518412508969
12.8182917033624
3.01855818318372
45.9706035488494
2.84643028356829
3.62895605658187
-69.5589656556905
0.701651826384433
21.5345281716500
-89.3619002457522
1.08934336266189
1.52362260339561
-17.6516473985673
4.56950368700603
4.01242753536164
-7.63666104792935
15.6537337329906
19.7614111147798
9.50138238831866
7.40718237758589
13.2156859411517
88.0465877109145
14.2570182406210
13.7878110579543
84.0750404253418
5.38131518688200
14.1198783115297
34.2930402180170
3.38048362298762
12.2051383143855
-99.0716816686224
7.23184301943344
21.2008373755300
-15.0083938869595
15.1532484072179
0.417283353960411
56.8446719392922
13.6308473262175
9.96307862284537
-15.3585582337513
6.38515551281821
1.29805118072541
66.8842306787564
7.30308591086605
11.5531210876238
-44.2916007113308
9.51146863767514
23.8597535739505
97.6103881225487
15.9120060087727
14.1227237171521
-36.5587079473211
13.4047819708841
9.00498667063492
-17.3104390296243
6.64023952561171
2.92755386276309
91.3805691690508
11.1216510442746
2.13767791408005
33.1179782154381
3.65827548217483
4.54365663432445
-33.5509867214529
1.93458051667879
19.9971416913626
-62.1553143201880
15.5750022246174
8.85041254285162
78.1446617073731
5.68958283597627
3.93744350763645
67.0017935682863
5.80634983549992
17.5924341358934
-11.6982430397461
8.11150465256105
2.48298735301569
38.8059443014482
13.3340479395234
18.5552157779654
-0.452596291060181
9.16560434151408
8.70257023750801
24.9201726676370
8.28489978306092
3.56038971430520
-3.41242918785789
13.0060254163518
12.3436087961643
-12.6689512260607
3.49887214032845
18.7757457688352
-82.3937009255188
0.845274565668822
21.9774694181522
35.1796789162088
12.2144467329985
19.5533409230386
-45.2460906868349
6.51598007181550
10.4314135661570
89.5810020108873
9.23671230097856
1.07949996496347
88.8536126127232
1.89138336281663
12.8122683727103
-31.5765956511139
11.8734159991430
10.9070690301871
43.4727224686929
11.1253256244593
10.8926995745449
-14.6439693243625
9.11981958416928
6.10908050830263
-57.3887448325563
3.91173606306506
21.6478663272917
42.2460611039619
14.1472059443120
2.93916215062898
-26.6719397177937
0.954857084657396
19.8266797048078
-50.2752947439099
5.07771335507026
6.17447182617117
23.6707610360701
15.7996659150716
20.0059510507291
80.4666466911494
7.34961514492341
20.5058599608596
-85.6100127908608
4.90271734030766
21.1178365154895
-1.50273178029643
7.90128350067958
15.4687001451569
7.88229415547053
7.13834168459823
9.72030925860674
-70.6131205535079
9.89681563914975
0.699705431264460
-55.0553268241209
13.1942659778074
15.9292964131712
-70.4037114550553
4.09055515118254
2.23405803602377
96.3983672198848
11.7251313448020
14.3430152754439
19.2937024670257
1.30058035802499
15.8206746520448
92.1422746383321
9.79296397194809
18.5871510190897
10.7307951397496
5.05779313725650
20.3484525514450
-32.8484920748898
7.63992830884192
19.0389344588532
12.3701639519744
7.09833060484773
0.212812119542471
-89.9295253699979
8.99611560485512
19.8157542780695
-57.5161851878850
2.67694981234587
22.9954741805616
-46.0701730605614
9.85983396826970
19.5135141504656
63.8344045365171
15.3630143578494
22.7935636810078
-63.6325500227379
3.55656033779320
24.4849644838904
-65.0824937487370
6.63716423556037
17.0095308267987
19.1141170905408
11.3896083548785
16.0332512078894
23.1333159549040
15.0530509639719
21.4504921857295
-90.8753582385938
4.72420109081705
10.0517138860560
49.4431638805533
9.79851632395594
3.15840881110396
29.7259380690846
11.0248805405925
10.4213433488073
5.05383966471027
8.95803956924531
1.81907731449649
13.9746271969600
4.70476672539461
1.81546657186233
-50.6703355573823
8.82870992780820
3.46390983681478
94.3492897241303
4.53690261122786
12.9096545877844
20.5013810832256
13.0691746928331
8.25723884900544
-24.9857978764720
14.6493472642698
19.8884348976884
13.1579909593847
0.822947859865115
11.4640912785321
3.31047552459345
13.6113800285559
14.6126329353494
-14.5233888882763
1.20925304879565
5.78319723654062
-79.8282859303291
11.5406476260310
9.24619162480774
34.6281132204269
13.3222751412948
15.9735279377859
-83.4077477210591
11.0890110385317
21.9082928565007
52.8093226478443
6.56830633534847
13.0879174114082
-31.6721136623455
0.446029941894363
22.5836545350810
-3.89249687179416
11.7743900707826
15.9306948453163
46.6848317641725
1.39127154074919
8.57183961739551
78.9582565873234
0.257319370209574
14.1084132739239
-68.4297227227270
4.81188450986620
13.5706415774409
21.0300222273193
2.46243464016282
8.04516807016178
-28.1170264202655
5.48742983895996
12.7551817009557
78.6372892018428
13.0461384418077
22.0433175092552
86.2373049455897
14.0072402202511
22.1676456604358
-11.9164421857127
12.7244736239425
14.3663159474496
-79.0518365898006
4.08697215928843
16.5415749431438
76.1138084137817
15.8843643307064
0.128503696479889
91.0769683315382
2.05740896945030
22.4779950518054
8.44846464786782
5.83875507449699
19.7198153420991
-62.5125087691033
2.37919696616031
1.93420884072021
-42.5202521151669
4.54446878454701
7.03408146310933
6.36133535776158
5.53972239053065
17.8332025154176
5.49697466445807
6.81636161614057
1.41590451797246
90.9622801393288
13.6232705854955
8.76860566369453
-41.1296705109494
11.7972812351048
12.5742631522255
0.0385503535995202
1.21846653508055
22.4354442381293
-93.1289745506757
4.52307924028787
13.9448264366539
33.9616060485018
11.3403340587354
24.8329852984487
52.6527330016086
4.20280276388726
12.5724202810585
20.8337258910324
13.1481614830502
20.5797663847157
72.6096675634902
10.2846331834438
7.55541950122638
95.2088321073668
7.70403671360300
22.5469527383321
10.2469815625532
7.57069886982837
22.7355251162548
57.2030146665632
13.8859651381412
6.93558433639841
21.4813760575123
8.23296866589169
18.8163412764526
22.7331992114208
2.20191012704067
5.62592950002261
-80.3270640767937
1.01749217541088
14.5838388002569
51.7156376981116
4.85114141584782
10.7800002260461
-49.3452964303271
9.70757258423594
2.90349046649444
25.4497445355806
3.93112755909638
14.4988322096263
75.8683832265863
13.1214318471134
17.3008677180465
-96.4524455408666
1.45799262068449
2.70861378045280
-40.7985692412676
1.61198817521028
23.1816869779591
19.7545561932698
3.49613110611894
13.4678556914750
-48.5737056766012
15.9835539456395
18.2705119949019
58.4833263098778
5.80310686640468
19.1256729541353
-97.7754279983380
5.39752624656133
21.7618624357801
-34.8270394082220
11.2755201428932
9.69971041883872
-42.7526222404747
0.325670964485918
3.97766967359480
-64.6694548252196
15.8724217948439
16.4662492138521
73.1923858551825
11.3383299142974
16.0604773576192
1.43351249127155
11.5932542755415
7.18889244943578
71.2883763821290
5.81208766922555
0.0794215727477674
88.3190612401151
15.3598820539259
20.4505096773539
50.6807223082301
8.46190533475484
13.4199524458909
17.4719496888211
9.68660476770540
12.2687330857612
66.6502094901734
10.1663552463279
13.9602463432668
73.9383649586997
12.0528333984627
9.20302703666055
-26.9702121478406
14.6555614726008
10.1294475441295
0.633457909253443
5.64527815008853
18.0518768777943
-9.59748238724925
3.59216858270398
22.7025567492110
91.8034811530438
13.2808667458969
19.8390406953011
-10.1406594276437
6.89329219260085
7.73471226928209
97.6848816676179
5.75228723473301
3.50488565536899
87.1466025783734
9.04418039019701
10.3181478377050
96.6794192716490
4.46424599602529
10.4754862060608
-92.4454141990519
14.4554900536077
6.77069959604892
-86.7729329531647
1.06434623961796
8.57730172229029
13.0065796545300
7.25841900445704
18.6848703957942
38.8424839507223
5.27782058973908
3.31494856836597
78.0096433405346
11.6272401273427
20.7616816541460
25.8058436642594
15.2504241937105
4.80772298540606
-50.0309342364955
8.01159563580622
12.2032402195134
71.6567047267210
7.39117274742440
5.34754292518555
-94.8574741553747
15.2377695580200
13.8579762708697
65.5191286132964
7.84894364044943
11.6860460461967
23.5916134834565
6.99119555614698
4.93728356386255
18.3662127331910
7.69113700278734
1.46770192103574
-9.99216489216650
12.0166580539661
5.57048730265421
-96.8592997498537
8.75004358531966
5.23590042396399
1.88748421225404
12.8084506358762
2.18933601567957
37.9787988072555
0.620723731243492
4.30118775852085
-79.2903059032393
13.7228653977228
11.4932227773741
-96.3545146348378
8.62864929184679
10.2272381025861
4.84919288666590
5.03204552773888
24.9500079600041
44.8533825314956
5.16865788624441
16.5897745265620
84.6281297366823
1.63022601583435
21.0076714238491
-58.4163317534614
7.75542059061488
19.2363400692681
-73.9121895511286
11.2480662062024
19.7058316715493
-82.7305881983434
1.65356276022355
7.15754527893547
-1.01630042916345
2.30476117701472
23.8011554376959
-25.3726494875200
15.5422523381377
23.3140817634399
-66.2579510679888
1.16176113279336
9.45022093971182
-17.3606719030293
4.66373256557673
3.17535578352297
87.6190295010479
14.3946937804331
16.9219642422325
5.25064417090559
6.32562214992566
7.61812688340913
84.1954520827911
15.4169332254722
2.12327028392796
76.4212326653657
4.37621235812728
5.68124730559118
60.9152938052422
14.6462362900739
24.1885756122147
83.0063888500342
11.9978280062394
10.8622254690764
17.8098007562956
5.13757426534610
19.8774753187961
81.1912967501626
3.96226710969955
1.27570809418046
-78.5924944569512
9.14724788895777
9.32703289249118
5.87778307507378
3.62078683360491
7.69115993187835
-30.2080127795041
12.4010533048726
1.98898612672379
-97.3329856796432
12.6883230535329
22.0909212098493
0.670075655581970
0.442983635651750
5.68810225483992
45.5823401599917
13.4014462163900
6.23547862949033
39.4580253446190
4.50245640060869
8.32734617048703
13.7827864049622
11.0962997012598
17.3319953568011
74.5817393518338
7.14085363957788
8.56986859239708
39.5788184868782
14.2232348099348
21.9604155210630
64.0917884012351
6.72887001297536
18.1745885138675
94.1663715390075
11.9674390244694
16.4053495595366
74.0440471780683
2.05333424657146
2.19250488486887
-14.4623621258772
8.51951124896212
24.7238807850764
-18.7923196330053
11.6329569942049
14.6677439228125
99.2734772139865
13.2742311551554
3.98191745669297
18.1313200915479
8.20741415662252
18.8976178094250
-21.9556148671579
4.53719292357083
2.50909052294242
38.8146675166007
14.1345519802386
13.2754730011025
-20.1451935704280
13.6200955125194
22.7772437347225
-58.0536706576638
11.5251172082143
14.3710893614106
62.7928819132752
9.85270597390029
24.5901071469687
82.1233271514001
6.26433011631465
5.26265478325734
-91.5639775524180
14.2822850820572
14.4923426985660
-54.2705172463279
9.02267952058299