1.12357712919967
58.5753041606043
11.1693997033495
24.3296808121310
65.3795727590272
14.7271007700335
17.7462991563839
-68.1654547297839
8.55725704302090
9.26485470191866
-97.0007980711978
14.2752486732039
12.2513378053798
-8.84825304727466
1.04951677950970
22.9670416676134
78.0468486391935
6.90399189467661
12.9927164455126
-38.4800566399244
5.04246600642660
15.7809270037938
98.3288265982073
8.59593454543779
9.34995474520663
-69.4986765259828
11.3181445407989
17.3663922389650
-59.0032490155225
5.54107287014641
4.04595607194408
86.2128804903806
0.0735494327673685
5.62304995265211
3.41479814181678
1.99194114701197
2.50775001682202
-75.3759932388122
7.51158866513440
9.30185030498301
-26.7004435181132
6.11757438220778
14.6684152875587
-45.9985430727478
2.82753481484610
17.7269502416631
62.2941564869428
13.1885388881060
17.2501012038632
14.3378769743406
13.1714346172824
23.8558111891877
-15.6793377198133
2.48804461277748
1.50697580271389
56.0583277786638
10.7327340297110
11.5148330939921
59.9928569292947
1.48427075174793
1.26294760097541
46.7993277285342
0.344383022231721
5.28399183269699
-36.4444160983520
12.2938652071369
17.0534868080749
-20.8194652118328
15.3148614116199
1.41439949633171
-25.3889490491134
7.03133210930306
6.92471098440950
-17.0062097629913
5.56020886550864
9.92057662078944
-95.6175117260832
1.55206860769867
20.6013496044303
47.0054076509056
9.93662111118569
13.6787462960629
15.1721804472539
6.09548739094432
7.38525250926370
77.6778687793014
1.02312554803668
15.5921206290434
-34.5691054801144
7.99854752941777
0.00443045309976320
26.8858376807346
12.5442094668516
0.470647150211903
8.24598624213715
5.42154571656424
9.34773428316949
48.8426618901057
4.28510143907109
20.9211362820352
-50.4946926825737
0.222456386695143
13.8750422559180
70.2079375239986
1.72003361150792
0.259624034899803
-2.54749753936723
10.4220834080042
19.3683136701821
92.9233717573207
15.7648674389522
21.9021840237274
-21.3577928312950
5.90424251331842
18.9089886914862
-55.5556726554176
15.5957799183113
6.76872577472822
29.1532015715443
2.20785316513374
23.6047659179875
-9.97932102810539
12.1430027282473
0.841177324315542
-63.8045079347573
12.1227912804157
4.45059474582589
-68.3508079483367
7.25118314303589
7.43159176649885
23.9012067141459
4.69120833912576
5.65779209643970
-13.2640415165816
9.77011011344881
4.49249969205400
27.5684615862438
4.92658854723315
10.3816047159070
16.3002246710063
10.0006191229376
2.81843551354066
-92.7187740505682
1.99359360442063
18.7010591472424
51.6196208058228
15.9012694671895
8.35995228578394
14.4978279958190
5.88251494869892
19.5710999216142
-88.5834633773880
9.52759808689920
3.30244115793399
-54.8101695584825
15.4394907596148
12.6317676704168
-98.8179601661100
0.995866186750648
8.99692390824190
22.0387639669794
9.10674104204755
19.7036193643645
40.1688109435523
15.4874868312822
16.8782782403199
-14.6211947318916
11.4893155102035
18.5311684949575
96.0466691771298
11.1860426481672
20.1958313952236
62.4718945455049
15.3482385911505
22.4314698331127
-28.6483651309564
11.2271930202357
9.36573112978480
-90.2172358990834
2.42084269071944
20.5563667882991
75.9720529184320
7.10982372009655
19.3132719858193
21.7861745359556
9.37796256131282
14.5370722101381
-86.6924634042887
4.43656966178452
11.9399598542132
-54.1532469600926
2.17928710335097
17.1927593313739
28.8691799067405
11.2358030870643
23.7953620750049
-26.5531490128617
1.92884895337797
22.8075899718819
10.2680371146668
4.42532931955177
20.1861398444823
49.0317153852226
15.8520171974093
17.8251436346062
13.2535028495907
1.78732445730461
7.35582702335841
85.4051467830676
5.46014350531202
19.7858169542816
-20.1940611184819
10.6595124094695
5.75934318778917
-73.0333536643896
10.5695271980057
22.5742269331276
-74.6983589992261
14.1687113745910
8.49162146075364
22.9003258957782
4.18172495876732
3.53951342311814
-6.43918219786810
12.3691023687970
18.3965303435107
12.1583393696612
13.9451329968071
1.87799645258211
15.1407109120878
7.26272071032970
14.2517710104107
-76.5309873072744
13.1903462638192
15.0919646958177
-17.5830443727742
3.18135467040857
3.79295123564633
-14.5478885174215
13.0878765108112
14.4500014399738
-73.2793472520362
0.0465062488825243
24.7243304527878
-88.1410967003521
10.8557320356805
2.88494177362091
26.8733502317504
13.2138593319008
1.20937997164103
58.3765388533672
11.4028077577029
0.410724739026779
-81.6012984348886
6.22674654327317
7.76635937259612
-15.9495836630388
0.187246370902329
15.1543336293337
-63.4267191551710
3.31351633514308
23.8396011854520
98.7583627135935
2.37070603630444
6.02486812621454
-47.8764411516869
9.69851714720798
14.3465884700249
-13.1757313012848
14.6829999915864
12.3294852505170
62.4791637374734
10.4490993802961
12.2033350801226
-16.9695279481583
4.15171895571619
3.90916757912863
-9.14766296337641
14.0671477415499
5.12432196631288
-23.6595626846039
10.7496474014985
11.7439921026222
53.2577045564360
6.50981067303504
10.0903654962872
-49.1055746749907
9.52298869799077
10.7230739381041
37.2342924012812
5.03621887408245
18.9456855112578
-9.30230925316633
8.78919624899207
10.2998795244293
68.3084963468796
15.1861031141904
14.6313740650804
13.7185983731620
6.96420847259481
19.3478913173006
-51.6278428485645
9.23973534857611
8.46894992894974
-86.0912151470295
10.3402217846118
12.6798628376660
79.4188202582580
6.31781303994825
23.3256480998582
-75.2618458652288
13.8926603245868
2.30792904007007
8.57295957462079
11.5924701631817
13.5690355327409
-92.0164206913504
0.190277151026438
21.7225444354261
15.8733316828225
7.41107806870933
13.5201128020840
30.7707602302085
9.78680942427702
12.2675492021160
-64.5718906589692
1.92692700572235
23.5173263129868
-0.00908124195746485
0.289469520376851
17.6264026816017
-98.8209893648740
1.35186850231334
5.73213223189359
34.0514041997840
9.27816501645976
1.63333646326524
12.5948705888078
12.9817442869042
15.5234905184202
94.7732526777037
13.9596892768708
5.91625506383450
-78.4309669367076
13.4788973104242
12.0513206248425
-88.6904868177035
9.12177196824334
1.09811926748572
24.8294357625004
14.8781318524725
21.8832972408762
-94.9867113291177
7.72851062421246
18.4030157953377
7.71222654958195
13.9363554641498
21.3436713608690
5.70172237288362
11.2571592794963
0.210466076224892
-7.07283532286349
0.232388435540882
18.0831948859128
4.32902434544404
4.18041467820946
17.9461639894874
17.9845496229424
15.4081581969920
23.4773100389280
99.3951351802811
2.48033981547879
9.56583128855793
76.4935652334103
14.0177445843129
15.2179432291638
-68.1605479915933
5.93413526155315
24.4926256345057
-16.6846101938192
4.37741607742448
10.2098848910658
31.2820153410530
10.8518655545665
24.0346529332665
1.32188771343862
14.3313507781391
7.01529379750749
-93.7203077092443
0.187378182804089
4.44892349400051
78.2871158233263
7.19272413069377
4.26946625113463
22.3071581903419
2.80167499804261
6.96234256866634
-21.2131870408381
4.60330212339048
2.54076787319184
-13.3408901163338
5.76658568338218
5.94528893559860
31.8023337406891
12.1527616072608
0.890027081641510
-32.6494936228347
7.56376050306929
22.8619888137691
-36.7939868771177
7.34749914077539
19.5813340018361
-90.5403681372669
4.23532375412767
12.9821439882663
-35.5719398619013
2.68110776811265
23.6392676565194
-46.1255051916698
12.8124590264233
1.45775997823939
16.0480513222568
12.6822669042353
19.0037695614962
-51.9907480658181
3.69214453791771
5.55162561899015
-98.3174511768899
6.80315035131430
4.68546966434481
-74.9867126344352
15.0032015912509
16.2899817208052
-0.480069571025799
11.4491019977837
22.1815278697981
42.0405260238010
1.48711632822619
18.7091578001073
45.8221396322092
14.9314060231425
22.8425741424549
55.6300116595676
6.05362979004577
1.00406327575470
73.3905013530908
3.01430829214353
16.8683931520978
62.8280909546682
9.28138253573429
23.3232014551007
-56.3332408226869
10.0157849273501
23.5233784589861
-49.7353538440028
6.89174046546579
2.90888882817069
-1.30090871644701
12.3169015469538
2.13103906527750
-54.7166219319832
1.84865190193340
1.63763912673918
-48.1918303110177
15.1206245624621
8.86372865582877
-52.4340510133612
1.38558297728070
2.61158914409462
-83.4500769361318
2.79653566159339
6.34743819036178
-77.2610003365152
6.24715202934665
22.7220937886697
82.6085258398600
10.5292053198125
3.50791376121778
-68.6129280961730
8.98720502292698
20.4365262405692
-13.8951806207406
6.70756741409298
16.0903735961462
95.5137597647020
1.29037303079345
7.67283254133976
-37.9723820270636
11.4759149341832
21.7909273406475
-51.1940854788451
14.2973416467714
7.32477900073404
72.0162028864891
12.3448664222160
6.37481529920892
97.1169169126283
9.40090460660627
14.9915091562775
-96.6533038917343
3.67301015550429
15.5511068130440
-69.8448571765099
10.1324645946300
20.2635679410303
-30.2056299395052
1.28971858389928
1.91570113287191
-53.1323053611133
4.03594018717276
2.56496182843669
36.5460195039066
10.1696485507680
23.3963293554626
-66.8356436024828
4.25424964849555
16.0652649990418
-50.7444358058178
15.3788497815627
12.9479274258608
25.2162571138443
11.4189646347871
18.3520169715155
26.9945741101752
5.66093818629151
19.0509889444996
-61.8507986207101
4.47868197608802
12.2608832731279
52.2350752972106
0.172224161103060
0.336291071667125
19.8841973025985
12.6043881749605
20.3920040142590
-89.1111592505783
15.6942076096416
24.1331184263033
-85.6038047928482
1.20220253794189
4.93188441753524
93.9562111504753
7.47534025734779
16.7949000172801
-35.8266990337648
0.614854163944765
4.88687671259472
17.0499968451408
8.06217691214656
23.1982522081720
55.5950035385906
11.1689358282652
22.9628833402844
63.6896880097096
12.6347563466719
7.42415659350569
-44.4610457951165
11.6400369349380
12.9104161898124
41.3897572627400
10.4589390987206
3.29064351498970
9.56972836148879
15.6239137698840
2.66098201784055
-61.7761719217220
4.02320384922854
14.1706006246502
-57.5571636359801
7.29743348690166
15.8174802584399
-61.9699610943903
1.14884871933953
3.89897887323478
-15.9696105749335
14.7200831971403
1.08861752153297
-17.6453704214636
15.9439951411274
22.5779012601593
-37.1211006578623
6.33150701199698
5.82489319407252
-15.6100428614929
0.391966827222999
11.7408289886656
54.1155799376516
13.9616978568276
11.1894094869234
65.6421764498073
5.06016461982740
24.7181175887798
-24.7826530279236
13.7154235519597
5.72057781146543
-72.3031258847679
13.6209829096091
3.44833808633154
-95.0914322250334
11.0269598658694
8.74396206544597
54.1186696386722
14.4792696774506
13.7889924688001
-18.6915930624058
13.9705142641713
22.0486175777043
-15.2255099225366
13.4426394709521
3.18754702873867
-30.1965340698968
12.8305365518407
8.77088732819190
78.6780868086022
8.90622718620833
4.22984969453139
9.09477800564427
12.0390140766362
24.4852632906060
-13.0241159943987
14.6476328978717
23.4253896521925
-20.3894594386594
6.47380426905345
7.77581856692348
-21.2111562349989
1.44233756740931
0.684110802102039
60.0861047587285
14.9776073239100
19.0657680500733
-89.8680095167161
9.35414010660989
1.35016291171271
-72.9987642056719
3.73838976438456
20.3948158328948
-38.1260761661942
5.50443520452261
4.61482839593192
13.4835104739763
8.14244774995112
9.45942029123356
-26.9044501698545
12.4526830144811
11.2271886782000
-53.9833890638024
2.39534226403276
13.2027999691654
41.3907751196455
8.69831035256499
18.4522916338422
-52.0855902050176
6.15622477265481
12.0640198600902
57.3802660309911
2.58016241463072
2.48524016621568
27.9080679679334
14.7277951976945
6.73151533554331
38.8803342707510
2.57169256603055
21.5659287244624
22.5663397640265
6.33754136749194
12.3565684116445
-69.3218167400118
2.38368525050940
19.7048057882385
-46.9475210551471
11.6555827531352
7.14190287860672
-20.6674678117504
15.8165497065524
23.0895659836972
55.1763370515127
0.270830394264712
19.0901225856754
-98.1208041406345
14.4573026666479
13.2673492112580
-7.70876181785654
5.48564635084228
17.0416736925343
8.37472796920979
13.7753767642270
3.40223021132291
17.7700980032008
15.3568248644536
21.1890452764177
-2.80224054163325
8.95947140340417
8.85876671204776
-44.4317378542418
2.13202039026823
18.5018703708867
-18.8470516261914
9.19685360657123
5.80211860279220
72.4811503042170
7.76676829043210
3.76095828398016
-9.58644640988817
0.350931013244916
1.54830700146774
49.8448157628885
7.42010130090479
18.5614309489621
19.8905692160950
8.44878996936599
23.4049941605939
-34.4229250501055
8.23244394467915
10.3141688394713
-23.9610594022538
14.3769390951564
24.4094963828575
97.2970927213298
2.42770663052474
8.45436637532111
58.8691535009906
13.6237526796371
9.01703909063173
-14.0014541285669
3.19264171429658
1.58435182110503
68.7986566746299
5.65314142280039
21.8106793277225
-32.5064352452372
0.681909013190703
15.0740527953572
-82.6023033937442
2.40424994454607
14.1992935684185
36.8077741339550
3.68569409645819
6.88415302114795
-97.5404166008416
12.9181184980505
19.0756997323751
29.2759631461078
7.65645870578441
15.1956350853599
-28.1222882475980
8.00054955375878
12.9988444476934
-35.0905560848723
11.2844608401576
2.34674142601115
-14.8599648244106
1.84979782751863
6.77684165585465
-50.4664957618012
8.58621537981941
1.96745602831044
65.8589021361553
8.32624947811591
0.865129545494748
48.3882603728776
15.3123712665025
5.55692153415824
-46.8819672235359
2.87042545120726
24.1154285890738
4.77533179784482
8.55243672834796
7.31313383432225
38.8268838937311
13.4161284709168
11.5667023936993
-43.3390147745719
10.7301573486605
17.0128265312622
74.2620465154789
8.60880994705779
4.97741817627737
61.5725747931596
3.01849065029883
14.2825663300763
37.1912458426627
2.10803002152382
1.37479980641306
-78.6278284443381
1.91871321877884
16.4286738236501
-13.1045574048778
10.2028549081187
1.29386132662830
29.8832537461770
2.64930096884145
22.9716412596788
-47.9444188886698
10.3645513539864
4.76233743942605
64.7729037979543
1.13453968233319
19.7697961631331
3.41611728977813
15.1555698846925
6.90786088120703
99.8649886659793
6.58079203710265
21.7743528568248
-66.2503082526786
9.96021482986645
3.15757762555287
-69.7092716450081
2.85856098256098
7.23277753008020
-95.4804445391963
9.61082118776138
17.8254924087315
13.8844243197489
9.30564966995097
19.0500528881135
59.4646313670437
0.491696853037016
17.7195416085003
-90.3350696400338
15.6805430561592
17.3430391560360
-45.5873930246220
9.32394460787579
22.4934490077023
-29.7234904773706
10.0408475973189
17.6664827158517
34.7842785076421
4.32911131017561
19.6182037016152
79.3136957698945
5.17432036048658
8.30363846255278
-28.5746332787107
7.61196847778719
4.76319284123473
91.5444957806818
12.3121272813152
11.8716911398819
99.6948840407939
13.5440058331199
20.1051221406535
-2.05176581285877
14.8413318353509
7.83751539050213
4.88264723076808
11.9678072190397
8.02403259911707
39.0995624827662
13.6914300223180
3.65238273707611
33.3673833405179
8.23356172997834
16.6277016612803
20.6297112309396
10.5511427808082
15.8013871430364
-22.0689554746802
3.37606876614678
9.01062889063907
-23.3098350604797
3.76887922001065
10.3305615612750
40.6723717458746
10.2028038187646
8.85839337644151
-22.9886928792934
9.52927566524405
2.50489020859050
74.2444898727807
14.4744251195547
7.73411628739116
-94.2831814454421
14.6678187413541
1.97222170416870
-96.4588649008923
7.32741365062864
0.711157025303569
-34.0573979445071
7.47390091156095
6.27730148653937
35.7916789209706
2.73814619371437
8.94716653343201
93.5653332127298
2.80847968923861
22.1959275935970
59.4610107528028
13.2926934296304
16.6028025571851
16.7273485025014
2.27989047149540
17.3991602455439
43.9576809049166
13.1310633133409
8.62278172551881
91.7477392872601
10.8355520573819
19.1783814580388
-46.8168902613156
4.59529281874347
4.78535328309688
-80.0090065895840
12.2136099343757
2.03876779388813
-64.6539512401243
10.5768023736657
1.10581417577775
-25.4692088222270
0.997722487777034
0.398897357776617
73.2712022483745
15.1649924808103
0.331107145660530
-46.7428088120442
15.4999008256107
9.31945188692631
14.7859147382548
3.82181816267283
19.3731886352841
-78.4790710356190
4.23767945425204
8.47340401532281
-32.3963515707959
9.98458912000273
18.0736887484928
-87.8536574829182
3.76862662408947
6.26240385501207
30.8660502626662
12.2989612633132
14.5463323217260
14.2774350934267
2.26374453034028
23.1688853834611
-2.63971238834295
15.7020271027206
13.7350061066556
-56.5616580876412
7.63970773780483
21.1228008377418
10.2940010355221
7.09475704258080
22.2441836464760
-95.4320827217566
3.90251817151062
22.4502983625644
86.1153294150425
12.1883911733424
13.3678226269300
-86.1160427243732
11.1076777458533
20.3590732142996
53.9849678414841
8.18572834565309
21.4295074283850
96.1746312303759
6.72621282735886
12.9575426361609
49.5860256982344
1.07020372108758
17.3877749258918
-37.4824220117745
14.7369106962990
11.1057138208462
47.3680642762924
5.00558958632581
23.7603901357198
-30.3572572899012
15.9321749489127
8.75615742887391
69.8960215788950
10.1084746602791
24.5772542104772
50.1386483974805
5.17901319635518
14.2616458200560
-16.0974910006957
2.57288121953734
8.97669907037179
-90.5232010814645
12.9133424760147
6.90609194488448
-58.0640812310148
14.1145372803971
7.88069493275963
68.9202352290894
9.44025933211107
22.6148272567828
77.2577538583008
3.03308469197556
20.5690029487909
80.9334842322586
3.80565419958283
21.0888150430699
-25.8482272500023
8.65886301769255
10.7999322820744
-33.4818455698951
14.2477568695537
6.63741198342179
34.5021863940141
9.73538762943943
19.2779517585568
-83.8317333658656
2.74425507620145
15.7144884901651
-15.9810704361014
7.10166660392620
5.26174719745461
67.8221062738902
13.3077752840691
11.5319562824113
-83.5317385894052
13.3622559632541
18.6494843553930
-57.9312099634980
10.9707659880942
18.9194422582762
72.7664666578846
13.7238244270604
13.8667830155039
65.0746207565048
10.0134033757793
20.7037746929517
14.8211533117651
5.86340394151129
4.77176811647830
-89.5539367997237
4.54438213052240
11.7510309761225
-23.2805253262974
14.4466748206783
24.3481002547577
-91.2562493217181
11.5769077023476
13.1434935631387
-19.0613933018650
3.28718796211497
8.27974669007977
-45.6412259379021
3.24593743439623
6.41632138887867
-1.38506742355673
2.28593213049481
24.1211731449359
95.3839504839249
6.41838732421266
17.5562948429228
17.9751646768902
1.31952319157835
16.4693386710982
-85.0320504690463
11.4643223166522
10.6501625990956
-68.9292733332621
10.3081337560125
22.0052744669888
-67.1962516744461
12.0683918885974
15.6462796215790
-68.9442451074075
3.13295195226175
13.4038085273477
78.9375374776231
4.23145387945068
18.0019222885592
-71.7622962661722
1.02756264319942
20.6183320621220
-58.1391961168112
8.65378345482871
6.49271686620870
7.07541536338729
8.50369662386801
4.44862302324157
51.9806001554097
4.63503035074330
20.4054037767851
-22.9853998411489
8.27463523121630
22.2945564143078
22.4487999026272
13.2853112196812
3.80076936570481
-89.4102127279841
13.6886420968186
21.8125901774981
-13.0359383473479
14.8757780319398
6.82232239852704
-47.9419166211569
13.7458859622663
15.3111507068099
0.144665002763755
6.36605270971913
12.7676122601827
97.8974353589049
2.50740503172525
14.5880322595512
-48.4083081106945
15.0873990946527
21.8114154753490
58.9057559421927
15.4686767891791
11.1186012363698
-19.1561295876108
4.30894043711737
8.86029991814973
46.7663618232488
15.2568567799728
6.87720424426031
-32.9022566188046
15.2837109671755
4.66925235587223
-99.7742730847376
12.0479147401240
22.4962154659770
-55.9339396124214
12.5062086700780
16.4644361012656
41.3111107174591
9.16438190951869
10.9081373968581
76.2670962075461
0.249220010989321
1.04769127974963
91.8530995996888
6.95916063582362
4.16285097415548
-96.7191606843694
10.1008538510695
15.5846393007256
60.6218600616834
13.1865171220337
17.9297042550263
-75.6014872176359
3.21000990966916
0.327085331763657
-26.6511725179393
6.59041728972322
17.3606562549321
48.4439813761196
15.3623039580658
22.4430443099352
-75.3952921021050
1.04985824537313
17.8353732907374
-0.896542503231101
6.59876967901009
8.83387713526882
-56.9621538700613
12.4751722107940
4.14539224834159
45.0605129362462
8.81097820256787
21.7519870296869
38.2405939112410
10.9488054450845
3.84730261718014
-1.56480411074864
8.79988919121704
20.4576804273918
-3.19889389348218
13.7480749501078
16.2188101717992
8.98421189296210
5.10170923936447
16.3482048241411
-89.4212854901842
3.38704760946405
8.58155079806732
68.1055241486831
6.41758743456709
4.51196130982482
-30.4592062464686
13.0285439130194
9.54879240312745
-39.1553763787036
10.2293285928523
24.6969281169060
95.5016963816288
6.00252092650139
11.1877180949580
-27.3776177912217
5.45451735158992
18.0150604397504
19.2448085929909
3.60194244861033
19.6008796944137
-13.2765640874828
11.7761427110987
4.67435605110706
38.1686289087754
0.306656892364774
9.95003288849663
7.92137064632128
1.77771095533546
1.03815458865743
18.3042941994576
4.14137015526489
12.6227389826843
58.4182083859221
9.77867285585331
18.5236604310788
43.4264031660109
1.02806884074853
13.0439074293349
-84.9189597841330
1.07371069278496
17.6019433713644
13.2937191986457
7.01226591448562
18.2409794562042
0.336866554233306
15.9465851379454
24.1732490237547
-0.803415114450057
7.13800919403793
18.9429747466889
73.1663479803273
3.02549953225274
13.9497718383377
-95.5573369310440
1.78689452972216
16.1632930744330
97.1166243289505
4.37797157252606
7.77129402708489
-54.8307119190623
0.0978013405526639
11.3715394444592
79.8391584902487
4.03487249386290
5.22651580548093
-6.49801715198237
1.48436835377653
6.22163744570527
13.5365798619200
12.5318474627050
24.0339225288430
67.5581544769563
15.3053426822419
22.9066587494451
2.61392939139502
11.0453514815703
2.06471675391122
-13.9870320488303
1.76497148724006
2.16776990162031
-45.3167081614592
14.2858839358734
16.0348392606290
-53.8111491328986
15.3960975215505
20.1719229400555
5.75106537163266
6.34325484027554
22.4807066167672
-25.3647475601122
13.6565927020364
10.9188724517831
-80.6941455349181
8.99251705997446
19.2447481149801
-11.0448281546999
1.87334713056744
13.7125431447007
82.9212722632817
8.60776207579304
18.0392396045334
-29.7115891775492
13.4051739085991
9.13815616793139
15.6224758402618
8.78541191291712
24.1668506272798
-74.9227354053887
7.11275260646433
12.1062389290213
-75.0875769289061
14.8061909479520
3.89077541414279
-3.41450287591361
15.8070618667873
5.87478727622771
56.4304478513589
7.23376313651502
5.79869968773823
-2.38160717532139
6.70221811053061
17.9079202292760
26.8180359282061
9.52104337887894
16.9387530850792
-39.8940309909843
5.43120649357850
3.05320654198223
95.6830175202900
7.00408901331311
8.07783021770388
94.5242553893792
1.13502240402281
11.7400168221088
-68.0207007953782
2.87461297502073
4.98319640307445
-80.0495524722283
15.5410807758072
17.9850671272914
-40.0855467031243
8.85279476720010
0.531781086390987
42.8374416303346
7.41322869919812
5.94987233217761
82.1208564540429
6.17661650933302
1.30882446905264
93.5304491139615
9.72984617945832
16.6499403802306
-6.31109622941037
7.57548062612811
17.6836017710710
-45.9308561283649
11.1386689072799
1.88436180125693
-87.7341347570964
10.8451341491182
2.02636338929236
9.22762894402949
10.6804136823390
7.63900457797470
12.9405438769938
11.7972623482958
21.0633555315192
-5.94112823194226
2.95553831330984
13.7987311234273
-38.5151406043637
4.76658853171742
14.3256034947747
-69.7181006104246
5.07817405736665
8.97203030484231
-7.46599319590482
13.6497102504452
14.9388166498096
69.6797434406639
13.8194742176919
16.5252906352964
36.3111488723589
6.89129879293525
2.06510139973514
22.7309310849200
15.6082910394619
19.7434829070786
43.1502838765377
12.2646747024746
4.20521971417802
17.4812156515665
5.60123494720024
12.6591046649305
-11.5514532769249
5.48527297201267
12.0529028123530
6.00832040594466
8.34761395256474
22.4808660601603
38.0633051628940
11.2840054905436
17.5799624939823
-61.6496320459729
12.3542329315318
2.96610679016676
37.3549553261063
15.5231881440510
7.72044823171813
59.1170516075742
0.0276624808169164
17.1343739663422
-97.0930485676323
13.2624939303859
12.4513374917696
-4.84634563852346
11.6414378010467
16.4086170319700
97.8420004627891
14.5643889338572
22.6995891917146
-9.80689363327307
7.62628278971458
6.28786602891352
28.9666835959937
10.3236519038272
15.4437301584923
59.3396652637882
5.95376759180624
7.18811573948048
34.2381540777429
6.76840951729795
5.79471903493621
-22.2538154049486
13.0201045455735
8.14540276746582
15.5239593714652
2.25000502254132
13.3497035646541
-98.0454995749734
3.89447498427075
17.2034734204510
-24.5817275386071
15.4433645021781
9.52070746060572
59.3334146606392
4.64346119351267
18.8230072685459
-48.3732887559089
2.86343355125597
23.8834785305815
77.5674261689090
0.284295192389379
20.9391682430247
-45.3888598457219
12.1083989082841
20.3197823243807
-97.3570964027661
4.17324461706204
21.8396200420166
-21.2714267765034
7.79995790195116
16.7575567647570
6.77310567071969
15.3242541295681
2.28587272525541
-66.5676939802774
8.56734103585027
0.712328212085856
4.85694341716509
1.74133787950342
20.0311821620678
38.1490452622252
11.1048051458412
12.3143261611853
40.0952285129098
5.10986573980793
24.0650336158091
33.0432543249140
6.01703894298832
8.37742131854427
16.1455863230206
3.54240856874727
22.4676344133817
90.5847265056873
6.31742777758208
0.812669356108719
-48.3529748318282
14.3771756184734
16.7837422622050
-97.5858341130259
14.7785959312438
11.4314012226414
34.2682310881980
9.22189474170397
15.3123513151892
-12.4493236878138
1.01666561499345
16.1386654574689
-70.9433165571376
3.65435024074620
16.4142729884925
-5.47084273508369
9.53474682484570
2.75738172045959
63.1760677680175
11.5356577518353
23.5167460847217
-58.2860789166594
14.6312543302324
24.9104106828001
-98.1758153396586
7.38402774097092
16.2166586267856
-39.7331574247665
2.65291768338124
10.8089965222613
59.6679497740670
5.51812434235984
0.806237546000595
-55.1251528766106
12.9840728271644
24.8973898738163
65.8691679607243
2.28412648916785
4.54121598673827
-52.7807562285151
12.0078144940420
4.89808347392234
48.9231799774017
12.3838387251665
24.3421304482997
-92.7153378012941
7.02259635936984
15.5440828211405
-57.7268195810170
1.49251707499855
2.77522128603143
-45.1420305034113
6.21285768323367
13.4591532501746
-68.3719777947552
0.569045059917364
9.84531372870493
44.1469807165247
14.9503513021268
17.6901995404973
3.95936350008017
12.0064166153079
8.30002581896342
85.6210993078477
9.36004568818725
3.67067075579900
1.19837409152586
10.2619741346767
21.2978789831408
71.6723288589061
2.95989978294012
14.7301095533511
37.5105965890920
3.06941070599463
20.1981331520076
-56.1053652630747
8.25269686252657
9.27855809600356
39.6936699840909
9.20521599794110
16.1198785087498
4.93959980761729
10.8966939161573
12.4815159261682
42.3771282103807
5.44243517289257
24.7994003315155
-62.4800686983198
5.08066912302904
17.9517291574055
14.5444834702292
14.7836665277143
16.1717797414520
0.219024125357503
5.76081358865802
20.7734059318193
72.1976762590495
4.09089755644299
9.41700268703445
84.4871495949382
11.3564488554879
1.28458208271517
-71.7501636453487
9.94048958014641
0.525633409280887
74.6019559486876
4.57544859154594
16.8463774198866
52.5015214931120
11.8147072441559
7.96163672385304
-58.9793672207809
11.4889985993004
17.5442772854351
-99.7161808600285
0.793528585818560
0.0734094360327369
89.2769682242883
6.95969001955791
23.9246892330701
50.9569460144898
13.7152518479021
1.70972678817673
80.2061582698971
11.4130174946274
17.9632980598523
-96.4405877965787
3.11738998814599
11.3348028836519
5.09897250222078
15.8397788360375
5.81608292029394
66.3657336378521
10.0514257345518
3.06998686013323
30.9729036198176
13.8879628808787
8.69911540336155
85.8609142896073
2.38069125196215
17.3767610863412
-24.2081135975163
11.1198295495846
3.58912378306944
-41.1178790881383
9.42558488036233
19.7551806109391
61.9299214547981
2.46711798967020
18.9033788690686
82.6882393194421
8.57244370998458
12.6394706167212
58.5237368739642
3.09947572267163
22.6699273898309
31.3673827752906
11.8524621849746
8.59061407472559
2.99137504887428
4.65653731527875
19.0959408181031
49.0751325183736
15.3313666355989
15.3585112085974
-89.5748171669791
13.0016431705844
16.9262283429141
-85.0973961724461
3.57463267956414
14.0006575199726
-46.9221535907534
3.26115380013696
6.43200073528224
72.3272733679533
15.0295962989986
23.9873728784119
16.7402766048530
0.814199341007592
23.8316683611307
79.5406799035474
13.0192204076041
5.77523483606666
-25.6613214528484
0.188502716034140
12.7901222732100
-31.0016462576514
1.37165220037974
12.3544137178167
-18.6489011940560
11.4614532564924
13.1204574547055
-5.73048664502389
15.7244668927639
21.4632330034154
89.8100522344738
9.28827939404059
17.0912272295555
87.3515632849107
0.814889724814423
10.6052706016820
-43.9142588865314
10.4223339635559
10.6316430275871
61.7525599520280
5.29926269204591
23.0206365122793
-19.6376038775821
3.13992566609777
1.23837396638416
84.0334722727206
1.72165375932113
21.7725713153847
14.2917058062841
8.55337728032768
8.15630575435070
90.4813781398610
0.0891638816064049
2.58906272811869
-61.2384509375556
1.09283908529504
19.0401301706551
-41.0554679482794
4.43525467113225
5.22093088033614
53.9558603365638
15.7497426078579
18.8048599882535
-64.7289411780500
6.21970503767254
2.48979518640844
-96.2701527217189
9.44603711544323
1.73219075612424
82.6002888217206
9.38592769646432
11.6488266379328
-99.9925438948557
5.34919928157474
22.8406631049060
-9.84743624403186
10.2595338763696
12.6914537595255
-16.4845019532833
2.48823054481203
23.9738853777934
-61.9472278434825
10.5768651025660
8.34726383562374
-52.9164498167598
11.5009246290096
10.8667230008398
19.8464378371102
4.20677887333971
6.25540277136887
17.3116992777254
7.27051024955055
24.4952414871850
-25.2116454229182
13.3367386854098
14.2562427643040
12.3543730178917
8.32282161703693
24.2456896455809
-87.4247423213167
13.3990127070932
10.4580530642967
-96.1162524431733
11.1122502484361
4.60512409505338
-94.0757037316808
3.15283332298257
6.65793398311877
-82.8246530292898
0.742722762044263
23.7023063537278
21.8081330874776
13.3419661532494
1.67891486498375
-53.5018975770422
1.51489409374210
24.5324799588311
55.0228291753346
7.61139845067125
24.0316401723721
17.1843722371629
2.61790020753446
0.342859048240889
-52.7847226744272
5.18458498639955
23.7915381765395
97.2305826939320
1.57055595462432
13.3241107788773
65.8659767880739
15.8399959040931
19.7530773662519
-74.5151537235004
14.3028977420193
23.7427205916122
-28.8993304271110
5.98363823978133
4.90870770807139
-97.9880031522545
0.470004307418787
9.46912127591948
21.1288034122663
5.27695589193902
21.1854896305188
70.1563702201548
6.37334538196895
15.7444702644409
-26.2542451853323
13.9351975150285
8.10461675728468
90.8794565422417
8.10625338156448
17.9915180324722
-24.5355070197960
5.10976720098645
3.80005162386328
-65.0778497018132
11.3105207362957
22.4667464548917
-10.9311213971123
7.10454694529164
20.8866638579893
-68.9475078636023
15.9464168758189
13.3087571465725
-66.0247240065238
3.48036997469893
7.03157175081658
19.2959553843626
5.74855013444583
12.7854131571431
97.2574072577438
15.1006107406662
16.4899595430149
-20.2996474340187
9.83038068533602
6.48060356894880
41.9269149033952
10.6199699222824
14.4363952817911
-42.9506987916066
7.56777241863002
8.16134285085702
9.21272284199421
7.04702820888228
9.65309175127423
-36.7458668865007
6.87207814259072
12.5449716563367
-20.0707082760549
1.70001157753859
0.319502668597741
3.88910616512510
8.63173196430097
11.0359781642676
19.9771227893449
13.9525226643689
0.398655091872485
-76.1931394967692
13.0605414262331
2.55631487827580
96.9435957021610
7.40405098851450
15.2938625488039
21.9509825446562
8.24154836090413
4.46148648063800
46.0122657400445
7.30331471060170
17.8457702501495
61.4427548056241
3.11101083537089
23.5789661246228
-90.7065964547350
13.7703762705780
17.9909678991220
30.9899492238176
0.279047332724177
5.48744987675502
-71.0696540736132
5.47293756285591
2.90398460755614
1.62872830773892
4.22717827857879
6.85337254873042
-84.4597671823461
2.35502752522052
12.9452807166756
12.4267635875054
15.2076490140200
23.6567775743184
-60.0936922940909
5.09960420230609
4.15187057068751
-36.5084829335374
13.4693380472351
24.3436583198926
73.0077438865590
10.5361610673727
5.34339574671169
-67.4952985017112
5.35417944663517
15.1436393041321
56.6280346779582
0.586018078896947
3.67721135973766
46.5014028652746
8.09407135551989
21.1793592819451
-10.7689310030264
9.74817378886674
8.07695037917608
93.5566746504866
10.6458306446002
14.9138822441120
-98.1591716482717
1.39550918435237
10.6437512188818
17.7713851986214
2.74181400348215
11.3384397702447
-22.2187390342907
15.9152987914055
22.2042373595039
89.6203675479631
9.15270002464903
0.319506766873442
-53.9974543632673
15.7246445558075
10.7331598346990
-11.8404732947201
3.77049059043788
23.2737745857648
83.9143738526771
9.57037029020145
9.77489139486053
53.7697379405920
14.7612797848360
17.6271870037723
-9.77284211128337
1.87228213235075
8.85877432177234
87.4651779565321
6.30940940936428
24.6678513327740
-41.6817544626570
12.6661782333147
2.91678247475720
-57.0271135833860
14.4947054983763
7.81388247714385
-4.86612833933284
2.83387328003721
19.2849394360224
34.3288250945826
1.83798589422023
22.8150105182506
93.8428564162406
0.493544336270560
0.105102473662630
35.7464733324756
5.09982129081386
11.7442228634374
78.7654027085714
13.7521159971486
20.0295570230266
13.3331411913638
5.35375749587068
18.1633709840679
-5.61833596438293
7.61174652139562
18.9592295385031
-50.4734818032548
15.1048616314659
9.87469406044949
-45.6303821442616
0.538438861129464
19.8889498627755
10.3084152206774
10.1083572940102
10.3708928211410
-94.0102427934442
13.0071504394688
2.97989710132260
-58.0720996489953
8.14270101667522
16.5315679620824
82.3402961046103
15.5333821482994
14.0569462702845
80.8202782166135
13.8914710808535
10.7390768211215
-5.54774214237781
3.82073715002228
11.6533939806183
-75.1449822716180
5.50758871866585
21.6419281249310
-84.2785023409838
0.743709935220494
23.8871260217220
-5.31231263549377
9.08394438690235
2.10907118667413
-96.5319239378247
9.35646922655613
13.2289655468800
31.6049453298240
0.528834125932276
1.86972254767235
50.4086137218132
13.3894200286935
20.3772015548432
-73.3334457260630
10.5401379327104
0.280986370206241
-72.7652939737584
14.7614651714385
6.73413277293315
54.6754675113126
14.9955816459922
17.8105085624822
-89.4604856054363
0.349603444836401
22.1533016610639
-22.6379964836568
1.42157922620877
18.5831257978263
-52.4277311363242
2.98640203608195
12.3721681475254
91.9017166825484
14.4541247159965
4.88210028878723
-20.1915814386566
13.7592897083564
7.84965711565597
55.9066266921935
8.89885027450158
8.34373485901680
-11.3385634548415
3.88760494388484
4.40569754527913
92.2555522308315
14.0948095477699
24.8280668589611
-7.90797067305464
10.3263686964333
15.9097216932074
-44.9296783712476
4.86368565219617
17.3844390433970
-51.1328949291604
7.50099278491211
2.69050178079568
32.6512022731573
5.35107010533292
13.3983800733098
-39.8216661472150
5.80430868114068
16.1228898324876
-24.1170914120079
12.1270313586798
6.47432230022579
-61.6587024398136
0.564053598817113
20.5227941283986
96.3992992505506
14.3888418955214
12.9714362000673
-90.3168579031772
3.18252403097588
0.438415973939954
-42.5438016474538
15.6261888241131
4.45794718380517
89.5127635846194
1.23021749863506
8.54942376433971
23.8177304493296
3.48877730863232
3.03363801253676
-20.4414632206771
2.24879187110586
16.5177426989267
-62.2632991732668
6.23109926908538
6.44481413523755
-74.9493875018737
11.3931348267148
12.0239014560687
41.3593542584971
0.522345252096544
24.5421078467771
45.1575745007518
10.3962105660668
21.2378029300675
94.8022244833521
7.85753621008619
15.5317890719230
-9.96695302440929
15.4961752899226
8.42620705573604
86.6582814543047
14.9388560182748
11.5089034234789
2.23156842038392
4.74870279065071
8.15241100385135
21.9022864744906
3.17643779367636
6.86155252058549
30.0924935597024
3.50748904443933
12.3576993124553
-67.0420876826156
15.6872813507844
6.84605906005241
25.9350771943102
0.386360449205430
21.3169273188229
76.6405562575866
6.30632502894052
7.15188710610793
87.3255975097377
3.94989660311964
5.03850117342705
-53.8582467785103
0.955674154441919
13.5540392165039
21.9684827815453
4.45957819828971
5.11311030204689
94.3016930119284
1.41646988418980
0.279248229961937
65.1984175197092
0.512622815220725
9.43596440883130
55.1461060103047
14.8470301691786
21.0078071875347
-25.1861016859608
2.20715824074171
17.3420820228896
-98.1913631547806
11.8791286084964
0.0749330004966939
30.1836832583775
10.7489154818657
6.81262119124549
-40.9608371661024
14.8144027414014
9.04001239856144
-52.0151716613038
3.34915122386139
10.5935660593831
89.4405628871167
8.45972998001381
17.7394349518805
76.6601960639785
3.24604592145323
9.51013917763541
39.0072699614758
1.09143198889301
22.4480103433541
-97.6326374127020
13.0914295626550
15.8154036303383
-3.33320406467961
7.21801388629872
23.4563737165062
-22.6470470255429
13.0008909107978
16.4563135172317
-32.7234936133928
7.05332980953769
12.7670476887467
-91.4417817423429
5.32172941750443
22.8162693283796
86.2306002753769
15.2649983818177
8.37499349927074
-1.27084796983981
15.5393220306560
14.4997067477391
-46.4889472347012
6.73534545505560
8.85157981377410
38.8693895402100
15.8987708209270
17.6864978992848
-17.0172146138182
6.10320897658221
17.9909771823965
81.3738901685590
13.8568429015284
18.7178773792191
-50.1817623832219
2.50853157046083
15.1123039154397
-34.9970130157861
5.59530129989293
3.67019328937765
-39.6341783354171
6.61939528376877
8.72018744846305
75.5860694306262
11.4893148778089
0.615881737437423
-21.0506770258313
9.01434797484756
8.09608515883676
-71.4781555126260
5.60129571382501
13.3989167621069
-65.4339980223979
4.65745350519137
1.44523122751243
-83.0969147623482
7.75288178089057
11.1917522538672
-84.2853701547680
13.7764323766599
3.80575000919964
-66.8406235035221
14.2435598375375
17.9650101734448
82.7558746772000
8.53756228957001
17.5822626942033
-54.1156208398247
15.4001683507269
16.1832476695913
51.9217192808199
14.5035484172458
0.914406579443275
-0.577287362151346
5.98372064602303
21.7708124734387
79.7077334081970
2.56364717749538
11.4385877166861
-26.4292962072686
15.3154708521205
19.5247914630449
75.4967001743527
9.52515832998510
19.2222005903137
-83.5256793207408
5.68709977342071
14.2684671798511
65.7344673023425
1.83191885624167
14.0490161123431
-18.0225404594339
15.3094308533241
0.210201259482703
85.9800013207625
0.108324778160100
24.7743293856407
-41.8448174595524
10.3739303681757
8.79276774535372
-37.0831816403721
3.05967076223258
19.0841972597588
94.7049252020583
11.6828655901413
5.70066183087456
-63.1399342588184
6.62261436390905
10.5399459909757
-72.0268553588306
4.45604426848956
13.1767664481004
-61.2381688997421
2.55404835363652
5.44643548277513
-75.5480864437100
5.92903139998150
8.82159792247660
1.39254783161782
1.27895760017012
13.8189084728605
-69.3703871660539
2.34688114424273
15.9634615221076
-67.0744521857423
13.1542131855216
10.9893503967995
-35.5337570992669
7.46393707044144
4.74089795906176
-29.0115818399386
14.6357865621258
9.42035835241727
83.1018288977709
2.80465728334669
10.0536508296362
66.7574012827923
12.5142688392546
6.65208039729297
-84.7010777604211
0.790028636892451
18.3224610789646
68.2803543545682
4.13089286843346
7.71515048385311
-40.8299233868614
11.5501291504624
12.0015868434386
-84.7029855881232
4.69305939803809
2.65382447867636
-41.9247950451121
6.54336123056654
4.38179691253971
23.2021986528930
4.58818161667186
17.2742577589601
-75.2915923580116
2.26324235292352
0.633514615332670
72.2365935202840
15.1942268398031
1.88369132048426
-10.1500443104021
6.74021522603396
14.5268660102041
51.0527856858152
14.4068052437852
9.90359338925261
29.8307612148779
12.4633452166178
10.2193798789440
-57.7470052578452
14.7515141414369
17.8139730706061
-38.0851928010026
8.96489680955593
0.843833216417730
-10.4105631177820
12.4607572306927
4.44555410851443
46.5218240139850
0.891926186911116
22.6836117201996
75.0085474840268
11.8793484672727
14.7420614294902
-77.3853161981517
4.66504239677771
10.8193307677382
59.3951854420063
0.398286655180923
2.94055340209867
-87.2324195504167
0.334407238016837
17.8209620860178
-22.7614129317887
4.47608502556420
14.0973008853724
-35.3432156663963
8.51404149954538
0.433706837785461
45.6449445005140
12.0211495895003
17.7683385067970
-79.5178394831325
2.45892000469496
20.4910008495814
96.1040302637393
15.3059794444587
9.88932734843970
67.0379801212871
2.88363431856929
6.95669451812402
57.4870808678991
6.37987058867716
8.19795292890765
-5.89216890878899
8.66631317044373
19.3721538610293
-96.9738285449208
2.49462228732482
0.702531894521252
-58.7033237882177
14.8255430564254
20.5715508229726
-40.5897174785367
3.10569183868215
13.1080758229067
33.6842382472940
7.99853136869203
21.4659192988198
53.9155592990733
2.90964183152307
17.4426636573827
-17.6082341147621
6.41705542007289
9.74564647218241
-57.9157463403050
10.8537463833442
1.57528104861254
-88.6294442595967
1.00585544519458
18.5549045768129
-33.8727868405138
15.9341819668566
22.7490165912408
73.0765432057562
4.76685463941153
23.7144721679530
22.5070186229664
10.8209644320596
3.45758033629740
45.8976595125986
13.6918304153919
23.2862634395487
-47.0383182397918
3.00771151750593
0.607421228178188
-74.4013135474765
13.7419729611022
0.441767852723812
93.4056195028389
11.1912486913461
9.52506641759526
-22.1734390536950
0.152403345859421
17.7481789697648
-53.4289768132795
15.8880139080008
16.4596650436594
98.1405174126413
4.32881488294126
13.8339091826084
-19.6643744539053
13.1616994022804
19.1523398818601
99.9123463628961
11.1879362673328
4.90759616323858
74.8903921034038
12.9432471247181
12.0407004105167
29.0916215775166
4.45865465682870
4.08712620237468
16.0900144330016
1.35887880626555
22.6100566142707
-75.0664745202504
0.358556864551641
6.91745212669567
85.3089029532355
3.22288789584947
1.59353146933378
-37.6585949107828
5.22694295920679
15.3759426104568
86.7897150004247
6.92185350044327
9.17298973528709
-11.7809387514142
9.52951832015558
21.1140403072563
36.4531229486120
1.05552382074728
19.1371387545176
46.5752651563699
13.3783534465886
21.7661572713521
71.6677198814735
6.34578291179253
14.5708009234844
-55.2028913079956
12.4451422478107
10.5615052969754
84.9349980486942
0.769002064531414
3.05661597616866
95.1538761045466
0.965580105540457
3.12785726586818
-60.0237370208748
1.95916582969643
22.7401752920991
-63.5507483278067
3.15577030731634
2.73708480696989
73.1785735753157
5.11067369097619
4.91526326468409
55.5227255626038
11.6112047078806
12.3199811592027
15.1208675502077
8.83349254550901
24.5015185163502
70.5555542216972
6.96519062006166
6.88280605357361
52.0639014123589
5.01428976162035
19.1138986811970
-80.5266322991135
0.391623417379950
10.4280774133447
-83.6074204481963
14.7055753249606
17.9681888467400
-13.8046578298547
3.12363819326844
21.1219720211791
61.1328381497021
10.6186717368749
21.4190117537321
-55.0609391071995
2.37076335402723
6.98557439185151
28.4447164901391
3.57038360135050
10.3844800532682
-38.6795782925706
3.24754320373172
14.0406081241429
11.3317491669329
12.4405399454968
17.8620053011363
77.0101503567553
5.70317563288598
6.72712572682610
-23.2347141247273
10.4783933061125
2.97042644104417
55.2546170175437
0.749881839084880
23.3065472250308
85.9292592084185
0.705556456518723
13.6653677731117
-29.7253739803280
0.610782515116426
15.5879930212792
9.61268996756897
9.39636584233585
1.02080146842073
12.8965069413057
10.6493174449947
18.9307298599394
-49.6933794664557
15.5131102766015
12.7542750897636
-1.63243133834992
3.20643812797930
14.4141992694765
0.627292795968337
5.33646604787099
19.1898480650497
21.3448991167044
8.82311587170884
23.5251485829051
-35.9459325926056
10.9801566184017
7.81414423776145
-10.5816836774932
13.9039223607825
14.3708592053970
9.75245724365088
1.98421563450795
2.72677468156066
8.39555043435827
2.30102569746196
20.9925542989260
-49.8309168723283
1.31994670920192
1.48604277670272
69.1124162213773
8.73232411216784
2.44854549592992
-2.55705638638679
3.32367454038116
18.4656455408519
61.0959060758906
3.71746242482333
10.3022452956349
-24.0664313801387
9.01133586513412
22.1924455883079
-63.3966813233674
12.4130734418631
3.37004137372570
4.20652745964725
1.97831494494024
7.51527319735991
-64.9115479626801
3.48372691737231
21.7771991777935
-85.1705155235182
13.3339444145032
16.0676878508462
95.3535347431945
5.45428174439266
19.5031763006131
-51.2782702336807
4.33186572599429
13.7492641011522
-50.1103842566504
14.2541245939399
8.91174178339089
66.1030801635204
14.3332895545868
12.5657461057713
70.3554739532545
13.8521464824392
11.0912541367489
-92.9077169686022
8.43732309146216
13.2171112183990
-10.3923775770765
7.38615697841354
16.2610599919192
-81.2563138318699
8.75332151203811
23.2040292352668
98.6349887217161
12.8928427227298
0.0546758334609567
21.9090510068420
4.42560803310940
10.3641474737854
-5.19280848458583
2.10721546291769
18.6825060242497
-63.2051771535549
12.1229990123066
20.1935033661000
-75.2018418920444
1.87186531659828
10.5713135380418
8.02292717057067
12.3107961100999
18.6840696841399
78.4440395636814
14.6271681034889
16.0809150380266
-0.661088468456228
15.5944964131414
23.2153254347010
-26.8196511278024
8.99263145690682
20.7885332190318
-23.0369637529428
4.32246484927638
13.3955706862895
97.6771923380889
9.88533808687260
5.77082192840064
-87.9322484196954
7.45739374558835
6.44378569419364
-7.26543231325962
2.10843069766395
0.816521625609374
-54.9352054784331
6.67695539616187
20.2433352017202
32.9568838462938
11.1013211514912
17.0240577179581
69.1971056819765
14.2855245881775
7.28480002583926
12.7972763026908
0.625949962922368
12.5823137805077
52.0482934726461
15.8845754951818
21.2156128928387
36.7078782922532
15.4612349683215
12.0372571003067
14.8709052923792
11.2442148024643
9.01001682918985
-41.5124346869837
10.5355702544081
13.5152835719457
-59.1850690732533
9.40899556790498
10.2019691554478
-41.8922099880487
15.7963323925606
1.85030317093119
-15.4094241396669
13.1880861275207
18.0035927578955
-71.9161428314963
4.55843760764288
9.80790519755577
0.439168096006104
4.52880708133892
15.6338592780956
8.61020957226104
13.8402762703633
12.1353812817412
-35.5051877397375
7.95674227497483
8.75269910821802
84.6182384698467
6.34261997893863
12.5484859177301
-52.0900682866670
9.49931297496698
9.39785131229587
-39.2694782683392
10.2577146685833
15.1753481387039
55.8294878944634
7.33808701813619
3.53552821543783
-75.5807936089157
7.30379017464719
14.9963120633466
12.7233540575879
14.5948324272977
19.6471145520107
77.6331251721555
8.83685390749359
18.2790586960433
72.0296183628791
9.03612441633215
9.05098623765295
-62.2957632765671
4.69614836092407
22.1245187689641
38.2679394225499
2.31881292858809
15.9593550226113
-71.2300020887447
5.13646155110537
10.9446171466180
16.1408778258172
9.75304425268487
5.54939013027351
0.720614582919410
11.5072587927880
20.7870044511400
-77.9112989885111
14.3034422842800
19.0521316616135
-5.12102788882989
4.91002656550452
0.0621041651568461
29.1197693980869
14.5447766253525
23.5086622363310
-37.9209646726638
8.83447118251556
3.64695792855468
-36.9935983889244
1.91906915808089
21.4402850672727
-71.0045479545788
0.732009628058641
22.2680892476818
61.7676944111318
0.680020351522778
22.8261786340678
-25.3234840335255
0.608505051924457
22.5921182987068
19.8682121245032
4.43299800897204
5.96652943632801
-71.7392574184878
15.2169212581211
23.3915074724252
57.8475904046699
8.14974907279800
23.7084162545669
29.9667272355638
13.1438207557380
24.4307209831798
50.5993545275548
12.6442548421220
24.6866030481445
63.8013180520895
10.3450742713172
20.5163070544756
56.6909747778400
2.51283311683153
5.91464840266967
12.9535111565770
6.53464294245936
9.34635451272307
71.8465021185106
11.2843290670842
22.7561088204600
9.95693438734928
7.14567375728603
0.813206644483152
74.8329952953175
4.02631740940687
5.20051452669235
49.6137049829348
0.714318805445801
7.77732409511278
61.5277853458556
15.3377624056588
19.7797543162239
-5.21201197635504
11.6527774112757
8.21291888381369
99.1425058705707
12.8456995911299
17.2728580772584
-90.3276044686436
7.54479119742607
11.4580570703452
-34.1259705828762
12.6842988000550
23.7744345524384
40.4273471645831
1.53581505306649
19.8570102086187
63.9918046906075
6.67141165145519
5.52290024552334
15.8564857314783
1.34550808655629
21.1865492044954
96.6768813490952
12.3277112855440
21.2600724044948
64.2279830924770
4.14102205710028
20.8343465760183
-18.1596721283339
9.99586648055532
14.5437789125646
51.9473165150355
2.32184361969282
13.2634543902218
0.621092192110284
4.02584105535928
1.75082690670125
-9.85670680972532
9.22049744533626
21.4090080309326
-59.5998245428437
0.134981540305525
24.5402783199355
-94.0585663073350
0.738499192091755
1.63197601207837
-35.8246150949080
14.7866993385716
4.27618046926905
-56.1809821934852
11.3238823461843
17.9218152371442
84.9102865953833
6.59407951035941
14.0654918475541
56.8743686003041
12.8428403907024
18.3292147510198
-24.0633290871841
12.7740369761811
1.00808508344819
-50.2238140799073
13.6502259192238
22.7658935312145
-37.7852143650088
11.9850391258334
11.6392376091723
79.8754028605458
13.8216114362123
2.33357713622217
71.1794761020056
5.23709299378569
24.5510620776766
-19.2576011651538
6.37305134164003
13.8807805669188
21.5328338415087
3.91328553142775
12.2422430065635
-4.43064206344321
7.56546556454317
3.46507275055775
69.7740349498770
12.7538948809152
11.9872339529036
56.6497393963820
2.11988869064315
22.1887351035705
-23.9086910094466
12.6499298262921
18.6605986023793
-34.3143092439130
14.1053777630496
19.6826273635346
62.5960237057176
1.43358409608834
22.9519069907629
-22.5813654272076
1.19463673358517
5.61697333575175
57.8308963490708
7.26367036589755
14.7622085273875
10.9530042265941
8.22320038094541
22.4704723100853
8.52262113472466
13.9365445367229
7.56726581507298
6.10706010440780
4.55212176436228
9.39164048614885
-21.1215628836556
11.9116305518119
14.6857979293015
60.5009818195800
15.5047400382638
23.4705776602062
-59.4972459219116
13.7083750308015
0.0521441650577970
-84.7355067391119
11.1996097973933
22.0282814547082
44.5003888557946
3.64489233421279
18.0942240465939
-82.9495763892399
0.718611014335645
3.97592013076556
31.2752979763876
5.36193283763665
23.2962412920395
-20.2963161164028
14.5356633612959
12.9940128083363
-43.8907624243538
11.4237079142750
7.64510235212763
6.16437893929853
15.5032059023887
22.2209207719196
79.4336826140902
0.289509515588543
19.3962424645189
46.7250856003982
5.28743763944276
15.2862012606682
76.5778953108211
8.12980733265147
19.1594514265039
32.2688016929177
7.83167784619788
9.92990468739679
-17.6109423157743
9.10662964867575
16.6885583065592
-36.9091433573082
15.3088974644266
6.52756084680655
-21.4180988419501
15.0429173276952
14.9513846004209
65.2891865801292
0.208190830059966
9.87348189830012
-20.7996367963126
8.72365176041633
18.3905820833681
-8.80214125446883
3.05819158859299
8.55348107313426
27.1554408771830
7.77718695268701
5.02457885262140
33.9388740775970
0.334616759935241
10.6924398368105
-58.2950637379891
10.7045116316957
7.31579548011356
-50.1379840472780
0.737457077308278
11.0951801159321
36.0348891343323
2.88923461450388
8.41570410937757
32.3805877515964
5.66220494841305
13.1771365698745
19.7108763989839
14.0335119293700
24.4070801069450
-26.6899251104127
3.87898754661075
2.36442982040686
9.64116762340042
14.3575829480076
1.42946374352703
-38.9895856400792
14.0660022102731
8.37585185768801
-43.2599340750445
11.2876765196211
8.35958306015662
60.3873777414417
2.45638972015905
12.3674313331279
77.9820647651671
15.8334081612299
10.9791035407047
32.9137574987964
1.17711872309767
22.0109379696492
21.6344944275723
3.71936199966254
8.47569255903534
-93.2140284503127
15.8277434254978
7.19006169215919
-68.8579272781838
9.67806682192693