12.1587453931597;-36.1602238210845;6.02003160927671
14.0932472520975;11.6511985490625;15.0784197301727
6.90555173798605;3.69776294902195;15.6013582855401
21.5986579417510;92.9511052860211;6.29803564217233
15.0906207708068;-5.43596587388806;1.57688785814815
15.7714412853345;-83.5106742418412;10.3690804270406
3.90818557307619;-43.1079230152733;6.14789160934749
6.85608432895231;-66.0511402205578;11.0226141238879
23.4142905311967;18.5715978856073;5.78362697243360
13.7014639015533;-72.9034196236919;2.36184259290719
24.2915382104134;-28.5512650885821;8.59656747758967
8.15417083217488;3.29910261210813;7.32351557715118
0.719267171487047;93.1762083540399;0.776081525563766
4.11588577945692;-54.6830029542626;6.25605955490249
10.4729937325469;38.4853968008428;13.9507306123876
7.76796057226583;-20.6664144797994;3.05266186789640
7.85853328630736;-10.1424579370392;10.3706307600670
2.00746889361426;-4.96317369025963;11.6722329093304
24.2769844337015;37.0446545388835;11.9787768938898
12.8284695118825;-38.9870046006557;15.3866931833080
4.91913720490773;-27.2393391221914;13.0859891341934
5.81619307512087;-5.47719158061717;5.95459334037551
16.7045569745014;-3.91895142090899;11.1903733692205
16.1559788290529;94.9500971246989;12.7769569651912
24.9745083204009;55.1848809963998;11.8859473739772
15.5319717438354;-67.7748401027128;4.64312991377950
10.1277538674230;96.1492809108379;6.78448108852274
22.9761278040403;-63.3265450746626;12.1015136250657
23.7482182780557;17.6050534762448;11.6906012343065
16.3398083903291;8.53127293047078;9.02251168058052
17.9511491864537;-93.5266351401165;4.24196743786546
19.6258561425783;-94.5990499543506;11.0278540948689
6.61928387897992;53.9847322692022;3.30454234061162
12.9344139459183;-56.1920669675141;13.5206946418583
18.8141180605280;-45.8751776390255;7.86782657123111
21.0205191213147;-47.9025156768275;1.20298003889599
0.865055857114246;-66.5634724466655;7.11323962726253
20.1176527201418;-99.7662618943678;1.45360558153094
0.756341764577462;52.0703340683044;1.89118792096613
13.3091532488014;97.0399097106874;14.0781342227850
7.98285427339046;2.90023239065815;15.7744574639663
7.30526892271110;13.7389226165704;11.0783457343202
14.5281720771083;-82.6469788893982;12.2731030122175
6.07229406490936;-37.4526323900788;8.79617334296402
20.4487778680706;35.7939830872580;12.6010923678340
21.6866729566056;5.47100963190621;1.26768691174502
24.1174727093197;-69.3362037168352;3.36494846141004
18.1163919447378;-7.33715109127546;3.85192304976029
17.8355358657681;-56.3296774555788;15.6702710907640
10.4983626304194;-15.3481826384090;6.91443328639523
20.9404461747156;-40.8676072075213;4.41696712962560
0.239022502617777;-75.7460678148998;8.45581702014480
13.2172384705227;27.8257975361985;2.53761667171763
21.2566017329770;40.1612757142597;5.04248905718815
14.9989470715460;-62.1878420028655;11.1055851919451
15.7805059357090;28.7766679250960;4.20838633005298
8.74103842681130;-11.8388338092613;1.39552682124538
6.06591450787841;-78.7940126740638;6.48870445417038
21.5946895811090;46.4651660191053;1.32708978983273
5.54616865018769;-65.7842662118967;3.18838149742417
17.4623484803977;-60.0112643790708;0.483802976280899
11.5321506439265;47.5248167347484;2.89232611186726
5.77204741328485;43.0889663470210;13.7987121391169
20.9664447185915;-65.4197352942832;13.4951201293015
6.95526803551215;-60.7907251649846;2.37400193117854
13.7361635093986;69.4305625830404;10.0244532149600
16.1695444755117;77.7779321921561;7.04797148336387
1.10397872430617;-48.9231605807286;10.8679214800824
23.3497469348181;76.9440529147972;11.6970867258078
4.16743791946560;-48.4829396977487;13.5059220339763
9.05073068466983;-12.5334411539039;12.9495192620798
6.89608226733449;80.1948512818494;6.63060221315943
16.8112542355812;6.61802366116229;2.15506546670843
0.421647041024192;52.6205028647655;2.12922856710409
1.87874024986610;-73.7639723289941;8.96423145034051
2.41596140835808;86.8994958997182;0.778392371165566
22.0641100392159;0.520328030612394;11.7846261035575
2.07622824538494;49.2663111528200;7.93938375827911
0.551497894456210;-56.9195819364842;5.37067520850582
15.1955159292520;-64.9460048174879;2.86725004186591
16.3281851215724;41.9645068158363;10.2931000181071
1.14642272588511;83.8458952138355;9.36586740238060
4.58108553576538;-89.8813679590025;15.8707900134660
18.3328507995731;48.2393634444555;11.0489730631245
9.00429035457548;62.4284693274613;11.8451269033139
6.74728417141162;-55.4671733022369;14.4340534695888
18.6004356419062;36.4004183792511;4.63759905336237
16.7663401198404;-72.5653718005042;11.0531691259261
7.22313626680495;-58.2320940998568;12.4524761754142
6.65462761736618;-72.7835687951587;6.92534354330028
17.5636453826757;49.0562655844906;9.55168198641395
4.61157181141589;-95.0096094154188;10.8248713762691
12.6620274478550;34.5089929591277;14.1748136992036
17.3882321796858;-20.2832851929574;5.79645443135115
22.2853043137772;-13.9381622136413;4.58503447995525
0.225523976084382;57.3130672445334;5.90676684637108
9.51199508042529;82.3652413970245;8.02900142595229
7.76952514734279;94.4039234097059;9.77048948883872
19.8765244854148;8.54395962894989;11.4615424126160
3.06307962960187;85.2272087409749;0.257558999726655
3.57291107188786;-19.4783542335919;7.48881462697664
22.4616053382339;-73.0535009145848;0.416955602672124
16.9329994077355;-93.1111223145369;4.13997497750616
9.04348802365484;-36.6576881240742;10.2798913265267
19.7544835622926;-4.51048747096532;8.46127792258224
5.85434791507178;-46.7282495486164;2.13607241454471
9.41781563089490;8.64454906179200;13.3367046198891
20.0324883828753;-9.58962456445322;13.0601958375076
0.123743902720582;59.1563278349412;7.15018946441954
6.87133823919017;42.9948630606034;13.5000409057395
22.5857578405578;-60.8763479105985;1.46462925867291
22.4020956814276;39.4052533100261;6.90999742966586
2.40922876658640;-67.0195729887339;13.2999741127612
2.24727478094689;99.8969478788264;0.395890787604552
2.70954521004769;-37.9713129786265;0.0259576102152330
24.2833619970802;-6.11748101765957;5.54197704124967
12.5715968787201;-13.9064549460428;3.25485516069140
23.0646810843758;-33.3424697121619;13.4095510737580
9.05579470590514;-43.7402210572555;3.99909768589825
0.565051849411338;27.5009584173393;11.3946010607543
20.9538836868425;-3.14087238758272;2.65928425606612
21.1259348335876;-10.7434465266908;4.07676583019398
16.3391043893648;-51.9365415841335;0.688782477892374
14.6586870458177;-26.8979357979095;14.9250564511806
19.1661840011275;-67.2071428594034;1.65028213809137
19.5622734497214;90.9637023862469;14.7702152884877
24.4200880784235;61.2291108537307;12.8242434529807
9.45712317308778;-8.64939091251302;11.6436092424394
3.27909051223689;-70.2302342331566;5.58932168422359
2.80447442459605;-35.5904635216410;13.6775580337112
24.5167260979689;-62.9393493679330;8.93114148014042
2.41589919437443;-11.3764754832711;13.4782252020789
15.0569145235090;1.48984606622693;13.4393800105884
20.7035438366229;-51.9817189466634;5.88612499425346
1.40058747697301;52.7441959588019;10.9915123390506
5.01184361667731;88.6058645840900;14.3080876774189
14.9829237830035;-20.5674262928840;13.7723438378860
17.0273725063242;31.4005794844712;11.6115555393825
18.1502097213832;-36.7713378919624;14.4506385491376
9.44767956037391;-86.4195565779663;14.4312825498796
22.1141531278350;-97.0056253501475;10.5667335787571
3.62376493523746;61.7228182711983;13.9210111145870
18.4191125774903;-53.5795823247487;14.9676360791997
13.7141757035227;37.8001007784161;8.18435504124854
8.97015490270324;-71.4255249085592;2.86924529785045
6.67166910120522;61.8426888414565;11.1246635112752
21.8558929675664;-42.5842702225005;12.3590715442039
17.8689277650457;-89.3566354666451;1.73094767788259
6.28677093186433;53.5566072707434;0.347047523963902
11.2723149354005;37.5879394589850;6.61603463564870
0.900290145898921;-2.69627082956312;9.85384667071380
5.04523999106384;79.5516271963694;11.2285505531785
13.7746420539332;-39.5451464816294;15.4577980448699
0.960421600021025;22.8590593315914;11.2618776546295
21.8199381262762;86.1487619946239;6.45552134805760
13.2681054251296;72.1984317264787;15.3281407334925
24.7163302583778;-94.8667685710563;4.43641843221535
12.5181271070429;-46.4053040049650;11.7168398085806
1.28653614000250;45.1712545366749;14.5227270339971
19.2079413683421;-78.8803640300855;13.1340737654205
6.45757930300586;-39.1105341638657;8.08677863638798
5.81449497881391;50.3304841271174;4.66574114324837
2.66362430547972;90.0600613346407;5.78640594878566
10.6632523115507;-49.9486208321195;13.4399683402224
9.28804911942298;-47.3872300589162;3.78162742606286
13.8349007257255;57.0776851879906;9.37809674976905
3.32923542778786;58.8515804011071;12.0987473271961
5.41146959458807;-82.3307843022061;9.94708381680362
22.7974373936602;16.5002131694930;15.5544486191590
19.2650252934415;-23.8391881859813;3.49794558354254
11.0587438038318;59.0174142999384;15.7908934385200
19.4294885981382;70.3061812691936;6.09847274961300
21.5234798535473;36.3636313817020;15.2953510677570
9.43206844498613;56.1104214171382;8.38074628329704
4.60231704329732;-21.3448366331507;12.3762921191484
15.3939527885992;49.3954060451255;3.93928951422072
20.4255147447911;7.06542458799331;7.68465994326900
10.7611977880319;62.9491134053215;14.6731135598519
12.7473750412003;-72.8466284296630;6.81591462953085
18.1287271956587;71.8517973057300;14.9844674591594
3.58755501428067;13.3610476251963;5.12907548417094
12.4856373561846;-83.4665311211236;0.0846566652386205
5.76257465094705;-1.36490491228523;14.7080187008741
4.87209521093316;94.2748456213683;5.44021636421629
10.6669747639953;-92.7066660789935;15.9050318954171
10.0790301678051;67.9580078540877;3.60654092752143
18.6782349928384;58.3123188590921;4.77442223890160
14.4957425706817;-33.7155697405949;13.2554905167336
23.3839526828494;51.5628904865759;15.5081516844568
7.65905904672926;71.8394109103676;7.67889582476196
17.1349999254617;17.3762919852813;14.1521063908607
12.0402261991078;25.0814471154911;2.92912548709873
17.0485270889691;-66.8086961712422;13.8929716080060
6.62457511352501;13.2421093012036;4.01533066739263
13.8767835201955;-73.5542729375475;7.40310635427217
14.7311483630144;73.6631290047672;13.0466991583294
23.8641507723986;-44.4360225057880;11.1702448720277
21.4993256681978;-64.8681259544239;6.96872154150975
11.0639443570975;-15.7599521767311;0.827724276825734
19.2182994700991;9.69341821274923;5.34493382059800
13.7296824013567;72.3662347584724;2.05304916445074
5.37177722786808;-13.0071112313870;0.731454428793757
15.1440086311026;-73.2717977812594;11.1589535591680
3.01532608314546;0.612476412809104;12.3221935931314
15.3461332731423;53.6207384698173;9.75160053957525
0.979415754132129;-11.1287025274440;6.28288487238216
18.1178335369897;85.5954998072224;5.97091296345643
8.34306524329737;-23.0454110616651;1.25956353208903
19.2876635289463;-95.4060543383818;9.99680320761971
23.5897439143709;25.3187644997760;4.23717791572991
18.9538781539161;25.1279788291744;3.31396286609243
11.8740984580525;87.1110979710614;7.19918937432010
16.6939927547137;-85.6223102568063;5.20453443228808
18.5829071748056;-17.0616644496658;15.6273384564542
8.69157516270438;64.3256247964108;10.4852277660212
22.3858850885610;-71.2187498021750;8.11816485212638
0.706745482506394;-12.9692390872305;12.6056842622318
16.9078649141313;-53.1448071176221;1.87980082929839
3.50997860052355;57.6957488293667;12.8454121664693
13.3043413835541;70.7040969483533;2.70053850563610
15.7132090664474;-83.4573119753692;3.36922657265734
1.12764235037333;-7.65483651540237;10.4055533230831
3.83522557014581;-46.8083032948509;2.97605505165051
13.2255227505418;82.0248808813471;12.8108882438508
17.3093382089962;71.5260708829468;7.99545804066987
24.5862616516066;-69.5131273698110;14.7473632820982
1.39549806428449;82.3450864081489;2.25247591139555
24.1989843689139;-89.6523196969870;2.87495138567553
19.1596556738722;32.9223954593798;14.9375298014905
14.9638006850883;9.79718170511001;7.12222534822604
15.2987273265087;-5.87638884544597;5.37268405889944
4.87066454376664;-68.1111189555354;3.39646325858950
9.98268104271067;-8.68792324089442;6.80113246212268
3.17185437891640;-47.3216389179370;1.16627580536018
6.38549614988829;79.2205260392816;12.4749200287106
5.52504815741783;31.3710822561446;10.1333721691544
10.0809810559267;-67.6750860006304;7.48593319520736
12.9537960777398;3.52018032251968;3.23382289267787
22.5541641645157;3.16030286379687;0.739626798968354
8.12829740284161;63.3031244450444;6.91872940337841
10.4066629698334;-41.0119926612816;14.0852774619687
17.6973654719402;-96.8873300723076;5.53899389716374
21.2316023656601;93.6731971636235;8.40892431653072
5.01106270444646;-15.4801392921513;3.94737126586250
21.1953254922534;-98.3024225345589;7.36816693364074
11.5227012228875;93.0335618971609;14.0558967692888
2.15861936918120;78.4251388397344;8.25611704304368
24.1004040863578;88.1573031546951;14.0573904559983
4.99919485068711;-41.2757128555297;2.14986958102904
7.97962036954184;1.65639010986878;11.2558429310163
18.4643843119690;78.6836620540149;3.95265612508030
0.743672931631236;-30.0634768231611;2.89905862388872
16.9819666944729;-67.6295260848509;4.21248330017440
21.2936140145373;-9.24379511124909;15.2498625460075
4.80849427324441;-47.2768038810491;15.2838657977702
0.971523556261678;94.4897105666937;15.3987035070831
4.74070303688227;-33.9174391869371;5.29673616144714
12.7496548107284;90.4183433628433;0.804398312757568
17.8610722348774;32.3358545689461;12.6272699019495
14.4684098121943;82.1280370700545;1.63205854760721
8.64129500888526;-74.6899095560691;1.87216285949930
4.04841851117286;-37.0185130712374;14.3373880116585
16.9684217928345;47.0064724843527;5.48254792381482
21.9458208349495;78.2781495505683;7.05056408537422
6.33231004813470;20.2565077125717;0.262755038343368
15.9292605983978;-66.9632274378342;12.5491811789281
13.9044167755827;-20.9260126079068;10.5292427927101
1.96325789988634;71.7456027621913;0.221898143028632
14.5643871298122;71.0510065944874;7.02832850086168
14.1229534695287;30.5494854685251;2.16617304963193
22.9111059380675;-7.39919878885194;2.78620773474342
3.21480031510327;-86.8865817953500;7.65003810174351
10.8413679285834;29.8586726902878;14.3646476955931
13.1897273665153;12.7486191864346;10.9843143992328
17.1866643028836;-70.1364382113872;1.46710143485458
15.3462863847116;89.5398641940052;9.58529448383550
17.0418913601410;45.3715970178882;5.22919965843695
20.6427353152177;-32.6428587906268;11.4424690356706
12.6992828611477;-75.8622192299769;8.38378054887517
3.73307280597679;-32.5652365855926;9.18903862687443
22.5970932273610;-59.8181925194428;8.65692595458699
23.9601115818614;-13.0107931889484;5.03116200551705
12.8211542327928;-67.6992910537220;15.9250574228798
17.0659375999552;-41.4874674325242;1.90796505855060
21.7396385324720;-17.0691909746034;1.71203171907828
6.39875882587787;81.5794415243855;12.4408015323708
18.7689126831828;76.3014109943760;4.99868559710755
24.1922012119947;58.9974305376376;15.3416212299756
17.3099977173447;-61.9354916738569;3.83610982909241
19.6954442032169;36.9866569557650;9.09932495499081
17.5706487764198;-62.8414391914910;0.00269462212867388
22.8070308188888;80.2518711101838;13.3015886766093
6.16926070442976;-74.4684767323427;3.04044998952648
10.2938804583312;3.04247302826037;3.09019302422298
10.5486200853787;28.7427628633555;2.37720976602162
4.40212745307583;55.7150675040129;0.842802626953134
2.89249313366181;51.7582748277409;4.39714587169560
21.0305603176088;-94.0392497951193;15.9128857674626
17.7406458674432;-70.1772091153128;4.93218051447534
2.47564831004652;-91.5455931171741;7.82477261360114
12.1990297944866;98.5555970636506;3.25542542095161
24.9335710845229;-67.0569426740858;9.23301256012383
4.95601809782646;-93.6217875658367;12.5163245113520
14.5767467319548;9.65224570268466;9.93971805779013
10.1544881721112;-36.0435167418744;14.5534645715025
5.88574068978265;75.3449420784101;15.8355473670373
10.2196866921839;-60.9749155065817;13.4000791169660
24.2785258077073;-41.6473981560964;1.86231777771639
20.2078273246626;22.1619530152783;7.61697044770976
16.3072770879744;-68.2782579495325;13.7972226734809
5.48241788530311;11.8118937092695;8.08551121743786
9.72817641958318;-33.2641022081015;11.3653098335167
13.7263210317604;-70.8902554976103;15.2198370908971
15.0252591061003;36.6417916864172;6.21843936094691
10.8860968665574;-54.7981292525696;2.76010933420253
20.7869025468499;42.2662513494506;7.73006572800733
13.4079217155406;-22.6035472837245;9.16941426079930
7.29834597391423;-39.4388578639529;4.60063481858744
5.63883055293753;-54.9338502812653;15.4093280459787
12.6008625770562;-25.9770290239980;9.86977634751994
24.2897783046446;-9.01587662927590;11.3054626181656
11.5232922521744;56.2016665786904;8.36298126950007
4.55853057988981;-94.0012554461037;10.0611162197051
7.54966902304887;66.3724862077190;3.83689265296208
24.4522442988478;51.6822790741505;12.3483727016312
19.0571196917768;-65.8046016878051;2.06894232949680
10.8157756567327;-18.0990635905781;10.2505694615737
3.84384130820508;83.2079014504063;15.9607880807036
8.50126866230204;35.3511731927723;10.4967182411147
9.17397561611956;-93.3920564917113;6.76784114713795
3.24372110641929;-86.3444581677821;11.5194564911132
5.13045328292439;8.51725963535079;14.8928403560567
13.0779458694760;23.5715999853087;15.0100109160421
18.0207693563580;-20.3210773445650;3.31360271040380
11.7472992193062;-6.57473979234295;6.82138661577958
23.7050318190706;-8.60351573773042;8.22647553871389
2.45757637558506;82.8028943813894;8.71794449494406
21.9036772824936;-66.6863300795142;9.03848929477218
4.82330429508726;48.3512976384464;1.50024289216704
7.37804930190078;13.9987579288839;11.8031930144391
19.3321779713156;-37.4583972727818;10.9928762710417
1.47437436561320;-86.0923123611620;12.7961082916025
1.86120047861828;77.2118895070409;12.4772077887518
7.93447933094843;54.7767471913762;8.74607841840920
6.33937100620235;68.9491110827137;7.64494096450993
0.977221800169364;-39.4523807616211;6.09671215264771
20.0806082015706;-59.6462364077199;11.9102464768290
2.99698244886432;-82.8984361918996;0.399519595460289
20.5940745888555;17.1126024126744;4.18540055916200
17.2097237077807;-33.1020083898745;12.3947494924436
9.89597706957206;32.2402475035359;4.20667345875879
15.4055581609532;-77.4562912411910;0.676579647631463
18.3468465737492;-56.1843940046582;5.93237445603172
17.8111936364759;19.4615633795067;8.68430771074955
4.59267285531736;-28.9033893578847;13.3761697757485
2.48106196555128;-11.1861707075108;14.5294468696363
20.1581835196433;99.7165495928185;9.60118838005820
13.3786743589263;-69.1563207245367;1.13634064444134
3.48761579359329;97.4309946606148;0.300328696102865
6.46076340885926;8.21969946876047;6.75725078629233
20.9203636380409;-96.5426674500080;13.8637246757530
3.71949486091055;64.1739746445964;10.4381950021655
4.91115995616332;-89.6068485798635;12.6840706520726
14.3756824051761;55.1303258336767;10.3437557927268
19.6033892115103;-36.7196038574179;11.1327582422676
15.0782318159693;35.5298042251809;1.29946878921947
3.84615977397741;-83.8193757598904;11.7792932987165
6.99213912996775;2.66326435571520;6.36932658018578
6.46944950222801;22.6330889109095;9.34696034886614
22.3242993158335;-3.43392927747639;0.952907179105832
0.0378871270867833;48.3980372152975;13.2368685922596
9.33335848134483;40.6284267105363;15.7335789471578
2.91232427328324;-62.9215135865588;1.95419060999000
1.00508066174000;-1.03990530432589;8.80864560365629
6.15608395126856;-86.4930209222808;15.3033533950460
5.46301152300200;-45.7481309488496;2.58854538756239
6.59374727603638;99.2115987024402;4.26343231421844
24.4274038093160;93.3545469199797;3.98750388376655
10.1025586755896;-96.0239514946255;5.22834097087077
15.2236884592882;10.8658027212950;4.81799736876852
9.56963177167147;87.0366929123069;15.3835787750838
1.88916844139159;30.2249190869161;6.01853293673505
14.5035916995850;53.2650829454126;11.7486887480682
15.9564320811621;-83.0190488569044;1.07563746506375
23.9098746932760;60.1313683512198;13.4881211617781
19.3618229348123;-23.6442905790173;12.6636186689134
17.8981543385910;-89.4199182881868;5.45558229435150
22.5909593124520;58.6049230437999;9.63374149301779
14.3919245392374;-70.6836166549816;15.5394640561527
10.3720806932663;40.9806738700862;14.4295410455888
13.8573556620124;89.3360634413111;3.98792448689653
5.11501352142780;19.0089557546121;3.56388225438510
19.0650216790284;7.47436387834934;12.2408141272591
9.18039118473617;65.9610617454678;15.7741669597572
13.6572194989989;76.8693868920253;8.11802779841768
2.81488767776769;-27.3846527703624;9.32091296316355
11.9059421370321;-82.6792577858441;13.6120479529067
3.85125746647604;-90.1037644378573;8.30775181107275
22.3103130844641;-7.49621857168092;0.610880086172623
12.7529187931800;-93.7637541741610;14.3954261225682
20.2119448428889;78.9119679434660;8.86973104298399
23.6023242185038;-4.14553683411925;0.334574740022882
13.9263297734568;-13.9259298561931;14.9229128771259
19.9633695846751;50.9262337463824;11.0044670193754
22.2424261275565;3.71557256443511;9.74489343951915
10.2808989038260;75.4411249127545;3.42616233200162
2.52880138022421;-97.1329596580748;1.17376686254706
8.66643195371791;67.5815857678489;14.9796560013446
18.4957538543760;-99.4445473979289;12.2618566482659
10.6592955413773;-54.2796137714894;2.66377166868926
19.8316689079360;-88.4550676424128;2.73686930194339
0.247516399489786;-44.1410565340409;7.14719057420349
0.749705639553488;61.7635901504723;5.89762871376577
14.5125183735654;55.2870342376742;5.18777172628031
9.23021428110089;-12.4398040938807;13.8053978642084
20.8554451643498;-20.0176704489431;8.63312406441574
12.4211481566070;-51.1210702722505;1.18362468768950
24.3811482236930;-67.0113345631187;7.94810205136897
10.0284205834470;3.51421454571939;5.06517835782595
13.5963240082213;-66.6788889195997;3.30966770481560
17.6772921696688;-72.0735560237008;10.8982467254138
14.7154687663796;-9.89592719087418;10.4003795975632
12.7818165643950;-17.0878517204204;0.102664274500121
23.5918829185557;-40.1646381181122;14.1134405341582
16.1182701580770;1.01252878643934;2.74605624543362
5.35235425983166;-98.5132027373918;15.2978440339767
20.6202759820493;-41.5616117482009;1.11121157688340
9.08073779626102;-92.3725579443863;10.1172013976709
19.5591075037733;24.5186203542174;9.23576453451388
5.07061017262570;-85.6223240388124;0.0670501041745464
0.930867670247615;-69.1626407342706;7.33853504753106
8.79828472050608;-73.9509071647704;11.1812460834986
24.0593147435602;-18.8213128495143;2.07797186941158
5.61345280226000;11.6625983639549;8.82266624085323
4.33790565581188;51.7898987254778;0.177113967915430
16.7748311486099;-92.1329389356426;9.98494460202842
0.312948262515917;39.3786315057655;1.66711228544637
18.8694850509805;47.1056680253537;12.0578716063063
4.55315183625343;-40.1635104577150;14.7105200417792
18.8145272616590;84.4614972197464;10.2338327059556
17.2630857260484;17.9876215685231;2.36900509165478
5.86065254169630;-77.4235091951901;12.4409425539995
14.5985949433559;-22.6496620142238;13.9651875745524
6.55879101970664;-3.82118617225957;2.28701540969892
11.4402462851095;90.8036992882128;7.02961863267220
15.5216719831842;-66.8384561525718;9.04861972387878
15.0289512130908;-5.86976454108090;5.48957089305496
7.67201572504610;-52.6982926893110;11.6624359961047
15.4662756614156;-65.4132031542325;11.8625249104131
12.5235445008714;20.8402742821751;7.42441969750311
13.7943185686727;24.4526789005669;3.16107566739162
12.8729347061141;42.5762084135070;9.69544085616886
15.1883184448381;91.5410720080528;9.12476820460956
1.38749101631552;22.1590651311739;9.34824018278883
7.51770723466146;-55.1913405874190;0.518214040271266
20.5644428036260;-45.8016735636212;2.90637406100239
9.79120781656339;-11.1347254034129;9.05122120998894
7.61512755550907;-90.5516271500171;2.39296169129175
11.8353367597928;-69.1357927006568;11.8668932727416
10.4840558118404;-85.9350027588404;8.05393441026272
9.02249036773336;84.0615619711232;2.17530037689252
6.45580667545223;-71.4385839427220;3.28923739664246
5.79437031843471;-27.6978903100134;14.8208858277940
2.23214121500409;78.9477548715685;0.753977544608034
4.98632910681167;32.0510225520437;5.92533315688992
0.742708553703400;25.2487133061794;0.446285760715256
1.29915719074434;91.4896089519969;8.76937610299086
20.6039011196932;13.9155909671998;14.2621742675619
21.6397404787024;-42.7542481038511;14.6524579048745
11.4197533800963;-69.8604290729357;2.33062041642284
5.49315019487917;94.7687313068972;10.0783105163988
1.85048679749596;30.2547784544759;14.2314080226332
10.7775503965572;9.03165080044668;4.99377694764329
18.3712006701774;16.0807802050630;6.49141128409212
0.425443205909854;80.5723997280997;1.90913289666880
13.5130734975099;-60.5062431956654;1.03739756762703
0.521778973625731;-62.9475909933070;11.6395093793333
4.47720798334975;-31.9212334105321;10.8013200503188
0.321746060127445;-12.7881029361647;7.58180598350052
10.8597259181148;74.3184452082005;15.7044624472926
1.60271989138985;-92.9533213758743;4.22923506074573
17.6988626457721;99.4947181054244;9.75196080254439
15.0717414504848;-18.3521902189198;3.80656809761509
20.0654086253065;62.3160741111719;8.92842722810122
8.02107440948774;89.8086975650353;4.79392040692365
23.0600078291551;-92.6099931777349;2.00130840742035
5.53863009948411;-19.5597628752300;5.80054211177399
4.12256892298296;-79.4218868428582;9.35096307327658
9.78464234034137;59.4336832212277;9.53076913662118
11.5833305623167;-95.8603496611381;3.69245565672586
12.7887063508961;33.3920654390061;14.5518971300746
23.6712547066616;-3.50042286882688;10.3695349738397
23.9734036958116;17.9596828132018;0.850081636672234
11.6265735329473;-55.6524270645564;15.4347883360393
12.6268394341879;66.3561334227429;15.3347028718038
20.9282390626840;-3.70573790918851;13.4983610800782
4.66206529728303;10.6388884252480;1.71212544170551
6.49834760130363;-28.5465007873555;9.22470291616261
14.8652911605137;-38.9762731514286;12.2194542545298
11.8428583655255;-55.4115085393951;11.9352076882462
20.7676253778433;18.8313165648254;5.44187623981992
1.38564222298975;38.9843603485438;6.85994382537575
9.61735263303528;44.7993596449405;4.61355092485106
2.64987839460186;-34.5784919596015;8.00960803883918
23.7215303588982;49.6346897096734;11.1017391247380
19.0730772972313;-88.0566362305628;2.16339154017095
13.1331760623062;4.05456958594919;10.1185950344877
18.7543337980345;-80.5363540012353;10.8206334375976
11.5248891446772;-65.0870611466566;5.82820176276661
0.205364886888686;35.2571821689690;9.88502271622577
14.2044386436360;70.7641306957052;8.07675445033573
10.1294540244594;44.5424354440811;10.9302156980331
2.40879405438735;-81.0913133944065;6.84931526081136
13.7453920330012;88.2736335560346;8.44033815710844
8.89036900240992;-4.55038001744450;6.08565533365232
7.32517777059772;81.2552523437664;0.823826490435181
9.47264453709659;-37.0568333925394;15.9086589059547
14.0631350489666;54.6661066652164;9.98942749290977
18.7082806331439;68.8181511956474;5.55368290381062
15.8317012258365;79.3678107220677;12.7370819920128
20.1741213968276;-59.5504272495046;7.97470182376429
10.6137573426954;22.6009850125889;5.11675665836518
9.52675002173460;48.9263414011413;13.5315232911409
13.3795726827017;50.6101532417319;12.1455316110525
21.9640444842746;1.35030361663882;10.8920169690588
1.24837240670150;61.5560553379422;6.29698842021840
8.79368930219807;82.9095339954536;9.26886074084024
9.97061041397711;-59.1781679055970;13.9236825289703
8.96618096264408;77.7111280772406;4.94206902675266
10.2920965846494;94.2997627082683;9.60954012323739
15.2439621750408;2.06945315535678;14.1455553986477
19.3001386055452;50.5677535781443;15.2697023281240
9.75709491097424;20.8078706076617;14.2945741339969
12.7361922224492;48.6196039884648;4.65949280474566
0.947223870057416;-88.2470111615196;8.42848296507258
14.5950485520968;38.8158434368011;4.24252482045284
5.57351001479277;71.7329028955476;13.4454645500670
7.59849019211024;69.0478959974908;9.58514141185769
24.9080526805783;61.7962011267275;13.5952657968028
23.2459555700251;-86.7215914124527;6.15659559375030
6.69785341536625;42.2137143663486;10.2734700573208
3.71381913242919;-34.2211547412107;6.96922085208667
3.70512561839247;-5.50002288360998;2.26002626067287
3.33515371650140;-57.7443587097634;9.02595030067720
2.21195809817187;-70.6866784053182;11.5928578026122
18.0285995379337;-15.3901462781239;3.67378465361239
21.5319076518830;52.6341419628372;0.708628738841945
14.0975929206093;83.9279244778555;4.00919809419659
10.6975355956218;-42.2344237777204;0.734267329148150
19.9661718515598;-36.8168282655070;10.7965733933676
17.0053191747991;41.4171296809831;13.8031866013614
5.32894647200027;16.5180099465359;0.563842309674042
9.10331125372234;-81.7800164701525;12.6694152939890
20.8247488378307;-0.0707955075243349;15.4874502753141
22.6918460901432;42.8388616555884;13.6585601142423
16.8361731474838;-9.06542276397027;15.4451797001756
24.6955233682221;43.7931178026647;4.24214155593631
11.6881843898541;82.8221381107083;4.52365224372689
16.3693143902917;21.0966858846640;9.24319144675545
20.3387365730317;-86.0015868180890;10.9965566580938
14.7050100334313;-10.7124361219025;8.32593395643964
1.39930394631105;-18.2282841781728;5.47061262448835
1.42018136820472;11.8920200324798;4.57943583497027
24.4221751540523;53.7114365298497;12.5462939033226
20.1029998918574;2.32707263823244;15.6456506548286
15.4908163925504;0.737003920602875;5.68877742550308
6.67309826929588;78.6604034859395;2.18806286057527
0.155977306593998;-48.8020532626595;11.5042409795963
2.58624628408876;70.2337194888849;3.68074758859668
2.75446093820767;15.7449254663896;0.669123086722935
15.2188429186445;19.4720675435217;12.7965250539337
4.44156223209407;7.84295249042153;13.1995499504884
13.5706358319920;72.5775374636000;7.40399757283278
14.3442915415451;-32.4675679865026;8.84414621785662
5.82687595683697;-89.0472219449796;4.58256777124527
6.32838317514512;-43.8579880862277;8.70306076831354
4.07684429898433;-20.4449873359300;13.9924726895809
5.27559819364063;93.0616979173611;7.38875431836694
12.8275147962735;-74.9428452752468;13.7640581885225
11.5101410139942;45.9240857377926;0.943474983692054
0.351472246693128;95.6532996151370;11.1433097370830
15.9493737697695;22.1091379920314;9.44434304747480
3.76401065695934;-58.5520768602269;13.3103684090938
1.41245653558621;-11.2532417602733;12.6462343351241
0.129484688737938;-89.4814046289588;3.70553882707586
0.301189084830597;24.3558310132480;10.5411646130674
6.74985317492351;40.9206741630560;11.1149133022481
17.9707138253564;94.7384184347306;1.57148129810580
19.2508914409495;51.2598652623688;3.29610730702131
0.389959110864355;51.1262288728803;6.35097408362412
11.5639639877288;46.7289401282998;14.2082064380970
19.5794859192128;48.6597972326520;12.2854766444985
8.42028336199522;-77.4385112777473;11.2151070826927
19.2756566978898;-75.6102983967961;6.49397457181228
10.4593415308141;-32.2677729480768;1.22289387480867
21.8222116032354;16.1901603036722;2.96175993065803
20.0069405535331;23.3893562697683;9.59470839644738
15.6387649450103;-71.6121742013146;8.98551099883065
15.4991135147394;-6.11625751589839;4.29747226881954
12.0831143241088;-27.6151648529763;3.73172478096232
9.89052481838589;91.6367371529494;11.1498774242493
12.4471216041060;-76.3618907237844;9.96620164079289
24.5163656739321;0.00802508678554581;1.32561529754511
1.67783478408021;-67.6137855426614;11.5707129980596
3.17101055604138;-7.07281831425488;9.73685681684042
18.9702680789635;94.4300791816161;9.18427576973698
20.4264594490002;94.9670193284915;12.3843731440781
5.05399649413705;-23.4244323040617;5.41689818364351
24.5501191257848;39.7896115630788;0.0704171241348313
18.0179686404006;-41.5889361993527;14.3202294024730
0.000892642687155387;-61.2548449382830;14.5943851718584
0.952609607339468;-48.8104606923928;6.66385423120970
22.1209155815155;31.3972110419637;12.9133630307681
24.6280322616762;53.5690482895019;7.68898955768010
7.05342491567251;68.1683547836401;0.959799360389324
17.2332937202274;-83.9965074695686;5.67993826067172
8.68280017526279;-64.9284083679660;3.68633458680262
12.7609622899482;-96.1836339611615;0.918671915360187
17.4041214126881;-78.4891493976736;10.8657847474580
8.40635441165016;77.2877136248157;10.6695036631272
10.6319399156961;-73.0241165979023;0.152029418493067
16.7407962877182;27.8657474173488;5.47792043963645
14.3191442219135;29.0151669114359;15.1260330356963
2.69562127671968;-69.9037849422656;3.83431589148822
19.4831073724802;62.2459674075950;1.62656048769058
11.0320391692109;40.0761304484698;7.87248507588480
4.36001413092083;46.4808945073192;0.621203406433466
14.1273315626765;38.6327652349585;2.74393935717967
23.2025802016357;-48.5272575877253;12.4067203100545
23.7527961367011;93.7232114268989;14.4867282445344
7.12995957145719;-48.9572598582225;15.0405156357107
5.64223405862767;-6.15906721757862;10.4126325142917
13.5660389812934;81.4408827808871;10.4072160694317
7.28235085670025;14.9736145484150;12.6922500158963
20.4021700980723;34.8158562106498;10.9999323304145
18.5699029306210;15.8204756102786;11.2790441112125
24.4455150676120;35.9314580718302;7.44439602902554
13.9433375410969;-90.9663697925906;10.7833885116407
24.7303692797632;-69.7013250584031;0.505870903425773
10.6902052942286;-93.9250292375891;13.1292743989156
1.32315407180181;65.7967314337439;7.61251242089036
3.76293910470660;32.4039802381190;8.48789357484579
10.3361664383691;8.66189203918912;8.88194523606846
3.14915607834486;-86.7141877132769;5.07031124182486
11.3541300296319;-18.0185730915588;9.68832365267323
10.7899152695390;34.2720009450201;8.57378126211553
7.14673497801289;86.5191191204231;10.1075063275157
7.59528402418723;-28.5908620799181;4.18499510245059
7.75081742080082;-11.7160742966348;15.8558241519708
5.52090887232541;49.3715580549823;1.97847632464967
6.39682101772793;29.4614119177599;1.89194187168871
13.2304680023879;-36.9778459144972;7.63116261660601
9.88380066730850;-43.3608405023277;14.9839408129695
20.5540184631771;84.1170840490065;2.13465260404367
24.4966313768841;36.0598062481257;1.14701813006053
8.11382690384768;-87.8492346675001;15.4344476306494
6.85201851719036;17.3630166916107;15.3280366190968
15.4948416780168;-60.9378624754441;2.81356264470382
2.41327210681072;-86.3315797360000;0.0735058390645840
17.6120715638354;9.58209704045647;4.97368837772757
1.23218062182630;-30.6209857548412;2.66698909279080
14.8407169764542;9.04040362935976;7.12432384292332
18.0066724113021;-71.5067692220215;0.778177813621269
22.4675871511838;-80.2048513719385;15.6698828303930
5.10095789525671;53.7000697229602;8.33439109452989
15.9826586482387;4.50449249589411;7.91999016998858
1.11222170163531;55.7959429200737;14.1836682018099
24.8372928258784;63.6254071297274;12.7403104291061
1.23531905033072;-40.3192966500947;4.31321257658614
14.9621809654012;-96.8876020588297;15.1622554850458
7.41153487169761;93.5120185917772;10.7235052352185
0.265887680242976;-10.8288384108831;12.8981079722425
19.7290590444923;-66.2667725557228;13.9299488947839
9.79884016921898;-67.6103302425445;1.80046352199092
0.847171869326537;52.9176236435883;14.1408802452876
2.98576757626037;25.2090238625891;12.4696447872669
1.53911859535982;-58.9735999863026;10.4636893801364
21.3040441149460;55.7120534920241;2.54378426041672
8.40077642772146;20.1946751519654;14.9617767494310
18.1782818162602;-62.0219578064212;3.93246803097597
8.79409159772094;10.1202632244246;10.1416636069149
2.88807203515470;-6.65656922090820;4.20230106117648
12.2916175464055;59.4304148655965;7.99846008265248
18.0219290749237;-74.7584068848460;13.0464786967198
4.70757493920323;-82.9376463066464;14.6969174947885
7.14699388528551;-65.2082367127725;2.59998849868084
21.6529732751449;-40.1890802566200;7.87575514808489
20.6482769280960;42.9629103639773;15.9568155032739
22.3829303592008;13.0949983557250;9.97682413849816
3.95528225396313;-51.1863849753808;7.01904093088821
16.4816315609169;-15.8573437964598;5.43415463475275
12.0170230056343;53.8100248493444;4.43969097389731
15.4749539303237;58.8345083324450;0.918695380609316
12.7674847875604;3.62177758943958;12.6957663312602
0.375431839523499;5.63600175554486;8.01566151437028
23.6310778392214;-38.8551628165218;14.4964998405843
10.0540648696736;47.8560509525749;11.6251316856556
9.61136884918838;-48.8153380187175;11.0643001115996
14.9942627163833;72.7468726135006;2.21005257042141
14.8449462495877;63.7376641704701;4.69181273202209
0.516990476295757;12.8981670088475;10.0394982887518
14.3656165364208;39.6278988336020;14.5114011789706
2.24935197343233;93.3399760821078;6.66137121114869
7.98408062907089;-67.9011481388236;6.46807568294663
2.72939637704664;34.0904627887385;13.3076325621872
22.7564096543052;31.9536178105641;1.79464761937200
14.9422553137033;-48.4310785727063;5.78544048837942
21.1137981738885;6.38757046525260;6.33490199884980
12.4675928310134;49.2608430737858;8.52836283352221
15.4182665017500;73.0249543188425;15.9784450878630
11.3986199475263;67.6219196411919;9.30363761389156
20.5980888755383;9.74498047848997;15.9734055057318
17.2831683525928;88.8541111177235;9.26481071117072
14.5710989227891;99.6008907653336;14.9177260742132
6.43118906468338;41.9357202859697;3.86422292651797
21.0396270647629;6.24618924619003;10.0744085253636
8.66187985301626;56.0093731637836;2.04890641079743
7.99772242075192;-97.3999260785809;3.98148189336151
6.12378179334092;-83.1278031010216;4.12705112936664
8.72541331880520;38.6196048172455;2.53785197318816
4.36815244967371;60.1437868506297;11.1914366626867
19.5911743656582;20.2703169802357;14.5992969306549
1.98032252196203;10.1520018145295;5.35566706573591
9.42374574341250;48.6728750610928;1.33869205882578
20.9092588396272;78.2719135000740;9.49184239015556
22.1654336656529;-79.1439740484190;1.75430278363490
11.9043187583434;-83.7574911742553;8.22627185228611
12.4241790334863;45.6143257161332;1.12478977538256
15.3005584048387;-6.34671836729495;13.1986037366105
9.22769892092066;-63.8097734766763;15.6794797722732
18.5073449980537;-80.4147871401642;5.85853978693141
23.5281056387715;43.5388826307938;8.46043913170411
22.0628886139227;44.0202758698812;8.44182720539026
8.43981579965853;-79.2244273161822;3.67937366842059
10.1814451994484;-65.5562486009697;14.6946519134429
4.62337460236236;-49.8473603077162;3.43377586318810
10.7082531761371;51.2781504090981;6.03523642957414
8.19779998374011;-72.9287650321767;12.2568940267486
14.3966649795622;-77.8516762296323;10.1709661970246
17.9733705601018;4.84925678204748;12.8474347380780
22.5746629234778;60.6478116853742;8.11202610168980
5.97003329927497;18.6082347693644;1.10488006192225
12.5310578604562;-53.0519222876090;6.49478642875462
10.9696041737904;4.03428476737988;4.92815912591900
24.5482396120944;5.41941914737303;14.2821527492045
16.3412271008655;-48.0851926745669;6.36223203992488
11.6815042694473;56.9372806762275;11.2069254932474
21.5649143638300;39.9368731097170;0.827726613693544
12.0134367546943;-10.1082467100007;1.29212294921411
24.8798670304348;13.3744221866455;1.93882809223948
17.9134956802746;-67.2679513447321;15.8094050098760
8.25994323985177;-16.7352308303563;6.84397426344486
16.6428673251227;-8.71668686002645;11.0817910444593
4.31899396007233;98.9602575456358;8.72581019818284
12.6041381595805;55.0623779506243;3.82889996592594
2.54762576856707;-41.3998802519774;1.80983711474742
13.2147728049776;-65.3099921823661;12.7596565340284
2.84123993655884;-65.5689182812695;12.6997674387262
6.68659924707062;19.9848135777885;1.88083896832847
22.3919866508186;67.3202623185342;4.58918407083485
18.8179778831017;59.1902152302559;8.79676238188585
4.16390911433305;71.7825915981011;3.60696173923035
4.12086393478867;71.9472750665224;11.8450896838086
8.97766799685355;65.5370973241580;0.933339582098112
22.5979942967296;26.7417974325183;9.70090055305355
2.32400046114271;59.4023969841331;6.78651980803211
24.6711000359123;38.1962680952837;10.9353889822783
21.4486238948402;87.3164862295879;14.0598489971731
5.90785350915818;-97.5743488135135;15.8664300449050
23.8110951169973;-69.7205433076153;1.97647346809711
19.9835801830780;6.22365575627599;10.1278599087764
10.0615865129655;89.4709244073589;15.3516008957663
4.71828606347050;-49.1856718358417;13.0819562289136
18.0785584508476;23.3014544260783;14.2128006774605
0.552333618193842;-6.06177497473674;6.49710913099383
0.239935435599303;54.2315605972954;5.94642082459746
8.81338481342548;56.0544692379243;8.63304346395042
22.9149045497875;4.75392395079772;9.39616060438338
13.3676606471938;-74.9905935976826;14.6058501320544
23.0381906379212;-41.8921133883641;5.04221478808539
4.91784054015038;-13.1562008724725;4.90141690071309
4.95739209268462;-98.0273882059558;9.72392204494201
4.26060587951961;-34.3331931854046;12.2318098118986
9.19529193191843;-18.7476810098583;3.47553128380740
3.79345543817413;-47.2973100273120;7.22389352108691
23.3210718858590;-86.7006412337807;13.6212804395641
13.3214252710872;-87.2047454580559;9.78795488323494
12.9600990369878;-57.8639790169842;7.62409961429409
9.54930208065864;86.0476172151749;4.63080292570134
13.7169124371467;-78.7492584112215;2.94807931961337
11.5182958133718;-8.98011097881124;2.48681449875967
1.27551531286918;-48.8430638882585;9.50306517080409
7.93269100643906;16.7407310698594;0.477849735864037
8.80101562462647;-51.5780240469205;7.89095798435715
12.2571614283745;-71.0899809341776;0.851605434430304
14.7487326381154;11.3197468994755;3.11313890046503
21.9807359048088;-90.0658475746872;9.32102819522068
8.23776240722655;-74.1935036351405;5.15701960590886
15.2564715474331;-4.81451450013231;0.259026935390310
19.6738267654681;89.8395931638959;3.51185611847447
22.0277923460359;11.6321823865983;9.36782829833299
7.90588370412707;-1.21238354021480;8.79984993309286
1.88777736524575;-25.0508380607902;12.4370548837523
6.49025488504364;73.7769545883239;14.3637827027477
3.08195361484489;37.2086825006665;7.69731451690166
24.6050131749434;-33.8745011283490;15.3172151206226
16.5135171609707;-58.7824277986273;11.8634172370357
18.4644077693046;56.5751600681483;10.6130702905554
5.52838969385502;80.0588545089400;13.0172763333188
13.2655028224066;93.1050663915270;5.49938492689788
6.92276640602154;71.0094839352187;6.45564738552142
20.5335400451930;-56.1549157198520;5.53099769829014
2.24567883343381;31.7617581936753;8.82736255060235
6.64397722507051;-66.2440793827574;1.77265348887265
3.86121376205662;1.66017589632557;13.1965596870633
24.7219989224350;-42.9774380962184;2.70494072053756
15.5291751244417;42.2685493152824;1.40295231170886
11.1826880436814;80.4568101281687;8.97430825492370
2.96301862985846;5.17540092140743;7.70352756093246
11.3676139097729;-85.3973974605002;1.44029065163279
16.4618336377894;-8.21738859346963;14.3342290956492
22.9910527423620;26.0802523895473;2.05912625398721
1.82013236068583;-22.0037263187152;7.73504207227315
18.3168853982484;45.2836982212359;2.96046539049309
17.9552745857324;19.4267465769884;11.0231899933980
14.3609774649074;50.5263366311010;11.8517088509379
1.32948213784715;-87.6603344501560;10.9196482845775
18.7199393787832;-4.88826616177736;7.10160020770513
13.1113392492066;59.5255425213647;6.56636733008841
1.41486346876907;-19.6503744517258;14.3013872012481
16.9381385338717;-3.59630575712462;8.83774424374973
1.24782973536598;99.6431932026546;9.41089046118246
15.4458837788505;-49.3592245404323;7.87082357133864
1.43655549009835;72.6330958300329;5.48882779241164
13.7094830394979;31.4821640898433;11.7848702510596
14.2494747019129;85.7270335316603;13.6233367815055
1.15910717818735;-23.7122121936655;1.53715758711542
15.3019855718169;12.7700573228749;9.96484767545419
14.6648611136953;81.2389698030337;12.2763246079372
2.98651885855553;-68.6156980495958;7.81200345754798
17.8952519849802;-43.3758669623860;7.19932009185099
5.84007637721091;8.29200013992089;3.93711187109136
18.6824519531022;2.01077374790670;13.7558457415264
10.5688952836014;30.5381804126767;2.05106068580449
15.7638792487644;9.00044606391570;15.9847519495301
9.27718173512225;70.9006559766619;8.30875731174369
16.5802383335753;-88.3515665967665;10.9589284973510
12.8860800651843;99.3138553317764;9.20247836659985
16.5479332916640;26.7324725059939;4.98652145334489
20.5102146326180;-17.1588477715360;6.93775822901446
18.5947492861192;22.7382841673643;0.444567613377759
18.3346537872380;99.4767392200901;12.5930188261150
16.8736911631151;26.1837724794933;4.44356044253780
0.583542498328665;-1.75326377488747;5.99898632117148
22.1309310973857;-87.1970140755823;4.39181035286376
13.0974896698856;66.5722745412370;13.4365710973915
7.75902863458578;-22.1888493768570;0.832283461893079
3.99457220714686;45.6571171895978;9.18230175432167
3.17735125122306;-68.1162440804954;7.05792720187933
9.88998573675309;-8.31250401904864;7.52472877876065
1.56614950657011;32.0839275584902;2.13023026959461
8.96240140285159;55.8740491432186;3.75548014975728
10.4984088359522;-60.1168120150501;2.45388719295003
4.87883831190936;-8.16126910190336;6.44761130425385
7.46889514789527;88.1087628143241;13.5722488876727
16.9060441782589;73.7327961166207;1.06481746653211
16.4551074479470;88.0623285282095;7.38638698465341
18.3252243684113;14.5074944494130;0.494285166991745
14.4381320196642;77.7989838259493;1.46618582920924
14.5273169859658;46.2974796025617;1.84125175284369
15.4245409893234;45.6530589653356;5.25115146783186
6.68647941097988;-22.1104578622590;3.72510049522665
15.7007873863777;66.5336691904075;13.2658989687471
16.3387579605723;-18.2373563997178;12.8814257332817
21.2568186085526;-74.4372111530862;15.8177293850967
0.170652421586684;84.5733650562202;9.70915388351645
16.5343865340411;-2.43121570274862;12.8095513752722
24.1780342885835;-17.7428562280040;11.7081140602385
11.4115617082085;-79.6636574366610;12.3322884790303
6.20071838485194;-47.8066163830015;8.43266449336469
3.42771128257496;-35.5995112877993;6.61618421203220
13.9284266530232;94.2958857473729;10.5316232551914
8.01845238875946;93.0001776123177;3.71421433759216
21.6417827272239;-96.9441189976657;13.4984100540759
17.9257110289767;-97.1188353829604;3.03220975483438
0.409807324192583;2.95084269603818;12.7497563908668
15.7862796323930;-42.1923998774405;8.68153466983928
10.0032697750243;-45.1584427838879;15.0778475682627
6.58083215839515;-86.0362243705206;9.98609220356599
5.71479346371589;-85.0440195755315;12.8284247916213
12.0284926152894;72.8313770036642;15.6064394615592
8.64304441239363;57.8599502776560;1.98414727851635
7.08756859246926;-28.8598628116925;14.9240266367653
10.1079215774377;-90.2273582906709;2.15672736390849
23.1129454764381;-31.2243834223246;0.124574433221312
3.99167293615152;-61.6998647414624;3.36329837750920
3.37470484400866;36.2372162553706;14.2225335046614
6.52085463401775;45.5793106745064;11.1810681671139
22.8685157475384;84.2861987095155;12.0261141977592
14.4780608128980;46.1687583206503;3.44930655680960
1.11242294725684;0.810124885006225;13.0957802268688
6.09722834573620;-71.8978945863301;14.2839813364559
18.3408329211830;49.5765301743400;0.0784416864807067
12.5410911466686;-82.7158720218063;1.91339504931335
18.3414010753152;-97.4885560641641;5.74972935459143
1.05986592059035;-71.1254951204027;14.2668835301405
10.0374114504241;-28.7667267567602;11.0298115723283
8.67210348728992;-39.0238292386600;3.07360229171873
7.60413084483810;34.5306408113718;4.46791728978905
18.7912669182286;75.8473709344955;13.8504458450674
21.9618561406966;-4.24764556625217;5.11200997448962
10.1452704659041;-75.1011474378621;12.1202815726291
8.62338520189360;5.60863823263804;3.20555732698005
7.43983582921249;-67.2132102306361;14.4507828995356
17.8505545039043;45.1160576671406;5.42673291559671
6.27486050112318;69.3416930491311;9.88266038300002
11.0365836169143;8.09858411594571;15.2006299397741
16.3746410246022;-9.60748924556221;6.78040703456545
11.3652358887908;3.84911835628612;1.37511032543888
4.71374128880861;-64.9045036906697;4.04714347510176
15.5427503092316;91.6153017314682;12.0550697952526
11.6745529290939;-97.3473173788738;12.8259744505313
8.71684616478689;-13.4653333086401;7.84371092342076
17.6163801919654;-54.7121462683496;5.18284048141777
2.58036492562249;-38.0680842415148;7.98361784113922
4.75198134094944;61.0097725392394;6.48153658460835
4.28984108242680;-6.46946003347662;8.80415212337594
22.1645299955425;42.4023348666501;3.23414185748359
2.79498920276019;52.3554827698887;9.67899958197978
13.0458762982417;-74.4662289119789;0.629517349531415
12.4307361722394;21.8734454364376;9.03121414814521
20.9495175115638;-55.8253984435177;15.1087302599918
13.3049692906665;6.60697203301566;7.08031513944761
5.61349870936988;3.25408185148923;12.2122407960591
0.634687763100855;-34.5094210315899;6.84914223836195
13.3304738093153;-21.6450495406454;9.31814858909321
15.9127880354312;-27.6310212706498;1.36758911862396
12.0090609928285;-63.9296224868631;2.67713003268699
15.4264564604287;-15.7066693267412;8.82912904642733
16.3305723444638;68.4727782174797;1.80638740197940
13.7457142324532;-86.7777187968856;12.0828977995208
15.3141500659932;98.2603373660608;14.3489057943797
14.5859892890539;5.54334625800161;2.84735493957808
20.7254915431951;1.19125130050191;7.24721042849117
13.0210134958020;-54.1927082817644;8.79327220901419
16.5578796567423;44.0642176732848;2.30148433070059
18.1476947233401;52.2763954664185;14.5428060247635
2.41920272106339;-57.6736031567906;13.7285510675882
0.699414394003750;26.5301253527626;4.59467223382848
12.5338633301990;-1.16578289186724;4.16729865946061
9.92627070241984;-4.51822855016344;5.24682755113858
12.1762670219177;55.6010686477827;11.9030686868410
11.6902862885207;84.5702335701603;2.38001309971507
10.5663105234948;-39.4739005188602;11.3758418877534
21.8293637719145;29.4626265835800;1.22696910088345
18.5099571416321;-81.3059128356168;13.6643572632896
22.1922847532316;-69.5387002100815;9.43697863901485
13.9019021645470;68.5226193942989;11.4362567155245
14.2184496571666;-72.1402522532744;1.91418227239560
8.85797385398362;89.1150393569760;10.4051726748677
20.8322690868012;-27.8061641336852;13.0787807204106
18.3325608445718;40.3811749396715;1.11170466122132
4.51591437458579;-11.3372321225047;9.31364490885032
3.41263441605783;27.9782696807990;3.88907449112101
16.3904481350764;38.3805484408429;6.04375166872428
18.3056534521575;-58.8105826680688;14.4673339795487
13.2940069663160;-70.5469820341077;8.51604655077674
11.2704979730660;-21.2206226601328;14.9959411647357
15.2733287574289;-95.3300476477180;12.2168885726267
16.7995395833410;-55.2431413448778;10.7110674748230
10.9856271102554;-90.1543348588691;14.8177526636860
11.7380494175724;-24.3752485138710;5.07185158716764
23.8087892733839;43.1246876105220;13.9996749410131
15.3766847499282;42.2157236408524;4.34597681478107
17.4078084296108;40.7807575712583;7.22866594035960
18.5286484460522;12.7648363764754;8.77758487269288
11.0609391921386;-61.8561267856848;1.18420645127786
11.1759590594466;54.4652311301338;4.84114926366390
5.55925657942967;-12.4053108879520;2.20455731974274
17.3161772612003;-46.9651726671094;2.37662121538440
20.7898458195247;-28.8540321295125;15.9826459021580
14.2988281317542;74.4081817979505;9.70624134562593
22.4169717122783;-61.0699205989120;0.946340182226331
8.49535750343929;71.2103061676658;15.2307043580926
11.7569775250391;63.6761665784552;8.48115156086008
4.85155971251641;50.6932797014285;14.7245829520867
16.7306944635390;-21.1906745955713;14.0556457506139
6.62624800504029;-33.0447381119549;7.36340697549868
6.50501929263310;15.0860289272291;6.43344235746305
10.6451043300894;-37.4869432573214;7.82602202854996
8.31123778055775;36.8874745790174;0.375209204370105
5.56199687602853;26.4298289484757;0.0314484429552770
24.8957396572933;18.6930387106796;6.84218171645761
20.5538814963283;-59.5959171603514;10.4239747686804
9.43272984025714;-4.90757263899633;1.95708136029774
11.5616194003213;-52.8344383100797;14.2992251232500
0.486869013047752;-9.29718255221337;10.5521528987335
7.89111911762328;80.3280053961838;7.06205403647547
1.16441633827985;13.3189263816034;9.00466013712766
20.4041822810077;-85.7721008727823;8.10496398972762
