18.4102379923435
-39.3331905673007
1.99797994346239
12.3591969427601
55.9826127871712
15.8015735113919
20.5970232171439
43.2477891762736
15.9317151709053
18.0035874807553
-34.3321195157422
15.2697099194949
20.7041121318542
54.5054556461583
2.78841406158667
4.56472710003954
-74.4644327660938
0.131367569026402
6.14544666101852
15.2070009766816
12.1094176612571
18.4137137169665
-28.8499505443208
4.36753284558692
10.2347612314247
43.5394249044844
0.816785680415576
10.8996281213177
33.6127349680897
2.98283235803421
4.45241969657201
-75.4208596629042
12.4411935163025
11.6884732274928
28.7530192111580
0.749762067770613
18.2749281586565
9.01539322022056
8.85791806909546
3.62186181404913
-93.5514681384915
15.4002403598111
3.98900386843726
-93.3418425613718
11.8165631511417
19.6949928116544
-9.65144101823123
14.3139956380117
4.76893637003161
22.7996640008105
15.9300896446545
9.84139734193916
-40.9930366261454
8.12702973986653
12.3972091593329
-22.9752042956003
5.29736978974372
15.9762033003643
-76.4971783024464
7.30934409575682
17.0285457883113
24.7904365104040
1.65926715395780
6.65980812965929
-5.50341396597960
7.84049029084014
6.41938940116529
86.3027251172944
14.4539389498739
11.6044336293473
97.1752051062283
4.89392183565233
10.7623150696256
-1.55684577101078
2.35793500394288
16.3427935173468
86.9626555561768
13.2225197355150
0.309453182341970
56.2438166079346
1.69705991224349
16.4254485929123
-50.9536295530288
14.7992049000269
5.48073852655206
24.7445862996021
14.7403976663574
19.0086914384857
-80.1289002893839
12.0120016400853
1.84235179978943
-44.8370363027588
3.70711240690826
3.12501967844561
93.7706577032237
4.63711835386832
12.7811740768152
-17.7292613087705
15.4094412411933
7.24360868335263
49.9757242597765
9.07389784772939
14.7999919140622
48.5159983109157
11.2598477998846
18.8049891769731
-95.1500376007418
8.98283139524718
22.1474828574531
-46.7662413706146
7.44397479778388
19.2431469273858
-54.5002048281143
11.7894120963105
23.5648393641404
-35.1820196329687
12.5193964203626
3.49357353359769
11.6411375325147
8.25225696431241
12.7009701690601
-8.48127855856977
3.14687252360125
3.25730061993410
-95.1593609250259
4.65333129123477
18.3088994546827
22.8592326290475
1.21754164117714
23.4502915252220
-7.48639762946572
6.12632776341888
13.7403606357502
13.5592136724887
10.4698833932332
23.6096751965837
-76.4244511514502
11.6323434417276
7.31055837897456
-40.5693452062335
2.93546265301876
2.28498865894831
2.45626242214014
3.26827111008568
23.3098025899486
-28.6329545976139
0.878205921361163
20.7707310182779
-61.5017205028216
2.68000308139281
19.3515814553769
38.0316134971081
5.34003219783796
15.3824139695607
-56.8727652812992
1.32643116682384
23.9256619865101
-51.3965327274293
8.23672074935970
3.32442466348623
45.1617031672828
8.57592525892491
0.803148161402085
94.1918072838285
12.4088436759013
15.1323118531100
-85.8647513581038
7.58046279423906
10.1485915570937
72.9382919440718
7.44042572491453
24.1533963164971
-41.4916372653902
14.7600576643379
24.4329443364637
-18.6207183949882
13.9908365095263
14.8042354082097
60.4272096546605
15.9044616259167
18.3531851452782
39.8146269797039
0.900846207681832
15.3668916803984
-18.2505769496320
14.5083038197011
8.43050103913556
-26.2641406900286
3.58243769890306
24.1855795844421
59.6070656629787
12.6793643136082
13.8319312054584
79.7115788822070
0.457158228720525
22.1758236137068
-1.01639583970303
2.82201516792408
8.49010235391405
80.6095727776992
10.8925130561815
21.9458233818417
-34.3565407091838
15.7372644134546
21.2760315525507
97.1302609439580
8.03892541768724
19.9348370992683
84.8783028976422
9.69321469630445
21.9915743971046
88.0105436485970
13.2668380408541
3.09714264187397
-75.2406903515440
10.7681767123597
13.5370009653138
-5.34573038371915
11.9966814989277
14.7194133613352
34.5021129182724
5.90037307208378
0.745066018756200
26.6586448786701
8.23468990609804
15.6659613843704
-14.5023861858773
12.3770814770928
14.8042610932087
9.97851303905035
13.4609944821578
1.54979647400181
92.1140979703758
10.9383458538450
4.35575725577843
-61.7107722274738
10.0652106253767
2.45363385089959
-8.48651610040201
4.03635923467265
19.5730100424880
-0.808965761434677
6.65982260751328
12.9384687786983
-58.8550359560031
0.931863738400196
3.45356183621064
21.3146217942579
14.8737526148134
4.17138112325462
-89.1618156178699
12.8669991947078
20.3139667496139
42.8261690709832
6.90464710772657
21.6847055557894
2.42953753378459
15.8809127293377
7.16195911979975
-58.8623243197784
10.7776920910811
14.5914396700064
88.5647073014230
14.7265313140022
12.0627467055368
-35.6060096862083
10.5659939894307
21.7129550926886
-46.1436865044459
3.95783825429754
7.86372052017667
-84.8763458728503
11.9416552201579
5.40930019497017
-44.9625479594223
11.2943535712572
9.72905197034996
-55.4599498724060
7.94421236827286
12.8057976679041
44.0431816851364
12.1794842295455
6.99226875496582
42.4487389809144
8.43262924765176
11.9142559128557
-96.5928896985212
1.30437142957668
10.1795977792703
58.7370888598024
3.30424831485357
14.5286462426087
10.0370459697732
9.09460663976526
17.7932178912319
30.0248092153758
0.155890752037040
19.9454699212213
44.7241739211324
11.5754309030861
21.4508616448272
3.57670151118885
15.9351545700048
5.38267284446988
92.8237304715468
14.6274858615013
22.4376371964128
63.1141137783823
13.3346800734820
13.7076005753213
82.9526675248504
0.940704446328468
23.5319994054134
33.6046268960289
12.2539930820235
2.33707940127595
57.6871737633689
5.24175034778102
2.89945158077082
-28.1914843407358
1.28400807109253
10.0120770173413
22.5761933404032
11.3145836746668
23.3459815974674
-74.0849845307316
4.03702045266159
20.5408677083098
-69.5173837551830
10.8368491286072
3.41169350485324
-19.8938621613765
13.0445759837591
10.5713866673529
-76.2611239996545
5.21968431265672
21.3368396838796
-88.5167113336685
6.08890518971739
17.8676259164290
-66.6433272235252
6.47650103873990
24.1826718339355
62.0426087770540
6.97082123707962
3.06739204571204
-69.9703098363219
4.61525173647799
20.5985718984851
6.70673901056964
3.69085456983126
20.1745935533845
-44.9813579598021
3.39217212216386
24.7245271901003
-10.3745955425435
12.4150318819341
20.4915692876680
21.5049526327946
14.3889507462806
23.1416021972739
94.9301331507591
11.6522771822167
15.3663274440721
2.05084875703536
1.72226620118231
15.3164751678969
-78.0657463667886
13.3607614539470
4.24314238829372
64.4589804939102
12.3186062312765
2.00783037199341
-5.73864001881379
13.4784096601287
14.7058697509431
39.6597261001242
2.17715281939853
5.02177525491671
25.3894583724506
5.76594831776547
16.4419892756150
10.7023179360001
8.53436971709496
1.16680225544686
-7.06970352355580
12.5157881489017
11.7454177306205
-58.5501740029521
14.1409423867825
6.15228821784382
-47.8956412915930
6.07225718040422
19.7142077507440
47.9036507795001
7.01197067574996
18.5420257107375
-53.7213477810946
0.486444761186158
23.5547886109050
-42.1859297783397
14.6605552913945
14.8378974488510
-65.9949136946708
9.26188281161856
4.86471069305593
32.9548387313945
11.7363736716331
3.39942264809221
69.2344034803910
10.7251972338521
12.1670082673526
-26.1422033177932
0.0412342356738691
4.95690868600021
59.2985143013085
6.56674560058472
13.4018730463613
84.5091450669367
15.8297506147493
13.0062773700790
-16.0317467325585
0.386953398818747
1.04362763496010
59.3307900890107
3.36472901442821
17.8862757354871
53.0480099980418
10.8631256174124
12.7305028775277
-69.5983064155479
8.86806189451270
5.57565394474226
-74.9983382478499
8.99134674872818
15.6885511240373
56.3030421902219
6.87086678800083
11.5486365754677
16.5143544767280
3.15081433057497
12.6577330830313
68.0618369496535
6.33799196149466
9.11096358652683
-71.4948676006007
10.0000567164566
16.7998239296293
88.7119099192668
6.38224594206760
10.5173352138388
-25.1097469081166
10.7236930413554
3.26735332649800
-20.8561607931296
3.96505462328623
17.4962469016995
-92.9041513252429
13.9018327001061
4.28473065604968
-56.9678416741162
8.23609999010995
0.216417144802275
-43.8013352664522
13.1140730197469
10.5404648717881
20.1312704665645
11.4325106006014
22.6758477621593
7.26561662138776
7.70044753047489
4.87333916289402
-30.1975034654602
12.0142842268891
18.4277668441991
-1.16612644425818
9.76396434414909
20.5408452270852
73.6695777335760
15.4148592529433
11.9770943300078
96.7068694245227
13.5596167198649
18.7158527674440
-10.8666982318141
4.93216676549787
16.2314065849688
-60.0249805730556
3.24514996042527
3.05376724285745
-56.8351028207167
5.43733243202783
2.07583091697867
38.1262197567051
10.4439094728849
15.8402962992911
17.3603995122652
9.27590717870231
23.9984303313602
15.5682015011579
11.4550666426863
17.0446106268672
6.97186000243983
1.80171362674434
15.2159077024312
-2.02305727364620
14.2294185677460
12.0730885013708
8.05228304610897
11.2626575862110
24.5496692880181
-64.9817954410986
13.3985173340052
11.9402254570031
84.6886359789156
3.09131634330760
12.9700558517427
50.9933426931553
4.11965222849745
14.1033542482272
59.3061614527137
0.606466408962165
17.0401278403485
92.6191644208028
3.02587012941360
7.53361432311596
63.9360450384404
8.71674691349822
16.1550674045265
-32.5960844976005
0.483056984285224
7.77594382198729
-55.2737385144976
13.0881278365872
19.3346560717848
-56.2130919150520
3.71125524525211
9.25192778919242
75.6793364398779
3.48038474525351
12.8662199296975
-54.9408752972102
8.04534757338134
13.3830151646875
46.6509982786449
6.09978843438434
6.13437837118486
-99.6608614148252
2.89700123126567
2.81609778850016
-4.20878696104456
8.65275583893106
15.6491731585249
-22.5007511039602
3.19630763646413
23.2299963935121
52.6869758393263
0.0912634511606303
4.57345561814334
24.6644466723153
15.7677151342229
15.6006715563156
21.4423490058111
6.28334681505265
4.03869869157421
98.8973002053654
12.5523699172611
18.0011297593061
78.2730535978292
0.859065524032086
22.3319151755083
96.1475859682109
7.76757517371603
13.4252028603720
-45.8695782077704
8.84446284419808
5.73694431505605
96.2874313115698
3.46958282911554
24.0244482333897
-37.7820064619879
9.13393010634609
14.4487222724176
88.2290154572220
11.1234731932327
6.55865562705218
32.1812093146425
14.0893825976014
3.17250478340420
-61.9905209602557
0.923588039421510
12.9983950687052
-17.3599261066919
10.8332769897019
8.09187404798928
89.6141765020596
8.72667049496705
12.2009209159265
-78.0403066175076
14.9714006201406
16.2952581242414
76.3237610746409
15.5198125040356
10.1418585464242
-45.8575986657506
4.67780138760923
17.8562655110324
-42.1373410944030
0.400438501582627
14.3677909680992
29.1410375867958
14.8935424718610
19.9304510783742
-94.0385044783284
7.46553918290437
5.51161612529255
-62.5385392113148
14.1364104464612
6.63550050271243
94.6082021552489
14.3163468280187
8.11850438821407
-94.0089947419134
4.74854416411158
15.6978418284744
58.4630469983421
8.81010985797815
0.237446026901845
-12.8709306648408
15.9045948340879
20.7694161834594
44.6600098199075
8.79934652359008
7.69451868656686
-20.0653543947454
10.9663202185892
17.0060227208250
-35.8686515828683
13.2521594873549
13.5299720761182
21.3264469068080
12.2585902161710
1.54286778018291
-89.0622346540854
15.4717245918366
13.7985455534310
70.4974647472178
3.11224064367870
5.00316398152514
79.4096966364801
15.3229869946004
6.93443371241067
4.08580705617327
1.56139445502597
2.06864422509077
-63.8309276569795
15.1911750406719
4.54612088820404
-17.5228460329090
6.49352157575186
3.66784004235307
17.6361747465809
11.0887838643262
8.78325207105025
73.2541100063382
14.3728939540930
9.05666991705800
33.9733655564529
3.72471095165774
5.12985963890964
-37.1285806144324
2.76507973487646
14.5061320429566
91.3830136194532
2.74451099109484
13.4635069175392
83.8582957728930
13.4873039940713
19.8006778156368
84.4086121020486
3.63723864038014
7.24972731713749
17.6096947829944
11.4882284254325
23.9213860118199
-64.3493815657648
7.94925485655256
1.99921459434233
-32.7174311610119
3.72805061380704
18.8077948328094
24.7314112114006
1.73487207241160
2.39672626364230
-4.12363958232769
1.63190755447521
8.54579457343338
65.4005653615238
5.62476117642741
8.03235721122216
46.3377437782017
10.6806173511687
8.72170786343424
-54.7479053154894
15.2134632827985
12.2928228633191
-59.0491007598627
5.31723691399182
14.6924204063507
-99.9856531609550
15.0385183544984
5.09552030437858
6.29618182539109
13.6679957735696
6.81334399287675
-36.4707516529043
5.10916805561721
5.99245523149827
51.0985544701201
2.58101474595822
21.4991795351526
16.6912541127204
10.7030298008437
18.7429144843582
19.9134635379236
0.322868561683240
7.87610369062724
-7.43382274487887
13.4656092068870
12.7390256998752
84.7890385420194
11.3250812834065
19.5781083698565
-99.3067193406480
15.3900384473443
9.30362594260604
-98.7576484300982
12.3294207598367
19.7421002907148
-17.4025953506223
9.83661252543185
5.21034239678933
45.4580953349729
2.19170368009945
3.00122208077517
73.6046282937017
12.4337689009069
9.06323623727229
43.3502628733621
10.1625638684965
12.6179725211986
78.9117454504573
5.74106770783924
12.8001565478041
46.2826093963484
12.5972010410407
21.4854622362361
-49.9265444637049
4.79674614185407
1.16720026833627
70.6969056263116
3.66251786101900
17.5379930296069
61.5345073982549
2.83482964428399
20.0763114378122
-40.8533407157263
4.15408076585740
2.68914882174650
14.0741420033160
4.98363254633482
21.5403064429111
-41.1769160626688
4.69790480943648
10.2522058291445
-25.9025325525146
15.9755839862893
14.1809849915616
-57.4296130165407
7.00274200139377
22.0458701728217
-22.4797041868196
10.3306352831198
22.8935898148170
33.6512159798141
9.18694539124916
18.3010586121902
-67.4176205388480
14.5987856983698
21.4951014177340
68.5341856895857
15.8413685942141
20.0851233008458
95.4654754547456
9.06259398126274
6.81790179481397
27.7357298778257
5.96966186480923
15.7880347394121
-6.46882212544611
11.4099695462214
0.868738736270183
-4.15373256602849
0.323425259258407
3.49677832544263
65.5751596882425
12.3847547470565
0.838011282460363
75.6618922971071
5.32877395086212
9.38685006455528
-85.0893583105796
7.67107266650269
10.1259365521529
-37.4797143516149
1.25743993948347
11.3862596896362
17.6545952695337
1.06714860036671
2.17257685345758
88.9030495228544
2.07983855119350
12.9805663804766
0.193904223602548
5.29402495990136
12.1558740188191
27.7326869571824
4.87339231441258
8.92704760364281
-52.6624694790855
9.77817819581075
23.2699309163113
-67.6546747665070
5.29945264163531
11.2355470644879
-75.4356146098294
12.9344032876293
1.86804452235752
-47.7529768494410
14.6607045608558
2.77325325212182
84.7274654415197
0.936095052567232
20.8110183403333
-87.0362990634853
4.91101283670178
8.34782545528804
-60.5231499454881
13.9094367959222
20.7607040544822
89.9030664137622
6.83526281450766
2.13972961397877
-25.1444183064401
5.52282920322089
6.32530095562276
-96.3183002341127
8.56161140467810
23.4247912100284
-50.1441548017786
1.37924299840645
6.10330475135419
-91.3289439789139
12.5034810855664
7.54772332868700
-73.0390631039313
12.0220905807357
15.1899062786484
3.29415438141358
9.50280513173933
17.7595489044346
-60.0150311632447
1.97319902777300
21.1675010994588
72.3585026080106
2.97374793378110
7.99589265229513
1.25527550359192
3.82910211579129
21.8388512789844
-39.9792811287537
14.0570092822024
23.3958029399327
24.7362743003566
9.86520950126454
3.05445899414846
50.6784230925966
15.2886287410651
8.21349147755888
-73.1025401003012
15.2170065302846
23.1416250098966
-0.827877780104447
8.62114526385959
14.6290914023230
-49.7189737752070
2.76828142100030
8.04296144526490
83.1404293126405
5.20983328467011
2.04173944485479
-61.9792173619612
14.1721941870074
0.348814031986233
15.4818384236866
6.87947894856771
1.95310102847213
99.4741476636781
11.4132841840406
12.0451434797949
23.8525677352132
6.41542419966134
8.39517794002699
-79.9736285514694
2.04966458303077
14.1222028927267
13.6353171456982
13.0776614349527
1.92469972557035
-89.3103335418113
11.7377609076112
14.8545798713365
-31.6671871592639
8.24922878024091
19.5513422321004
-63.6618200761371
14.5647136437631
2.77537231427312
83.4262884337975
12.9081283958118
5.27196282787537
38.2868179165158
7.84998269635390
2.92475223068059
35.1730950877010
4.53972550037423
16.9416027171111
-2.49645645456082
4.94785365862620
15.0652426016446
63.1806143214528
0.753279686810322
14.0106642321501
-20.3765056016312
14.2102761168573
5.87281128897481
55.5112787721445
3.70965452163547
16.8961115528709
58.5179358977383
10.0605054930877
19.0891936413614
44.4942094505062
9.68518243833039
2.33540957213673
4.63818002119087
1.79098238261469
10.5043429989254
53.5846687910326
7.07081083166119
15.6188199747811
-9.92300047118462
11.1941473925916
24.9305057800045
28.8765730641403
5.09288350398268
20.0321363232580
79.4320025644502
11.4296462060037
16.5112620192340
62.7518320309116
9.86080415466602
11.4238708020571
-54.7249807994019
7.41368142850332
24.0638730279368
63.8276371205755
3.96875505968593
0.375860017370458
73.3675802644704
14.1198492860306
5.58048439989780
41.3580872917868
15.4536904562705
8.52833399651074
-57.0806214387851
9.02964470497932
1.08611996808843
8.21930863077533
4.39062171568301
2.77607657636916
78.0791663994339
8.34114733812151
0.127077951610305
96.0017667562637
2.41127250264125
7.23169777663298
-32.7314771198987
4.59242759067645
19.3000582741680
91.3585157175059
0.816951405941357
17.6884267752284
99.4425916518846
10.3535087106955
23.6293031080157
-71.3831074322534
7.72172814528832
17.2504693576380
-48.3251846201242
15.1311961011393
3.36672185772868
-79.6117115468967
6.75751757623184
1.60237094324524
-1.69872032516325
0.760019632569307
18.4521571058940
-66.7283202523443
2.35162897677624
21.8071274687880
-23.4805707221295
14.6122532225787
14.7767782519229
18.6938564715613
14.1721860914957
7.27124183758718
-79.1178735607738
11.2895033527084
21.4783245448053
-29.8352482283523
10.7224836447256
15.0622545606326
90.2681243348347
7.28965539758006
9.84305488937413
93.9419427440044
3.84937873199175
19.4249923111027
84.4906423906224
15.8754209297166
13.4830283112182
-4.15731499319789
4.98827977664010
6.86355624335789
-39.5971440082611
6.78121476352593
5.14805366467113
-80.5847862781884
2.51698276404804
16.7855226751586
-98.9639866361278
12.6285426834562
4.46481627186460
84.6904124212795
5.68860335139365
10.8955451849845
-84.0057317311768
0.337865802454569
16.2511127076927
95.4051148452903
7.48892394105472
22.7215200303267
49.9444093732452
12.4382142166162
19.3686704565627
35.2714970723573
11.9570399471032
11.6754757054851
-7.82773506842345
13.5032786490801
15.4676948306650
54.5816136966010
12.9060603982791
20.2386195590231
98.5614478589780
5.59057364669866
10.5326445279847
28.9370789742678
7.47733341792573
24.5713417499930
-30.8909937711075
15.1443835190175
15.9925804875616
-92.2021714557514
6.14656087303766
5.97938850645676
52.0037343614051
8.33433249672220
18.4195283407955
2.92793341762982
7.08426535914261
24.7085243173906
38.9850597142335
5.06321108687714
6.04250576118902
17.3437709977823
14.3614141464983
15.0585559200766
-50.8044772197136
12.1947664843593
21.0551880475054
-29.7053927236526
8.18738353969008
12.7559664916124
-61.9131437795101
3.43006556294688
19.1640749185516
47.5276830485145
0.654473509044314
2.20735026250019
62.9426527794683
3.65149003740694
3.12348313644401
-15.6739812824625
0.594401028269530
18.8123405464028
-57.9679937946526
6.93469310797018
7.14385002046059
-55.1486347261418
8.07342482687180
20.1201141038712
95.2466486603079
6.87623349732264
10.8500598207233
26.3629492115478
2.68442918378771
4.83248991081032
-12.9848620737159
4.56293233533570
4.67685339235955
-34.7009359738166
13.1391491128937
4.85888415607100
77.3378135629143
12.5668926197538
22.7584675735922
91.2728691404734
2.57475291673767
4.43033181217882
-69.2351493675663
9.89765277970615
2.87498336711344
2.10073818025878
15.4224033120615
20.4900046866911
-41.8667618978272
14.7478503987980
15.6958938269648
51.8389284275675
12.4306995473730
19.1096058981990
-69.6722954647477
3.08464664598491
14.9096301119269
-97.6368703397032
14.5909062917605
6.57308326913697
-92.9330321104073
12.5803466044219
15.1581754049795
-25.7899144359675
4.10330255715859
20.7023083713579
65.4779059874920
6.87136728466507
22.8155145616072
-53.9749183432494
8.68066677390208
19.2686616751423
-66.1162017195848
3.34054389765428
24.8369347715397
79.5976787792411
10.3924361289844
21.9884679467289
85.5786937222931
15.7898962004541
2.97437623807556
-66.4154075335708
8.33425126536939
8.99802662879226
71.1491263111440
9.93475395166324
18.6343190140764
74.0489043591820
4.93768402274418
10.4768963562228
-98.0395549344736
6.12136952661415
2.91271676157439
17.0168329711711
15.7045411790626
17.0665818092287
1.97989449021039
5.63869346254755
10.3196385633894
14.9403207013625
8.80737982848808
15.5517049550728
64.5834047816891
7.88945962000500
23.4684239665246
70.1721624553720
2.65424379293690
14.2864962399260
28.4283441130670
3.26853172434165
10.1500274842623
-66.0364695123210
14.7089729542517
0.594629687561035
-76.9404938603709
3.64924146780521
10.0544105085633
22.4760819541699
8.70223495431384
17.1188062414125
-68.0250566338709
14.4533186266537
15.1615197971268
-74.7177229222679
8.95650713551210
0.214481517153700
99.9579177301164
1.19397533554031
7.95443480208942
70.0152384739701
3.56345640174570
21.5393147913406
54.5813733834521
13.0508637534294
18.4107673659096
41.9899616147853
15.0803710880579
5.86769756628865
-42.1824801318997
2.15812142360355
8.31037724919963
-45.4675983992862
9.98192983555401
22.0498548984708
-37.3541428120874
1.71528835580947
19.7266757615135
73.3725593122366
9.31506367916916
15.4850861137534
-58.2102132033405
14.9766055961758
0.146106277034640
20.5001364157880
6.88684798744668
14.3655516736240
47.3988584733824
13.9415176152147
14.1509033172340
-35.7022268966910
12.3662447285621
5.33493735148891
-11.9878450482232
0.399330030459330
1.32540077973844
-63.4080355753196
8.38323802942967
23.3826757352099
-46.5237520723276
7.36397655063609
16.5190135531204
90.4794744163397
8.56778230006750
8.65911283974551
63.2655407163498
5.31341302152817
13.0876695366976
-0.857193201476547
15.9555606690565
22.2778981828271
-62.3393009756093
11.7808687437694
0.790220079745318
26.7952313683040
9.00933663498276
15.0532231976465
79.6387333723014
1.57743729978612
22.2091289640418
-58.6364030926324
1.66274543637020
13.8829885896913
99.5153250967520
4.59615022774314
23.4946667707888
21.8451639314111
12.1738986958789
9.40404153279682
79.0324059548817
2.27327193195647
12.6470793646542
16.0293809102153
0.148488742633848
7.17943157286996
66.8376946091986
11.1636366885445
4.82852198485693
-54.8503523942556
11.8938809970396
15.8046678383905
-65.3272503499579
13.8701205322251
23.5897792057106
68.9149026406693
13.5519755625624
2.81543183294791
-30.1667973500408
0.337202255588680
18.4567480872705
-21.9108746392508
5.52155714792354
6.11264039520685
10.1061213702700
7.58084634152322
21.6558122245652
-55.2609686542615
4.46992575075644
14.7853952110271
-73.3226434273954
5.41840979730781
12.1629969271471
-86.8447792637032
7.95305341499775
13.1506450520531
-86.6672318455604
15.4342087140626
0.837100092560284
32.8013578052928
1.73348493634595
10.6116971047888
7.38797589565654
4.03539638542006
4.13211081749391
59.3895043907390
11.6491476657631
8.63901452331490
41.2837332651455
10.1485472343197
15.4379048842730
-21.9023965553311
14.1347537846226
2.04735249935868
24.6728528396343
4.35793626175442
15.5952930692404
48.5884129681945
3.77547214909089
9.39327057586413
-15.2607126278508
5.67899514415106
22.2179766415574
-79.5457558814580
11.5111891649649
0.613355369554405
83.3974245825381
6.68404465327174
14.3260928035971
-1.27391278444025
14.0603559789145
4.87382611521673
62.3418720699553
5.79016335097082
19.7357325090723
-97.5946833083264
6.20401839493110
13.7360989761097
58.0724838428485
9.45563818755788
12.0535918929708
-74.1831820978485
10.9371024364429
16.7645772714152
-3.61093958540968
0.752272191535663
20.8474222869172
95.3227515738478
7.26729905295782
19.8404676700944
31.6580272677492
5.57808796420112
0.135475462503686
54.0423153108363
3.91059442417609
1.69233661270002
37.7222486025152
6.49732097887494
13.3135948906723
-62.6139448778144
7.62638407481683
18.0677519800065
-47.0373270037829
8.24116620766489
22.2436616202947
-93.8073232595467
3.86682171709717
3.54719364283480
71.3222190315900
8.64914203524222
7.45545677739948
46.2863204680219
5.28919921929745
1.51600399585527
-59.8328885149418
0.144803935568415
17.4411867442749
-27.4926053242281
13.8006414840750
0.690549079783906
60.3017539905782
5.04082060559274
4.85760331295086
89.5691762471502
9.43192641616474
1.76428090391779
-35.7759845552141
6.02414796375764
3.53825405535457
72.9777551238041
1.26838099042314
23.6492133757859
43.9081773060212
14.0452484247759
13.3330656207821
-36.4601562877078
2.57262932548078
2.64301339644257
-60.4186986288919
12.7608144549316
23.7613258824525
7.76535898712691
6.56006067302774
5.23464041283629
-47.0187524681646
11.0113258462333
2.28838754938264
48.2583258705024
10.2366595052239
21.5380395689513
58.3283926226237
3.55308272809903
15.6750576117626
39.0532498207414
1.70266511411401
9.96855114256446
96.8714606348365
8.55483183374700
12.7199854603924
-37.9744104675849
5.69122757325112
24.8436874758853
71.2150603850099
4.21518395651214
9.87767631778820
-43.1480641370056
11.0875520802230
11.4716978815351
49.1337858002999
14.3902095375109
7.54431316798351
37.1777384974667
2.98357094373747
3.94168576603288
-68.6019377918331
13.1968248169283
18.1427512676845
29.6797442926390
14.7321033752265
12.0049197093643
77.3396948819196
12.7630629422840
17.8706243127167
82.1062558885126
2.02241917568247
24.6020649165575
-23.8632599769894
11.1219944703139
10.1653340396948
-28.2126918537303
7.17595890274695
13.2880106031442
-12.0793010813040
9.33441124685299
22.0478691716908
34.0728549854899
11.7305669519919
6.12004039422872
9.89634479741211
13.4416255263684
4.41571420782203
91.5197121004747
5.72735468144328
9.34972093492312
-80.9488032727498
11.3573460505659
1.36566226167237
-53.4018092652078
0.127186819946628
19.9359610098569
-53.5551702578797
4.40424789234276
17.9689948052016
76.0145392438315
14.2928169781838
8.82650343866473
44.6911782585502
15.2384375106584
19.1341319805309
33.0599670708161
6.41272838782832
5.46673281032728
-31.7800762411214
14.7924289512172
7.47474634943037
-10.1401372176426
11.5865547400333
24.9436219593830
-48.1815374249076
6.38234533682796
19.5114274034134
87.4290243312182
6.08785882154686
15.4834724239196
76.1233762072692
2.85023540553927
3.02398754845669
-46.3430922219577
10.7400495814824
14.6804975583854
-25.9183610593261
7.54598290106856
2.49474644939158
-72.5728214359578
0.459755192740547
12.4095095613527
60.3202405418989
9.31933594251342
24.1231033438545
-10.0913249710092
0.749251942263992
8.52882253907795
-13.6947049079197
9.30314023648253
16.1115483471543
-81.8355725053815
5.25199470537102
24.1980391311534
40.9672665356708
14.7611460623484
15.2073990144228
89.3826752014646
1.86641516281598
4.64541785174617
27.2857784305647
14.3656872398275
1.97819746216337
-98.2313726766818
12.7366817116592
11.6892588054584
18.6140640433334
13.0646669018417
8.60001376006365
-75.7067349941331
15.9567708333279
0.320026501698658
-26.3907642542714
13.5991833667673
9.45228571905352
-34.6772379554240
10.9365550259308
23.1894415810333
-95.8032026032678
0.0712936872389260
3.03273870142663
2.33729236529083
14.7140584095684
22.5118291220911
-71.5319914420725
6.11607211131726
1.99722300593378
-47.6269030365469
11.2213477846837
4.51403009180082
76.1019598502303
4.60791943180025
23.6719206094872
-92.5042986832993
3.50904377815345
17.2483944138403
-86.9691017006628
14.9691137540040
2.53028511965689
-33.4959627002071
6.27386746357433
8.93316289482869
-93.6806067782851
1.00244845511969
20.0613441140640
29.3293774329977
12.5981618945391
2.95866159816191
-0.340191690717551
4.08387038701888
7.55694995027666
37.5955667611058
6.85134994593848
2.16159137135185
-32.2056914271953
9.77872270546399
17.8791675351633
60.4603499565438
15.7161631226549
17.6885016450128
-20.0133340942232
4.57787595473228
14.1979007228847
6.34187400681188
9.35949238922755
6.29787011594961
11.4417459315192
7.75662691017539
10.9216360827598
-1.04467309718841
7.42887725682851
1.29574593243931
7.63190736846087
8.90876840670690
1.67003857639598
-20.4935927701323
8.74539596042155
2.87376952068129
36.4886050975280
5.33257364875617
10.8618227870735
22.7404360791448
0.950725734910900
0.569231936342801
37.7405256353733
2.79695919174859
0.501503457776446
68.0328477358359
6.63567190346862
13.0507190549308
-10.7260963327761
5.69852956991590
13.9337701571238
99.8329822435491
12.2490703160749
19.1155963073678
-80.6097586039519
8.77317758372226
8.34591983539187
-11.7477471526111
13.3495607785465
3.55462893322664
75.3542189916854
1.43667129077173
19.9221428494454
-23.7227213877707
0.0862599664894184
3.79146399303599
80.5270829969036
12.5199570874288
16.7982069911195
38.8469455978842
7.48653722973561
10.2938893475943
-85.6188424806945
14.7004348159105
13.4427255173719
-56.6975433025515
8.95739210120970
11.8366821860002
31.7942247012398
9.34753400674691
19.7618660882534
76.9089193537568
1.96755035329716
1.53402130245155
-58.2612356167617
4.71291290096611
11.8500117319476
-45.8578552819373
15.8343361943314
11.5531915376007
72.4850333575291
3.66608596344921
7.70099442623232
-54.4450070394304
6.32980768705397
17.7841114082436
62.6040715319609
4.72164652379413
4.79966372801972
72.1721432653443
9.36770859301998
9.34441775199498
17.0231322140201
4.50134531965230
6.47815204411946
32.6478471268568
3.80771371063083
13.7485859879723
67.8151733837203
14.8747192967213
24.4879240683498
-69.2658242231288
5.56032629318008
8.34362925027423
7.50250836212922
11.4126840932465
6.63838760255002
44.3923401155759
10.1551294303428
9.64625345560771
-46.7959833160277
8.16721732195488
2.16197763951149
42.1650654318992
8.05558695003857
16.4361707634697
7.39838952219913
5.97064127284540
16.6902271062219
20.7847049534214
6.01322007603237
3.59358282098715
72.4341085786282
3.31935248991616
22.5622279749562
99.7536287117850
8.28183182141138
12.2435538484231
-89.9856228783211
14.7768167634994
6.74813578046515
50.9050175913569
4.20968157369020
20.9310828474514
12.2184674121181
0.951724552381025
6.58696261266110
99.7355698124431
2.71294179023300
9.43633642461805
-17.1261123244437
7.71250778891952
3.70340840886374
33.5659861195155
10.2281595163679
12.0876267549377
-50.4020740182637
11.2850511296567
6.92907441929494
-60.9444732662680
8.76461478296335
21.8360439359867
-56.0551540715576
0.0105932758313596
15.6412290885747
78.8737359909300
7.73763768366056
12.7891902217351
-95.6812603545852
15.4833603400758
21.7835712930165
-21.2177194743211
2.58496615447254
9.15333891044170
67.8822549323887
9.23715868568180
22.6767234799341
11.2444797257943
2.94668241263052
0.308103509411179
86.4295665719375
9.05090269893179
1.95327906493316
4.88805202201987
5.18297359617228
9.85770504760521
-23.5535500996961
2.59862394089217
14.7276992607135
73.4145608660193
10.1592643200907
14.4656151879115
97.5845547769217
12.6371792144424
24.3422881357411
45.9697670689582
9.54741332721126
17.5843048079723
-83.3923596352732
10.6833453787845
22.4335287820092
28.2086586528493
8.73198020775393
14.5408225017002
-9.88223079126034
9.74330767472577
2.84761956821535
-92.8434744379085
5.64908231873115
18.6338936370971
60.2814591041804
9.84729603807009
23.0105065219382
53.3402737500543
14.9876686708783
19.5242255982751
-87.6171670058816
8.22902028326319
3.90053155921891
23.4964451655635
13.0482062235833
0.256262989282286
20.3193182194059
14.6337029738321
22.7862339890174
48.7854949748910
4.71570217924993
0.737364968242634
47.5249769395649
5.92405727338539
17.8253410993568
74.7713242732405
12.9912114643763
16.4643351049106
-12.6388159722021
1.00429315957001
23.8405417155866
-57.6523427338563
12.8584273770798
5.16833492465638
-34.9925656261152
9.25326258207290
4.70615195515861
-20.9208224692093
0.830533501632516
3.70301511579367
47.6428156173633
2.38931358291635
13.5707927229885
69.1314376907141
8.90402737677620
3.42588999435373
-75.4951245995990
2.23384286831878
22.2338844328947
39.9294062933252
5.66860341710550
6.81957463877642
22.4382166710449
5.88302190266639
23.2652357083301
49.6779107925151
14.9017487009568
8.39069994095686
-36.4574655609755
3.63683474814047
12.7578354383347
22.7281435577570
14.5972199147983
10.5643931700005
13.2134347634255
4.39202313990176
3.10413903111458
45.3577592461228
13.6583609189694
3.87555454869044
-71.9106180726266
13.2760389706847
23.4540494009151
29.0282706184420
15.1529751536399
24.6925731682489
60.4797810457834
0.520718669979068
14.8830655761703
-96.0768645686992
8.94244545123122
5.40485077156153
29.5321976553076
2.77754148209357
13.3298394505202
82.0812909819737
7.85204101949581
23.9032901241662
93.1798232961089
1.89924474371281
5.37562855323313
-71.0309718520219
1.53641218797653
0.476377382483884
33.3753836550968
1.41959280472327
22.2464863493203
-77.7715926528371
2.80762905517747
2.14169129144031
-31.8162977426894
12.9655285517132
10.7226644545252
-91.2750581995023
10.9043546038889
13.2792351958942
83.9557066707801
3.75173931976939
15.7657590102068
9.40391103186558
5.01337783115787
10.2165676521010
44.7818164201402
0.538157756363018
7.59547103951638
-14.8213894176420
6.91895549117598
9.40136661187950
-47.9711177055779
15.0922362376394
3.11803981022302
-86.8309882710715
13.2343444957864
24.4757348505136
-62.6678829617030
11.7591665492309
3.68408727726900
66.3186669404138
7.75789097722542
14.8273186795346
-50.0767708635777
5.68795980955314
11.5583569338823
-80.8526108366398
9.47315584958233
5.41509730913208
38.9492901070382
15.5078088152461
8.23106186337634
-10.1878468791291
3.65768026344508
9.06876674726071
16.1375340660411
5.72866883192936
18.3048950665428
-23.6412845513784
10.1451298686363
11.8265124016591
47.7604133140124
2.35675857236460
20.5711816138269
-10.2987572400925
13.9396757299922
4.66490629625136
49.7473441495623
5.49327643143151
24.3326629965062
41.0396549400309
6.78252447198432
20.8383978332403
-46.1622942642743
12.7577525711867
3.38812007848108
10.8019874755977
6.67000453909658
18.3484296872933
53.6548679730514
12.9687355857253
10.7216432556441
-75.2241842721889
0.399816588290870
15.6891388415755
-96.1230100725850
8.30304652417839
4.07364653762737
-2.76676070504844
0.0767806517727383
7.81808283425837
-99.4550066504446
5.51873591450944
0.979513879397517
-2.95811816973783
10.8358659114748
10.6126659112307
-27.2736678616431
4.73908267657061
18.2280073895945
19.4816296544936
0.671497358099778
20.1710286261996
-8.76609740122434
15.1627057719908
4.89982878963320
65.3855713414565
9.37815134789458
13.9032170294279
-22.4682890999733
6.38783054087392
24.9000784639525
11.4802451303931
13.2218294085859
18.8104046706289
81.2589939723932
12.5398285616831
23.0152067547268
81.8663963250167
14.8837337340882
18.5141837666745
9.30559606669186
0.571302572042567
12.0168355725959
-52.0245655995147
13.8284281014799
2.46165608214154
-27.0956814788170
13.3736354258061
22.6435588104709
51.0974467166944
6.33890018026104
7.13081686100858
95.7995874479659
7.59068027997807
16.9448611053983
-7.06458582755636
1.03069713256990
8.62696553192036
68.4770835559416
6.91946750089611
21.8987979156387
-11.9924833340907
13.1700311879090
2.98351286646718
-81.2831572365302
4.75394093645657
22.6408807634494
-52.2077981187427
6.94226980864508
10.1297465815797
-24.8980653781801
3.01694204506569
6.14606677686551
54.6942319051426
14.1768429397489
16.5998650794024
-83.0616137314342
1.21007456176128
6.14307284807322
72.9248191929822
7.56605954268303
20.9888970723582
-24.8742522881052
1.10382107791562
9.28193768173095
56.6255871060985
1.72062138518313
0.745491365488155
-57.0279737600489
7.00566153493025
19.6094736970329
29.7176490944921
11.2876150174052
22.7674220015696
46.4371151113619
4.14505294382062
22.1180097587868
-14.3124229577769
4.93232618513388
20.6113561527519
-50.8504210317690
13.4970260411440
4.74075344715335
85.6618526916609
10.4687369254457
4.61058951331942
-29.1254921097984
12.8137179200163
6.08263313741667
-77.8735750717937
15.8639252446500
7.05111718019302
20.4559214756066
9.69985576117672
24.1048504354160
11.6246079135436
2.61725053351154
21.7499008197050
-6.52461157334832
1.46823699205566
24.6991439207771
-85.6685353228563
1.41588477442145
13.8109850518583
3.17838412025893
5.45758171510907
1.04509289550936
-74.6884148880134
1.20073624769858
12.3467917410198
-76.2872349912670
0.756688030204080
3.62873506410872
3.77317416343743
15.2428344465919
19.3914622965808
73.9151975795623
7.80770794815057
23.4574916434662
-38.5029339216721
2.62457699148137
16.2368635991834
-39.9684766875044
6.16663879089296
7.70396008309748
-47.7098060477100
3.38130176877819
2.72944923335204
-81.3516917597418
13.9794583761329
9.93325132619370
-18.5734884616502
1.52501657383993
2.48723560589191
17.3325228233916
13.9096297647977
20.7700590296183
8.58749510869235
10.2524571345490
0.100137798149913
10.3861831960057
7.80952524251740
2.45791630317809
-82.4483568771726
10.1808621762684
2.93145851120023
-73.8384319231670
2.69610596962789
10.9891226656417
98.8169538657263
5.53862401386936
8.87789272093775
12.7524892634537
11.6795899501238
6.04128266632547
-47.4054856513290
6.05713102089025
12.2136012066208
-66.4724994296388
15.8432854325479
5.86896315184698
15.6114874314283
0.0430176452686517
15.6559836963219
-33.2814709232556
12.3251639636468
6.85064887101483
8.58375457409186
8.58741970635560
12.1806944161006
-36.8742830708381
14.0190163796569
2.70586461821606
-26.8979480834191
3.68580551701773
0.0701223990306481
-30.3625976648489
0.374463550400099
20.4385930169935
-70.0289521823350
15.8058593308765
20.7275759625522
82.3580199033275
11.6501105564384
15.9045038989199
62.6110327835361
7.84432149281673
8.46127800620683
92.0527846830690
5.84153786390618
24.2013364189346
-13.1881375636797
14.2077556263759
24.3492741800847
-26.3682529840370
3.73771101528515
10.3992016470052
40.6975762513628
13.1378265958989
19.6862287773511
49.4497756431550
8.41760577667471
17.4970482499742
45.8576471671102
14.9689891132918
20.9994914117530
-49.0029154794357
10.4746447470667
3.80634500285228
-3.57742528364804
8.63736246340651
14.0529225010935
17.9732170893395
5.68322158804182
23.4916674789723
-84.7069769174671
1.61011880340236
15.7980853811784
17.7556960811655
10.4562129156068
6.77472160390850
21.3814034696178
5.18566879701051
4.47007713702133
-14.7278983684847
11.9105312469273
17.6877397318191
7.45386898934108
6.43630488612710
1.20666962953757
-80.5260596487220
3.21861321313037
24.7165402497296
-97.3085093619323
10.9433837445956
7.36177310300796
-84.4472978942756
4.00253638592814
15.4612308140424
-15.6018996330214
1.80639484521653
8.83041703038722
25.3304221358148
1.19137033751393
17.0485702762874
-76.2282476823502
0.302081197137669
10.4368426292914
-72.4624844399039
4.34563245677539
15.1947053568228
-4.63432663674479
6.95278605958801
5.37828404614726
-79.2221038482662
5.14628095053568
3.05094364850518
-70.7378521004775
9.59237898981849
14.8948068393294
50.0361141516774
10.2884329569241
15.9869486236693
73.9341544829329
1.50119271420621
22.8671691463709
-68.8343371732924
11.0270391692476
6.16674133995729
72.0321242846475
6.02848157083436
22.4300867975640
-11.2008431378524
9.60309204618530
3.72522512828223
-35.4543575311330
0.902987387210729
17.6580272859485
-54.2873685803997
12.3232759394378
2.01743218196744
-31.3360748591613
1.64771583701162
20.8665105826327
62.1684575395154
10.9055455119428
16.4066286150666
-26.5859540290241
12.6444662651372
6.08393398956734
6.44773562415033
1.18676858111575
19.4152868184981
-12.7863773147521
5.10101127678138
17.0089240945795
65.6760813004893
1.64868647502656
10.6453202122898
-20.3646436074797
10.8608105028646
5.33361745182142
-18.5995297623199
2.57504826601314
21.2315790636617
63.4277978819508
10.1744145672303
8.68185357556075
46.6355840812863
2.44410627712603
12.5245257907084
-74.7450306853694
12.0842260577523
20.2867914618427
-56.5864058892016
13.1647582535630
22.6988783110662
-84.5410357023620
8.78530256828000
8.49869277935366
-59.9907698916617
4.26047077293146
4.95770738702746
-48.4248082130712
12.6534011263324
0.982194769578463
-10.1651955737459
12.5637583827603
4.30840359249198
44.0063619944902
12.3429798622115
24.4789202785426
-74.8997773587412
7.46042631268909
24.8528085038432
-75.1050747952327
8.68299570969293
8.86063659818800
-96.0951046382453
1.69236214678379
18.1216862347941
22.8458306037445
6.41146647885604
2.28543075086224
-54.0770919662616
0.517274584334823
16.0508227366721
-56.0727371034288
6.66504226663084
20.0741124441700
30.9865527079339
5.66505358087822
9.05592246476040
23.3373584386952
7.45419256602900
20.3251729124709
-35.7064583446648
12.2139711636491
18.9715422423612
-91.4613819793213
12.8163265211483
7.57260776744414
-16.9620778971457
2.37769866541881
24.3614900065715
43.4341755102343
9.26420738682798
12.6649146252171
-36.6505704171428
0.268267894227824
13.8327363749415
36.2024928819135
15.7167568982198
2.27939012536137
40.8381173883267
13.5232049187262
8.78458550224122
-77.6417691580613
13.8722590964445
23.4051485922397
-85.4674387046078
3.06085285462485
8.57128563298938
31.0210381813133
3.20784830648658
13.1069453264715
39.1109698754918
2.76855820164941
24.5399191806189
40.6653816712034
10.3321840133406
8.98793213064962
26.2560550202748
3.44353256726732
22.0001895473366
8.22814955985329
7.33270264377281
15.6141948226723
-54.7536133032200
4.74082248635801
23.6016513336536
47.9027405906728
13.3483243261104
6.13103918306811
42.5700144591361
12.2012345030261
13.8244832757603
62.5070660035663
11.5340373506921
8.05015340913318
-88.5155235363460
14.8438778960034
9.73997484137189
84.3861453945763
2.17041804090146
17.4797529167190
-87.1300508880931
7.57577375996545
3.70956630260720
-99.6649363969317
15.0706779227763
21.9653567153062
50.5002585959931
14.9895200294003
5.05035347954207
11.9265926442950
12.3912499323105
3.06312697873674
-61.6822380963695
5.04410629873109
2.62326510250712
98.8377707974067
15.9924972507920
13.4901680549413
-40.5085997284977
11.0548457223485
20.5287539781153
97.0118021615108
13.6991372002984
11.7159509631314
92.3539186936055
1.57703077733907
21.8622949463354
25.4513800579137
13.0701036649190
12.4285403873932
41.1920457072330
7.25061679423905
7.87165986667859
5.36318511680409
0.971485792818468
13.6657396407200
-81.2545262213391
7.74247927412941
9.36285886795192
-67.0814382879743
9.96640997572877
14.2838487176416
-47.4327509073815
1.55831423327388
13.4279001712339
-53.6905333876731
4.95913667958150
24.9464137255338
-40.7267564875670
9.65307365527739
19.9653979909070
95.6941910006245
11.9315727438572
3.88108851608184
61.3084734100485
6.08294805871097
2.35457459746226
38.7707495594326
5.36382143067960
14.7544925623933
-6.70085307448389
2.19048135845881
13.8556341745911
-5.52702670517622
7.70856044788113
18.7058916158471
66.1826397284121
14.5454226748003
16.1210616509078
94.8127957783651
4.30552883331134
4.30731007265640
-30.4776187135268
3.50968487113056
1.19227000308472
4.61417613349751
4.36194747522980
12.5722741972093
47.8529361407195
11.0197342938774
13.0628950861616
-90.9678825315526
1.45274934560525
12.4059920588133
-14.2496150856183
13.6242669359025
7.18489662664537
-36.4652179238056
5.33072718314854
0.461532779101875
-1.14786068764063
5.38831894655390
14.8785140238367
-29.2827522459135
4.07622676544943
5.76000235924870
52.8368883231141
14.0235336036058
8.82494027123751
-26.8751439436268
2.34573990992054
9.01765416304248
66.0306889515418
4.41309822035459
5.92161508307380
79.7685681108343
10.7809551049806
8.82535159392305
-13.4474949380946
8.12667536524464
11.5366111635600
-3.64450211100480
10.2014332744687
5.33557694625894
22.3482045698832
9.83458750066875
14.4752818303675
58.8434836696187
9.98369353391888
18.2932839391094
67.2166241896944
0.108061060587350
12.2828456552490
84.9906063375158
7.69460790052817
11.5466389078961
90.8032739047842
0.853617734182812
11.4359386080806
-30.9112581368792
8.94942770180383
23.8808996847098
8.34004891805249
3.67536586879025
13.5972470507887
-79.8307812568411
12.6756729036759
8.01075791345657
-12.4697222698122
7.56107549999436
0.0278135049494388
80.3387399312725
10.2791773733060
16.9938168947844
-4.74489414405814
2.56216185192482
22.0021550269879
68.2321567424567
11.2454833429903
16.7554264060081
86.8624150408577
0.883089752998636
7.02455932086547
15.4964204502151
15.5978997276996
4.68058989010473
-77.6124136099484
12.9486670570212
3.87875300696882
51.3355199226786
4.93032312871443
20.0690827206337
59.8053690303963
13.0680133904311
5.92782012486334
-0.305220987839672
13.0891953297808
3.43647191292119
-48.3587240821535
2.66838799514980
17.1136263632356
-40.1404413757227
1.66690514385011
4.56925965662895
-50.6191105108629
2.05846203500369
0.850006298305850
-13.7164567101970
2.32765732543242
1.52301935463558
55.1370060240252
1.92884613681878
22.9917619229127
19.7505882778140
15.4968729208341
2.86996911379936
2.55287790613667
5.88048810696879
18.2338213384352
-32.8087139015692
11.1606593527908
5.98693575817554
-48.7783918849268
12.8896467736212
12.0102801648719
-70.4918522748207
2.38131096850457
22.3287982902381
90.5585789878821
2.55115884690634
0.620828442507079
-63.7516944261978
13.5728757140471
18.4087241056952
-57.5203398956487
11.4087564043384
5.15872040528605
33.2728175101495
3.77428003304794
4.28608488653296
54.0304320268508
7.55699738898028
22.6169992327625
-49.0545454432101
10.0416755417659
22.1717500693645
67.9554532156544
8.36830369220215
22.5701084767880
99.1824011369232
4.69982226841296
20.9727622551601
-19.1597627939747
6.34157941673150
11.2214612485120
85.3692276385055
3.55747838247872
15.4527248771030
-94.6410166802135
14.6566328648157
16.4774178714492
87.8575255560793
9.29440390872794
7.52136050185476
45.1502687653563
11.9047942852114
15.7330990937277
99.6171743672710
4.21519353309050
12.6977457892579
-13.2742499994695
1.42557014986023
21.5791913659072
-7.13428460288141
12.5504159918008
10.6241093025081
-0.333091841596667
10.9624843026417
13.0919816333903
-30.7834494075161
14.6209929810445
14.9992348936751
13.8436834560890
9.28836586546242
22.0644094773393
-33.4759694044644
8.44692306943178
3.42462987211009
64.8017266899748
2.63951784417999
12.5371713524296
5.02148469272064
11.9973437886746
3.74610013216144
81.3220494329383
0.765217275085320
23.9433943422970
-28.9117959644752
3.11160777104444
8.65493940264733
-83.9233336723665
11.0249376532532
4.37550436155980
-70.9233415086875
3.66713510492656
9.74604674580548
75.2485390337286
15.9456384635979
20.5051024174672
-1.94957050165627
3.53432515670406
16.5999469933241
80.0275584811392
6.76146386590006
15.5626901273418
-62.5235210913874
6.19422191598054
0.0913968251801922
1.57350336402196
5.84618400665030
19.8508169479616
-85.9938386200749
0.870938344397320
1.04293760819468
-52.3842973747842
14.7761488988009
7.83231657791534
-14.6279088498490
14.9574065123387
12.2603261626326
-62.2157161737066
3.78157162544501
6.37638790343479
43.5546116731640
10.8321572161747
7.90945399393216
-73.5671571796295
12.0034650041113
16.5166547809139
-47.1699474842191
2.32357135185117
5.04994029635333
-11.7255076721648
5.16622390365728
9.84123569134194
-32.4284682128129
5.95910552853700
15.9353072337082
-1.68304031319608
14.7204754803806
22.2198029519649
25.3496219787455
7.01458665811284
22.6161979835038
92.8927646625120
5.34914867953636
22.2503843804463
1.06282591046507
7.13381438303799
23.0516032966486
-42.4103256103792
15.2144999359316
23.6979743704367
-24.1042667815521
13.3702539847627
6.63899131997645
-22.1467964437913
13.2051258814057
11.4440697336997
88.8920599005328
1.76838915865281
12.7672247728233
-19.6692746889947
9.73241333763790
10.1005584476051
-26.8786358080564
12.0552285912863
14.9928045031865
10.4409113482230
4.04351807417286
17.8494566242267
45.9689683443479
12.2975622461466
13.8482617247909
-87.0193700468779
3.30041893215495
9.87970492925089
35.7934836344519
9.65118888668277
21.0942175100287
-63.1352863074729
7.93452026434009
9.93856231374666
-37.8632916632016
3.57545455821814
18.4761903722868
51.7191139030053
6.65773170362645
18.7152462186730
-86.9290179634214
11.4319793311472
4.17263642993290
71.3681820510494
9.58936218334106
5.76462487898586
-17.4885215341994
8.49911685285617
8.64146827019050
78.7108902739113
5.91027677617507
21.7951491643562
-68.6310010020370
5.16634969335880
6.55260524667279
-50.0691619866370
13.7326311668999
3.08995173417741
46.5962954015071
15.9950675992102
2.58089936938891
27.5327221325962
10.9303703556967
18.2289903856615
83.1824910995221
11.8695069956460
12.2337810872477
-45.0124510432930
12.0827168230157
17.7395898060337
-40.6931280965505
12.0182086524705
15.2627585268026
13.3028783916817
14.7143259297080
7.54637440366074
-38.6537995162751
12.7914656629525
19.4191773534418
-4.42069861202921
0.284304906946353
24.1792068300080
83.9966706002743
5.48837958180449
17.2438689949380
-74.8754372657841
10.5488412031289
0.0919974309264600
81.9867019780136
4.42594877193563
13.6853681539076
-17.4205771779212
0.952174090580300
14.5422340900274
81.1546288371956
12.6569627748299
4.51027478934009
-64.8374482888816
1.42061069567311
18.2980059290581
-68.3521042537225
6.79577106346112
11.8797815932655
65.4714576469515
11.7489699600635
8.94400730336483
-4.89007806733177
14.0370664473212
5.64554021851209
6.02234051682515
1.89077688233349
19.5572172963693
49.5720915260946
6.49923533217148
4.16229811316400
3.97110338224440
1.01339226841212
19.3039361775861
69.3228921515131
9.21032758742163
24.6847655861424
-92.7574813958159
13.0860185941981
11.6947136965695
-76.6561454171576
15.6476879213235
8.31968752374603
1.35464434857340
13.0588319485136
15.1034352983775
-26.2506279611241
14.7461931921688
17.1516922534973
-66.2561118616618
15.5287636505855
20.7342380857313
58.1317294978685
8.27131409960505
3.08222926301637
-76.0142404960619
5.65536742018469
18.0147593538249
-3.61127630298255
10.7352163285162
4.03816732503424
-80.8640643950680
6.00478845669161
14.0183017631681
18.5455870341926
10.5361640268055
12.1895906052689
-27.5069325916912
12.7077527894857
8.02213485246387
81.2121467119687
6.05105615360942
0.655789267226590
22.8428293748401
2.99614559434792
3.96955135370157
-97.3505317949648
12.0466584912866
23.9747806840410
12.8342670582613
11.2538999472913
18.1702079648755
-33.2983818705648
5.28357791199377
23.3971835077587
53.3375869621008
14.5776217746408
22.2383950781819
18.8005424447279
13.9617616431583
20.2561963272633
24.1504539151344
2.60681551275340
5.91742560791006
-99.6790966648630
13.0313765532060
17.4304082722422
37.7951495737613
13.5269291201874
1.84071722103182
-69.7359633083780
14.9748323771473
19.5455976134955
-73.5529400072469
5.80704372229992
5.73321238876356
-59.4963141029430
12.4367016785476
21.8002394420089
42.4998502598917
15.3177280533020
1.21491566017453
-9.00133882095839
13.2953915750263
6.77273354036393
2.44057832457401
0.806250580321510
21.3560094772429
-35.5682744255102
13.4461480094527
12.1887484606247
75.6484557409601
4.69225671918507
3.68416942277168
24.7626258152444
10.7385459716271
15.4350109913526
24.7159631311084
0.924130733433801
2.54780716794467
87.4460206886412
13.0022902378835
23.1466462010902
-25.2317433047687
14.3164995511581
22.6821445348373
84.5815596725115
10.7555455095559
9.64528391308727
-63.3878617384737
13.6531953186482
2.08519784524887
44.0262623764676
11.2497584832135
1.15205439078867
92.8652776526733
5.31936249880076
23.3918313612416
-42.1009225577634
15.5540881589781
11.8462804877161
-53.9632042042030
12.5423180189730
22.4590979344330
57.8687812663392
15.6953618656705
14.9955810783935
46.7350680873711
15.1674314545211
0.250901898940670
-70.4155207817971
2.47685438182553
0.552349511190069
-23.1013518135018
13.4339677712465
13.5365984851955
64.9502383139859
2.28732543509321
8.80783143193771
45.1424801813411
2.96451543287640
18.8837680241765
34.2371180670894
5.43306266577747