22.2970046255054;9.03551130632505;14.6208333327546
20.5003247733246;-87.4986695913815;1.18856003187303
18.3014216881724;7.02499717545992;7.54410636608185
5.05634291137374;29.5062431302134;5.76873535181580
13.9955157993834;6.22437298972793;4.88948925609224
5.21996769096107;-40.3219667418411;2.78992295000127
1.30743988307280;-1.20824421767096;5.61070019670121
7.67271233564920;17.1044792271674;15.0976151205409
10.4488610876393;29.8069601230315;0.279018887391777
9.58916457208754;-10.2200495032866;5.58437192522012
21.9528034899666;-79.9499159721531;3.73099107976704
23.7337793659141;-18.3924309477187;9.02762618433486
12.0311551087397;-80.3399784426481;9.88847774547480
11.9017964358449;57.0102063160445;1.76190182538002
11.5932002713148;-20.7100641738957;9.02322806432412
19.9854929612752;-61.9350803468866;12.0840569280995
9.07669485316599;14.2000519969314;5.32560047247015
18.3966963071277;93.5905366812972;12.4571084505268
23.4741877114498;-55.9927619726066;13.9640112050225
20.8305221480111;-39.7875875453681;1.65891173142922
22.9721055801778;-98.9518308474574;10.2285795527249
20.2107515295616;92.9023338217516;5.17349766660468
11.0264890337957;-64.6516686536035;0.320277622885332
8.33739554953325;17.1959061370367;10.6471678250782
2.97564216725531;-74.0764428332526;13.9392500510936
11.1495696467369;24.5661487242605;7.60454426776894
6.11830969510920;-43.2079816031155;7.42301137502184
3.06233326701616;35.2708858723462;14.7308389442784
19.0856647596212;10.2122992837195;8.42746313183504
13.0453614708958;-25.0247365595880;10.8860085339319
5.84695768702854;24.3644240659160;3.01389011893313
12.0695950459484;59.8499835792893;2.17159998797501
20.9801421723656;5.23489113207114;6.80789880028532
19.8367344622770;10.0917822246426;13.9342931663653
13.0981542932636;81.3199892762438;12.9667952486226
9.96776536760642;1.38092553366287;15.4803321201069
0.182610485587073;-92.6513388007078;3.59397629332064
16.8807035244218;-31.4984366060159;8.52026092185661
0.495711418836637;-44.6725387942149;6.18424684423125
2.52824534681788;-32.5250938287843;3.43467837580106
22.0513898199002;-92.7380490961880;12.3324410386079
15.1277090010601;-17.3763419498128;15.9901719456311
13.3105851276561;54.4106446561906;4.00767156424732
12.9920574022615;3.70415495318395;1.09772393511809
18.9714023112400;92.7061683647483;6.43613917149938
18.1028208968707;42.7591033008626;11.7945016384020
21.8807858233490;-54.7341562958453;12.6866515399441
6.42298551892046;16.3741143698959;10.8766598826578
24.4945526347269;4.66095541317391;11.7085925985409
16.8563706896555;45.3513595333312;3.88205202549501
0.859095315269794;-15.4745805590564;14.8466336445968
18.7718420102564;-38.4441078188703;8.27792556567470
20.4393398045769;-91.0546718797602;5.89612293956899
21.9848788160252;30.1034896987098;5.10775359944867
1.77077419042783;37.8216375504977;8.95233086873866
17.1613602273623;93.7065113673209;10.7640707230689
11.1249592726608;-23.3322126888460;5.13989718737852
4.62013329902883;26.4389846247258;5.31232276363341
16.2684597505446;-84.5553623498783;0.109238752702979
7.84583365854196;93.3604519513331;8.54556830372976
5.30646558261454;96.8530506471956;7.87822947687519
15.8342243899130;57.6037213769286;14.8864062466485
1.05011068385415;21.9648202270014;6.41178019850292
21.1581856883276;50.0705320665938;10.2733786516746
15.2827141793306;19.5785579354972;3.20981591251124
12.6415685031099;-56.9414566664607;4.78853441889572
20.8286059464494;-71.6029988067576;0.805478301630634
18.7060070909524;27.8108231159193;6.92549874928376
24.7753283964555;34.0364609448103;15.1693810771697
1.69117401710693;91.2197218806408;7.78183101962677
1.30383682155910;-92.0780840274848;10.1635181989246
20.2768906876051;-63.9674503152336;8.06736519894161
19.6876471562985;94.1299907786297;10.1657053573049
19.2184309059614;65.2967744503537;14.5775072569839
7.05202838536459;-88.8744580020557;7.54799219408301
14.9018792421773;-97.0167293716868;0.355552932161933
2.77982515098940;98.3232093383309;14.8770014348592
17.0699386074800;48.1082548590846;12.3194559823446
17.7899423739932;34.0156172633716;13.9984438527185
22.1413921357096;58.4280838259901;15.5327688016227
12.0723849293154;-61.8398744360110;5.68035915209130
22.2413695234058;41.1529318997596;12.7649093029686
18.0055992681838;-95.0001272136815;15.2483319471370
5.56792739598634;91.1620582754493;14.2510297815993
16.1257102641099;-26.5033632334008;4.83385020498603
6.74474485440288;-98.7698288549322;0.929146627425654
16.8391537717645;3.98508668915711;14.2661380528981
23.7898526039148;-88.9291798356932;13.2617638904193
14.8314431195444;68.3690867794806;1.23982408960643
7.46413593701181;43.7326328950179;12.1942019380301
9.26989011099759;84.1621227700190;7.23687810921229
23.9640314239198;90.4518134162745;12.0308964544659
13.9399436437705;-79.2481563447726;8.12049984672703
12.0167600110417;-61.1631646815564;12.1775091863442
20.2619816747341;-88.4108754475618;11.0004417149554
20.9494438292878;8.67056420116026;12.1065356961669
0.858879247651826;19.1863033323399;5.05123584904255
9.44128408264724;-77.9076933511017;8.16014686415096
18.9146190264697;-73.6213853865308;5.81838749572151
14.0219615545964;-48.0064041564024;3.64797459667725
7.88500101776172;65.2180747335001;11.9997928085226
18.5173211401127;-23.7625310759696;5.90957054671104
11.7984314801533;-22.0411229834660;14.3218507556970
14.9090957335772;-40.5238922460124;8.55846167870383
15.6746631302476;-92.8745635952764;0.403934426169030
11.7556846442391;-8.56528222342736;11.3307941108884
11.2283577927731;-65.3906228566740;7.66779550291781
18.7338764155231;-40.8189105370218;11.8549389258886
18.5797379535785;-44.1297278332273;2.64746698316687
2.42119229047677;16.9804667321575;5.24332558983935
12.1295724478125;-85.5706334263602;11.2944867619347
22.9007120418082;21.5703450970691;0.933343579307735
14.7997346659878;96.1449569183726;9.32987158146569
15.4336327444556;-34.4881541215048;0.340059811428237
12.9844847534488;50.7027716862096;6.16159898757709
9.68431877910255;-83.0598138609316;9.49554657071098
1.30422590828402;13.0325404316269;1.44783855470947
7.39925680604153;77.9647349844287;11.3462934585425
15.2279944545737;2.61528110410940;12.1557315003574
24.2899128421124;-17.5482587325596;12.4400075092623
6.60293867562045;59.9924488218274;10.9358233822216
10.2996893212931;-47.2818561249684;3.56539505367222
13.7363001725532;-43.6963706956291;7.55107018882537
19.2813666719539;67.1176712233433;6.31645103315059
11.5777634250526;63.6562646602445;7.63000379606714
8.77095554338111;-51.9152601069875;11.0571596965804
20.5583338261739;-88.0118118387395;7.43546298242114
20.4788163999101;-45.6279133204585;11.3200931841207
7.74366541452141;40.5579405018863;3.45263597620609
22.0941059381394;12.7400009598827;4.07779901259620
1.27213131823897;-3.54053184819925;0.519109092145442
18.5206765219903;-84.1973075323358;12.6265929637260
11.3001275319525;-46.7231903450589;3.27525848454578
19.2688560614556;12.2980295984097;5.08078147150930
17.7188171492524;-66.1945840845621;6.31321300025148
18.4301376019494;8.04473438558635;5.04108169737336
21.0187623131739;30.3480255300101;13.2513709389892
20.8909082119709;20.3279610638161;7.30650216446755
1.02376097095896;93.8867895230561;1.80159477370732
20.9462773518267;-32.5577443327842;1.51158756257341
1.66103701565859;24.7514345520302;7.97929407580969
23.7826529215954;47.7645744303389;4.67926641863993
9.78912575986345;45.6627768729864;9.34389004538499
17.4893734348332;-22.5241896317592;0.593042104058549
9.28059755430788;-7.85268459349595;12.6355051088908
9.35706360925912;60.4121402148029;11.7025312750413
13.2904443808043;-17.3663936537767;10.7975359365928
24.7572631073540;-5.22650842033046;3.85719400962539
6.88812107910226;-31.4106598436482;10.7112855811214
21.2169765822473;-63.9437064041037;13.9093217134517
1.07160235981717;30.9615401935842;11.3083471473977
12.5291601571359;-6.36876683968546;11.4937280801055
20.9081121014873;-12.6154313234849;15.7775987117144
13.2033929300662;9.75192151179078;15.6433641629240
22.6074397011599;23.4861825365746;14.1674484131031
7.16552952534105;-92.9914541281632;5.63820370629685
5.81467049096135;-23.4403360413245;7.40916091343589
23.7413329022550;52.9988379814557;3.35288823218617
16.3024908303537;59.9199183219382;8.28735929029027
18.7159587416102;79.8960805267440;9.40803479257365
2.50971091977040;-10.4180401440755;7.90360207462997
0.0669355439470714;27.5317139844148;13.4299700915923
19.2019345602239;55.9936574929128;0.992309113458735
6.03955342238675;30.2934089400522;4.31189593818224
4.24720734854269;49.3715898873943;11.2950552752627
2.63854510224375;72.0089765923427;12.3410777540578
20.0170952633442;-60.3629032271210;1.92335364525422
24.3865215235102;-92.0617641526934;7.70024588791240
5.93425782028867;80.1221138121829;6.54215930026306
17.1371309966978;-8.98237330216107;8.02584297980097
5.88985202343978;12.2780030291791;5.13408078370464
6.31633525427409;-90.8866642238841;9.75660996715692
13.5210664333147;-18.4841281795187;6.53178305962295
5.55484388595313;-21.7454519505512;14.2660619546235
9.81063730420135;29.5909215090378;12.3913135293671
12.3811062929932;13.1243839887624;5.66596458833669
0.179027843054694;11.9541978738356;15.9233747663239
18.4240249340582;56.2092580030433;5.84401886570358
15.2691443588663;-77.5466683876899;9.15570632076432
8.41402470167188;-64.2594423119326;15.7278300802958
9.83345820806758;-45.2364156203623;0.945644897420733
14.2517461339602;44.1869426809798;3.73761963431019
16.8197684351814;72.5612194203260;8.18285090424023
15.1923892314737;8.50530783779138;3.37858437250333
11.9379273149480;8.15826037281353;11.0859147728404
20.8461533003010;-97.1147257799214;1.75744481261519
10.2865572477947;61.1634527012934;7.08792964284716
9.72416283287763;-21.2538022046185;14.2097207473115
23.4749881324442;-30.8767413699780;4.99743015935078
22.3397054632607;99.2306437417158;11.2190478172459
13.7555055272155;-99.1830517282084;0.265897644976153
14.6074822346728;10.4382499500223;6.04666516767672
22.9897599876879;29.7499563665635;10.9745793115730
9.43725427808836;-68.4299278446395;10.6129272341547
14.8054953596559;-74.5574097565041;12.4551317228887
13.9228408526896;59.6264482714919;1.03145750697244
23.6422489149460;97.0334765001855;11.5832776637008
22.9403793363888;56.6236789685337;5.00532223959554
16.1882173466833;-40.8984419787802;15.2743321460476
7.52923407252428;-23.4618426809189;13.8763562999972
14.7586297366082;12.4758545150758;14.1270391183387
7.41957772890295;37.0469309080070;14.3498813187920
19.8353369770289;-15.6262924333212;3.19338063170383
1.80836638849507;-60.4849035466529;8.05310959437635
3.52681987919457;56.0999197627841;8.42867660336108
15.6193684040730;25.1210508053108;9.38891737070128
13.0752575194164;59.1784548624610;14.5046106374009
7.89948551086373;-45.3259851687121;12.4411172985949
18.8275195343272;-10.7438843627795;10.7458126657985
15.3467163481038;-92.1373321042865;1.03632070694980
16.0371481926131;63.2755603310922;8.04402163619090
17.6888319568076;-94.6519429470076;1.21284842903929
21.4312135900509;-19.3913510301948;8.80351564907667
8.50035642409208;6.17481443168844;8.52112200430209
22.7820350771122;-77.8403508734507;4.12444069457222
15.7088219161215;-12.4339415938820;1.69848892020407
16.4631694513924;-35.7600433228940;12.3571283578164
21.7836292189245;86.9364252024441;6.78389746308382
22.1338839362023;72.4250943408186;12.9816499639647
9.03931766642409;75.9880994723415;15.1688837672324
24.6000052065522;-27.1276597519736;2.06835626068195
1.79063631077561;27.3595520614374;0.970947926344365
7.79972387611849;-53.4221642977200;6.04974995946816
13.7451610399453;7.79707378856263;7.30684353496987
6.70986116948823;90.2204388014114;13.8466644123792
5.84440935503429;61.9376702487850;11.2326193772067
5.35915257268370;97.1073755487992;9.07076057276804
23.7940902802654;62.3048009147353;1.96131998981766
19.6913540180841;35.7895350871174;4.40123434709213
3.98661521472086;24.3420254479061;12.1025022366183
12.3404182627140;-36.9449095608140;3.00529272850496
3.54724386486322;-79.7844797619815;3.74356351610759
13.0146667009247;94.3343566725617;5.01935033152309
9.54209418171891;-81.0485371318734;15.6427834605691
7.74518984259538;-6.76495870411586;11.5174778612806
12.1362448517168;-14.0861438001606;15.1894631235489
24.6264721191310;60.3802992532507;11.2869878874449
1.72498792009594;22.9603743666424;13.0538763863943
4.64537312820024;38.8280126205226;6.44290345405729
21.8050468204039;96.8822856236502;5.85176620352801
24.7139101475849;43.9686267869155;3.28369024686756
12.1343802253012;-84.1715313919538;8.01579918075856
18.5717236865530;-85.5635770558477;14.6513520625432
18.9724386921812;89.4064301689473;3.39576045651439
16.0999910546614;63.0521778271467;2.83770732730833
13.4792604435431;-19.2937112997755;0.347652075869696
9.56638495977653;-43.9815192731360;6.76263087733108
15.4787437409886;6.64253618664874;10.0347140776465
20.5372574605804;14.3204123949899;15.2761980618047
20.1716377369919;33.8710710606086;1.37002777258483
16.5195803419948;62.2377468370206;9.19011288384278
4.89461526853978;-79.9480442830531;9.96430726100538
11.7292227147799;14.4025725345317;2.11575888996507
4.33684186390993;56.4713428809281;9.58424850882495
12.3452361154694;3.33338661551896;2.96942146294853
4.91591289512783;17.2450266446069;13.3629622105634
13.7518823234731;9.72707653100506;4.04245573014233
8.01491563464387;-27.2978304142033;5.14519371917067
8.42698704566005;-54.5502256939807;3.99511260211150
11.9046543461970;37.5957408815602;5.98567738288470
0.940877581699775;89.5752866103886;12.7256981034846
10.8330396058245;42.5891029067466;11.2459463171616
0.320024613426764;-61.3606171390748;8.39418206632294
8.09810539593658;51.6198287507141;12.5252244458727
14.3391852299803;54.5457109501109;1.22297246455753
12.6265178263393;96.1223943574532;9.49077105999829
0.532754381390067;18.0139840639484;2.49948051352758
24.1757633635044;-32.7354715175534;9.37362410618179
10.7316736034368;-57.2580624913583;15.2664824929928
3.44342410701207;70.3804912253229;10.3315374391647
2.19162823703108;83.6100544824760;13.5446025932365
16.9410246591668;-86.5102840711191;13.7455843083323
16.8046135653002;-10.1023021099490;9.09838479815636
4.86335353756866;8.58207996116649;9.71008362196027
16.9638183761879;-73.2217622663481;7.35533209005984
10.4715310451765;-47.5316505828900;10.0529935934640
23.5412474340251;-73.4974465926784;11.4400971043462
20.0905034998883;-84.3044758025352;3.98136195596590
20.1074363728033;52.9248754664126;10.7951882183934
15.9552904585970;68.5545678652804;7.15691859252001
14.2383136849363;5.60011801277238;1.14648650616378
11.9748684644598;-24.8110472032611;11.3732637453040
23.3865131216282;-92.0654223381168;1.62900463620512
19.3498876899332;60.7682612756249;3.93960339855879
18.5385052358340;-22.4348810041578;7.26900426766985
6.21220079582002;-89.1852968031723;3.83799618377793
7.85326053912991;-83.4629291592169;2.59741185145355
8.72405659338238;-85.7829729535337;8.40312332720966
20.9795780999434;-90.8794141734948;0.101739176530550
18.9474784281841;65.5410258541024;11.6399956635062
11.3326448229020;36.8941222625299;13.0142045432165
5.08399207304861;84.7085745627196;4.76399919436238
0.249904492709007;-25.0282865253731;6.80546707568631
14.1868889272896;17.3932659101672;9.80468599728807
13.8141683642183;-9.21221865679147;9.42048944207648
19.3427099721015;4.13309862725808;5.24969229596338
16.0050689206636;-94.6980924778808;13.7267024310495
18.1424607491356;-27.8574492863355;12.4433626743180
13.9489112475407;79.1577294282483;14.6864683485850
5.15675148616946;11.0055260696386;7.27321312869513
22.9338170376875;91.6129680825993;14.9460379743670
24.6102081247997;-83.9043152232265;9.67762017405647
7.44010694223394;-17.8907645203660;6.71059622384401
1.74650320738290;-13.6585593152274;15.3471959374302
18.3178029918464;-13.7010999299735;5.47402605254990
23.5042396409316;23.1201369272024;13.8708192789972
12.9588680877560;-5.64441645386151;1.75936989095939
0.254166140234299;-48.2713912257482;0.0936535199106441
17.7989958498887;-8.28749748914779;9.40049538531692
7.89046293074557;-37.6438972856002;5.90700329564376
8.17428931304507;12.9920011424473;8.24084632493194
11.3938485600274;63.3511304905749;12.2936010748705
19.2821962245910;81.6777561142396;4.64389205973786
17.8710331561806;29.6814820084294;15.5464864334003
15.8285968354972;89.1843908494387;7.00488116190275
4.07694788208378;-69.7962283984882;10.4461217113446
14.4723072177318;5.88070787179500;14.1517498745725
5.10460706113775;-63.3674577077766;4.11734641776658
23.3242203590169;-77.7161419333182;13.3488449291073
14.5792741861777;-95.7022183306235;15.0082821990199
14.6463917579636;42.9719239325564;13.7150551394187
16.8318443604725;46.3691576036425;3.87257919677476
20.2842865073805;-67.2400903367712;1.95134815161250
1.07922138123067;13.4407872314842;2.05438392807759
22.3112220966016;65.4417692539905;6.85952413461508
2.39393736077071;65.8760810125856;6.03121166066970
22.9980232871945;-32.3645562161532;1.06033646124291
23.3100796444375;93.6592796660748;2.90174649164907
6.48352779916109;79.6240884383841;12.8690578533779
10.8932889840274;-72.8676324872112;1.33603935414524
14.0564463510148;-63.9708211188783;14.6724971868678
12.2934033582226;-60.7403523770745;7.43702116736728
16.7203635916999;-16.3031290043030;1.55094131862719
17.5054598710129;26.0540658175411;11.3961163226939
22.7403149116442;74.6721641764119;14.2523014740066
12.6862632970228;-50.4290470485012;8.06289450393422
7.33648395044090;-70.3877546494160;12.8542235610326
13.5413865122180;-94.1012294427803;4.14879739471775
21.2595953511087;-68.0152516089759;5.59783144897818
24.2748893954749;-47.4003921676536;4.45648865966600
4.19357225248100;28.5429470929445;11.7101996711260
1.29732711074543;-99.6860237675522;9.90732167298136
4.40393411908097;8.79451623848211;13.7464488615623
22.2652249173299;-24.7085998794807;15.9680319206822
15.9814860381038;-93.6538186247113;6.24028790046357
4.53913804874337;73.2469804543482;4.29798999378737
16.2920190956337;87.5335823969466;5.28792172498860
6.17406449581291;9.93585085949162;5.29090713125567
15.0947650973443;-69.5182736408448;9.67508380548852
10.8239104041049;21.4654233077594;2.96614987407505
15.8672137395145;64.6190031469523;2.86779977386188
4.74581588962927;71.2071466775532;8.77892387366942
14.2650005967828;-32.1554423261263;7.99273835191107
14.8544983537013;8.61449592433026;2.84936996807617
7.55806537233291;83.0843496307280;11.0139799966681
18.6120930304431;-55.1909728867092;9.62405875357726
3.90650611511837;88.9430153515656;11.1911169315208
7.06029441876867;51.9737621923327;6.55516318138920
20.3150495445509;-49.8563010425664;12.7069699389338
24.9761011620513;-58.7571236547605;11.8448729150350
5.56306948803665;-72.1782445914269;11.2359623892130
12.1384543608522;41.5558551794074;1.21939185028423
21.0833096761253;65.3243019065463;5.89350842978976
2.51323418895969;35.4068902993898;7.12506979654586
11.1704284711097;88.7292435930306;11.0279996308180
14.6941620452777;69.1500724536346;0.202077799648345
22.6329188945885;86.7848260474017;10.1272972007146
17.9487550625559;9.51818393671102;5.45950200598540
24.1421159896564;-87.4802653331700;5.97381617408189
19.2144930587498;-63.6177873730033;12.6787310901162
1.83019373422572;-50.2604101770717;4.38020365522907
13.3452605057872;-62.3487475330746;15.7119657641890
21.3064504647530;-67.7679961262473;2.36433132532972
13.6033306302814;98.1550285826912;11.9304624909517
1.69146134218958;63.9652597832984;10.6613315079373
0.281349285371791;-1.65739101740547;10.4468470748860
14.4178940722425;-73.7532523002294;6.53818743669253
13.9491412728226;-80.7837073328765;4.43642213365851
12.8711701799508;70.9208322909478;14.2125552081517
9.30785230152328;64.1064223278535;1.63145741080531
15.1796833123354;-76.9857960526875;10.9169182241671
1.25344759669281;-89.2129752819676;1.34614524175762
12.7054494598117;17.7610224179540;12.7649659869611
8.75543694118897;-98.8792408767890;12.0165219944937
3.75307849068464;-34.8699725902925;3.08837414284168
15.3831724687206;29.8004936619728;0.339062352228579
24.6315165766371;84.8055427454678;0.197814367136605
5.45423724969640;-78.7303797553863;3.56548101897320
13.0055808945210;-28.7797650423887;14.6544304474878
19.5193827119137;15.6038448703533;10.5741540480579
3.40036868977110;-36.6735613468286;11.4382356796718
24.0636028102416;-35.0388982066052;10.9381246722962
20.6199120771372;-10.5829543996325;8.40357860327627
23.2457945025141;-8.19920564959025;9.81659674795512
13.7374209535197;-40.2144396651926;5.36193068617128
11.7144297864694;-51.0612765924412;8.21078506668725
2.35630759960723;8.49836762838112;1.38262037297180
12.3365072724300;-46.9409096565259;0.192172976124928
4.05545498341670;70.4574719376349;8.33316249932886
12.0923301355154;-70.4921356274092;12.8853351741116
22.3527040757837;90.7346295652444;10.0906629581077
0.496959451924301;-98.5321433112057;1.83034149525407
3.90312961128373;62.0229117831114;6.30055470318366
18.8760523250844;21.0655663922209;4.83372245656655
14.2364424609543;-29.1481670423132;12.4110753078850
14.1326081548075;24.0975998593028;15.4758113691706
21.8161580719856;11.2462118288762;2.21561965747970
21.1451520033226;18.0769943730036;4.33366771729329
17.3844945481511;13.1397708170431;14.7476461605063
7.65666542186480;-8.61252184571759;12.4609229341009
2.62402903450811;-50.0621070720363;10.8862359271774
20.3768042947383;24.4987946995075;14.9067087841796
1.87197229217915;63.0713102888672;3.83672054700611
7.31759694721640;92.8903421463408;12.3053047909720
20.1757474898565;87.2513330302974;3.21440600242994
8.77716563154276;60.2135630852187;0.718370403433863
6.25748837403563;26.2989824086723;7.80182628178448
13.0006964699090;-10.3220559971413;5.45223267094285
13.5046867740691;37.9454909342403;6.56412130330015
17.3366253493725;-90.3024578361525;5.07163349126200
10.7259883905846;15.0478475149787;12.2424618294635
3.58684928904380;-42.0565428922911;5.83424545302382
23.0726890994803;-36.7020434376307;7.24535859667684
0.0889591561992340;46.1497923012536;15.1157526546864
20.1174207228053;37.5832273479808;1.92821001448941
12.7241269723887;45.4012495992177;5.72453226765104
2.39952085810199;2.64073221899885;6.04800462957398
16.2100502026823;-0.324773202339057;2.90622889554357
16.2630202368963;68.8486070097968;11.5587082638896
8.69015665621460;58.0650723324868;9.71965055137734
12.9928774523219;85.3552465610292;15.9445646782757
6.63847778448880;76.5126511127342;8.61821900372473
24.2056547294693;83.4769216800367;10.3569567193966
2.51986370683425;20.4744790232525;14.7012242527732
3.05619623471020;18.1292874004169;11.6956199358000
17.2197179074910;1.43857208525959;9.44829535945138
8.67358779700987;56.5924600548199;7.41510592700237
0.382307638215105;28.3751004714394;5.12819662570518
5.84195164045994;38.1526705369196;8.53963692719089
16.0629770492701;77.1862486357572;2.06134477965827
18.4641905315979;-49.2836322789775;4.93374591344592
1.65630818499343;-74.4762386039859;9.95509146305438
8.59900178280279;-28.6399755288058;2.61682544957714
22.1470600389748;18.4342422162992;3.10824283324151
12.9704354467830;77.0476136328262;14.3753051379794
8.08654283818378;59.5755552887782;12.9874579820571
12.9539744644257;80.8141604535448;11.9683502475201
4.55231833970945;-24.3781910864556;0.202322104526649
16.7828189846334;60.5174452633735;15.8574828863480
1.27944160236328;-87.3110038622830;9.86328092068595
7.15304991230177;-82.0893877659516;9.27438439319632
20.4159218515724;-93.0179425452681;9.28798874071350
13.8595684948151;-34.1670240743552;9.86184742944856
9.15993607617315;-7.31819153216289;10.3895920880910
4.98300033252657;-75.7855869736050;2.53450245112302
17.3405818726620;82.9439603113602;3.35144203460806
7.52952827535193;68.6499571931423;4.37049193784943
10.2406514660875;-92.2458187901447;11.3015743920505
5.27269947385856;56.8428344433665;3.73701242380985
7.04168530645281;-42.2312301045888;5.36417767249094
20.8859875351772;50.0305580614254;8.35243041860533
20.6504123584336;-55.3142262439158;0.636269367806204
10.9955290424876;18.8310594544765;7.87473510773175
3.09134028626598;-64.6603508109576;14.4925883389329
23.9478211848823;-84.2317280363949;2.81722632429059
24.2383171206453;-60.3024065355008;13.9143017902546
6.82245074619998;34.0097869750442;11.5092565789446
16.8389486694391;71.1443912044027;10.4711417040803
6.79030924406890;-3.42314309620153;15.2289649491357
13.6681376216640;-55.1940968088890;4.01584412066976
3.52642525018186;-10.5484125638006;4.00581820065368
17.3813527257351;26.9331444550621;9.45819712131558
23.6308884029643;10.6131699133556;6.04305836494006
16.2525688267734;47.7844178468060;14.4965502670427
4.85308995053510;-46.0239009841991;2.07449353703310
8.14213547125900;25.2109048653967;5.94804450011228
8.55853611745211;36.0452557906363;10.9365204425158
20.2533601859513;-74.1318639363449;1.89917758990988
20.9789463245974;61.1972450144734;9.90193245261598
22.2021010261501;-52.6961345465038;15.9333893688100
8.75730940244806;94.1061677771736;5.16116870245769
24.3667725248239;-29.2224958625851;3.34091753677646
19.2297894682313;-73.6536225465137;2.85169896045298
11.2555878537080;37.6806069526775;1.12493463079843
21.6189359530065;-65.3265787876192;10.7972311536445
1.32796543657445;-0.961179388117306;14.9140979344301
2.01246152263536;1.83174503416159;13.0995622728825
17.8268086956904;58.2948359040525;9.32551343994707
23.6384048461556;24.1780865677545;9.03969345653229
12.6070059318235;78.3224756977343;13.0071335398990
2.28909976559024;30.6580604274440;3.34520059525239
1.90231590946608;37.6440593843033;2.96252952665702
5.13343338704761;14.5869130370706;5.32118503847241
24.3007460764196;-58.0414516168816;8.25517835065403
15.4255730036262;69.9668546916207;6.03432884534196
0.0148485885960419;-96.5583905740535;10.7822094099750
19.3287229702627;-6.15732974826562;5.19600170794504
1.78467761817591;-23.8102475846401;10.3482481503784
18.9681823850804;-33.1384902958918;10.0083456998355
10.8134986936297;23.6500600232285;13.3660568620186
22.8694951386196;-37.0474863339561;10.3681425391126
14.4107247454001;17.5836204589904;3.22809748594995
8.50628911488611;-64.8235864865894;14.5293575728110
14.7844873585084;1.27034371635433;14.6702731826888
24.5667794160031;-64.3042255468233;8.46005398535463
1.86933054122555;-19.6374389901643;15.7115961968563
12.2315885545076;-16.3453011647023;1.33187002390552
3.95409074339253;88.5212213180376;0.730978634607139
19.0491140574450;88.1065127560105;14.5674570922719
23.3951962980247;54.5438745175584;9.10093893358206
1.84357831700262;-58.9863202465472;7.05896366541599
0.00311608345136882;52.4335714728947;6.20899206360014
22.1994041976288;71.3417862732566;6.97060844552676
9.03893258128067;-44.3645111768866;0.293409715427849
19.0484748411815;57.9425032625303;8.67538417434368
14.2903387297568;-4.62783565131937;7.61471517388017
8.60271499402786;-42.4795329452259;5.11636016675631
13.9556562055348;-33.0921214257321;7.75803903378685
4.79982430732381;47.1752980299675;5.03188498691713
24.8140322265493;-14.8965294897434;1.28334904103433
4.98188972548705;77.3333707319204;12.4507212647632
5.74022664814453;-23.2032887676789;5.77268549319791
8.10609063804635;-8.38260652622207;11.9674721868022
2.26685949516651;-0.787613268297704;13.8749476700713
3.27136882423700;-69.6809594158546;5.29179909330492
10.2108259000335;-20.8385277780982;10.4039149015504
15.1030215082327;6.87678258752771;0.920375909989067
17.6087528193834;-11.8580120143725;0.563042532917768
10.1841173784341;91.8965864193128;7.53161200464367
9.92242552298366;-36.4425292100247;10.1526652955010
18.0900352340408;47.8444225719179;1.57185407595900
3.21120949011247;-54.5908508319147;11.9235129940012
4.76454965585579;-26.5840879866868;12.5131184155555
14.7414902438877;40.7947549979429;10.2159926148012
2.86848776947200;5.46684820064558;6.62540297535784
23.4250634884596;60.8386435589464;13.3999406557646
7.73808885059207;1.42196673829988;4.33495339266272
21.5714037525269;55.5911714049962;15.9959874771787
2.34195007119659;-78.1840436774060;4.65169333293405
22.4935571583283;-99.3840632755947;14.4220270601722
2.52362942987665;-60.8272969941593;11.5390675118097
15.0260244269674;29.6866523350120;3.07318935903987
17.4621405104939;-12.0095443095574;7.56215421778025
24.8562491215325;-62.2291217382304;12.0440802988421
4.69736752653761;-17.6778994559521;11.9840902073010
13.5236128987150;-92.0085473858636;13.2085989692109
7.83790192398889;56.0006656742048;7.46992958143727
2.41582674542558;57.2354958388876;7.35453633985753
9.87766270163165;-91.3677047023449;4.67356413587527
16.1138952080601;69.0434341889653;1.50364309000635
10.2030009797244;7.41775327687912;7.71243879665912
8.38084265842296;-52.0275305406948;15.4127802887181
6.73238746551468;-17.5967411399018;5.98197995045834
7.56368474696364;-70.4667886157936;6.99107517876006
20.3187756685721;57.7936277255949;4.75692841059750
23.8662001869510;85.3385673702812;7.12214150551376
9.84399990539201;-27.4297831616181;4.91322072676616
4.35615050248813;-70.4942626238206;4.42501092386279
21.7580843752217;-50.1303620641420;8.08293359709075
14.7384492098260;19.9623179390758;15.3543470482759
9.08760086631647;42.7008379755503;3.84205707954027
8.12685320520523;-61.5171085568770;11.4512343891545
8.88846820303605;-4.56802411674773;7.87126761018190
11.0587557432099;-28.2955242313382;0.187597265199038
14.6990066016099;-7.85602108598598;11.6283258572259
6.20382641525688;-53.3289617824357;12.5106379804417
16.1325185073710;-5.99827676905096;14.6787695167066
10.5477047167598;68.1949980445411;15.1062880075338
15.4449021592060;-85.1898138849720;0.706406921751752
11.4309559561645;-9.13389238931002;8.80080810927258
18.0422110828631;54.3327422957650;4.34854621776440
12.1091142445887;-29.4878160156300;4.59934063142903
24.1140104060484;-63.0260857760970;1.28060316880033
3.14246018334016;73.1331517495315;5.74322127443526
23.9436835259438;4.39404056370669;10.8871199379175
4.02818947847355;35.6065939571707;13.7747421812724
2.23821123474039;-42.4442690027630;13.3481987292673
16.5198172266045;-50.4379877102847;4.72913931714112
22.8720090170631;-41.0402047110763;13.0594333851767
16.3448222564988;53.3895418119831;10.7729355515385
23.8353699176226;32.0001636197678;0.891251075455747
11.0040811348869;-95.1673239260251;12.0759786951093
6.56052649279396;-58.9776613915217;0.330475247363705
22.3705653358094;-81.6014985816749;9.85388121792319
20.2952030131035;20.2330209309134;9.25827574032201
24.2650802597894;1.91811285587185;4.69517311513165
23.7500297594538;-91.1291836533412;1.10879577308703
9.83480776155961;87.9473924151526;5.87047879789194
24.8143736713632;-99.9571981988478;5.42170129568774
9.43043583834606;19.4968234157783;4.63039443092331
2.15683967091441;17.4200764257301;7.74178673216750
6.81495428849416;45.7711171496760;1.55418063104180
24.9762211123705;-53.7328429851957;14.3673278824110
13.0796259644936;-49.1091873094224;5.73625209363173
7.06362125565435;69.5531615263878;11.2257023322475
10.8556224762083;-7.22809344934274;7.34307576726591
7.47435197287240;-45.5816957767842;6.22977181915278
17.0373243679974;29.9989113182844;12.8045849651475
13.5368841824023;33.5250720116267;8.89629675466977
6.65486362541013;72.2020587549358;9.58291629095433
20.7623982418161;-96.6261230948102;12.3878620196285
4.04775735929457;-63.5771180907548;5.65628410167011
20.1382748846872;68.3349660900233;15.4068875442523
4.27296650379639;13.9355082765054;8.57703930895214
5.40588550203005;12.1737056853993;2.06957056393878
5.49942479916787;4.30899224446333;3.27830786608429
17.4057200884885;-48.4282925720645;3.10865137186233
12.3025656856804;63.6752473761432;12.9200862689118
2.89706880448956;-70.9418526442817;15.1374676610062
18.3090711294533;-73.4852886699548;3.75253781386904
3.67753120588162;1.77366731030062;8.27649980415949
22.9361659320462;-59.0866300572847;9.90925037037051
19.7029177233927;-57.2730768239443;2.52130798632918
3.33193207305549;-63.6629530645394;8.60166411107515
14.5864132598521;-66.4952510866244;14.2994767126648
24.5841572147687;-95.8989926696453;7.52940804485024
0.133502900876566;83.0909753174927;7.02409172903867
3.41250060009480;-99.2971489540217;12.7661728964203
4.18629759425173;33.0204490102863;10.9523283264602
8.29899877848332;-47.7521167041774;10.4745588103130
9.80590473963200;-37.6323018850770;8.46652920159310
5.70800187689438;53.3051553910845;1.33924799017176
1.72968894862769;-24.0556222160269;10.4505896288516
4.40566020111818;45.9329927506268;5.24304724348739
0.676998161654863;4.14077115064431;5.24126701044429
22.1850458399110;-44.2502968019492;3.29900458559763
0.909129984785198;-1.15102540432144;13.7051919835521
5.46167701248836;19.9876499729453;2.45151390157117
10.1653561639067;62.6115119911167;6.18192450828476
14.8986801643751;-31.5336670163194;12.6248032426055
11.3189426387138;-46.7437575185169;8.40494751727207
3.63238232779116;-73.8558436363844;15.8838935034830
17.4221466600118;34.3943233055750;14.3502858571507
6.71748702855304;-61.6416402685702;10.6389843703313
6.25310670617216;14.9182858218089;0.984552862206646
4.73285688545202;-90.0089559369752;13.4631520533735
19.3241971787656;-38.9601629382545;10.0520193372331
17.8297618974236;-88.4129734010961;0.340260098133706
8.73518375749769;-32.0610615338015;4.93890498879148
18.4799134188243;-86.0602119178484;14.1380440833312
2.09153535906551;-86.0371198757617;12.6383736465572
11.2514308519285;-5.30274475531389;7.32276752216411
7.51981608058542;-97.5131183017692;13.0732404883485
10.3844878060683;-80.3779569093507;5.51008399872684
2.27393520748577;-44.5717264759062;9.46059890732258
20.0805431083938;8.66860023940506;10.0074896647838
8.89481265239825;-65.9742634509194;11.6261948236096
18.8133824732628;-65.2307989083332;15.8476753843412
19.1068277640867;17.9587501884188;1.99335703145914
6.38475057965212;30.5937148099232;5.58595896959730
20.1266184829723;9.11008656653858;15.9830930818618
10.1541578040666;47.9858476517623;15.0797426370061
4.07547240796161;-56.4985834886695;4.14786904716240
3.99454970477315;-40.3423625459567;10.5326508874901
10.4229473565878;43.1773332025883;8.93167158364611
15.4772144785365;-68.6076797513880;8.07743477106194
11.7629106729119;17.0162836599117;9.31094012381094
14.0644433280757;-87.1628150487236;14.9346935275378
10.9397735705001;-18.1140631482189;6.95850090400904
3.04458384735317;-26.2983327184200;8.33200489529979
4.34488851453824;13.3213615651555;6.19909185944651
16.4603479238740;81.9532099462919;4.56740082826747
19.9275358641607;9.78465284586783;8.61980126752559
13.4672923650318;45.5735890749340;7.06564521117209
4.47433134853062;-86.5118022255696;3.20885374043541
24.5823380719056;46.9047578005174;4.07470083336924
2.66664461815409;29.4122966486923;13.6963959774951
22.0267393232224;58.5987103204944;7.87862476692665
0.0774898801459543;46.2146596775551;6.20512681378081
16.4522124607774;99.4289208768050;2.46472032746509
12.2279212167912;97.2918994155940;5.89715472755693
2.32450350797510;-26.7554931260446;14.1170991550626
9.09738951283342;-76.5977779727388;9.55395748520943
19.7972394400659;-36.9864968934035;14.7830028006789
9.78344560299647;52.3659418987600;10.3961447697384
11.3826447487083;-51.0956248613551;13.5464048980983
20.2026490861276;89.9658666440991;1.76648204643594
4.29387096399253;96.1009202206424;1.44633709968952
10.7093771355951;79.2417405944508;6.43226184361105
17.5785405722360;-8.61490335639734;2.87739910325611
5.17918793980319;79.7393171396155;4.18747681189424
20.6745826271094;74.0970315827267;2.89186799467510
23.0982182586293;79.3304928934647;15.3980787984349
20.4654605886210;72.4391746016582;2.48366757051453
2.27913479437676;-27.9258080469775;3.83268786732130
19.0877419134936;9.29123947786732;7.25248870309799
9.33349594750387;7.38559027200021;11.4252718728077
12.9861671532606;-64.4667636730388;9.20265338485402
23.8272711964534;-60.9522061831599;3.07467157923976
15.5293831757973;-51.1269721111696;0.156528192869530
12.9559580347529;6.94177880078664;13.0149568505929
12.1913695313698;57.9117708350939;10.5896715500820
13.9228298438792;75.9782487002855;3.33747046189476
22.7588510037086;86.8274795504828;0.981421911951715
10.4649047287970;-48.5634502498219;7.43844025156763
22.9608271043173;72.1721177068470;12.2712174067637
4.50197816525006;-92.6881955034078;8.14539365530341
23.5197565961500;-21.3285970292396;4.41569418729597
8.62087793515282;57.7591962916183;12.9845748458303
18.0325388037237;79.4466509134339;4.66944863594438
21.7093651229367;19.2112212309279;10.2229796088570
3.58984836301955;25.5868928873123;5.97047064628867
3.71944850140685;-24.4841649236089;10.2351334629796
10.2338620279164;-64.0839081910477;10.3831851715813
15.9224410534329;48.2008175860862;9.82383520575372
5.19127032961972;55.4178665481634;8.15841639864393
17.1618509616688;10.9230491198578;1.31350362559211
5.60110584768046;69.4973278185599;8.64412067333565
7.14238075162856;10.9053606321607;11.1927203375106
23.6188344864773;57.7572685866582;0.997766422445984
12.7637250162611;-47.9729188343381;3.60177756517884
22.6555070978576;43.7672803702710;1.77496499052541
18.7525387609215;4.53706690753830;13.9630583435925
12.3913007814696;36.6964797184170;10.6450280488128
11.9046338729051;-5.15535920846908;8.99334398568983
1.92878240162681;29.9166116288521;4.62245603730390
24.3239452782840;2.72664090324894;9.10808450945598
9.51748994176284;39.8070011647885;11.8447073097249
6.84514502456624;21.7375220453271;7.64856361062686
18.3025915275093;-84.8218259911246;7.57623262192929
22.3712928554650;70.8368839599419;12.8299723890341
7.40632035649739;-17.0053137638604;2.65436067094214
20.6107896970134;-50.4045238864057;0.567505124966663
23.4129004295384;-67.7216331811359;11.4131255789362
3.43748578412316;58.3448784377617;6.62089782024137
22.0865316137218;1.50492486404292;14.0208438239705
14.0681475373665;-46.1406722381163;14.6020667973735
17.7864232251349;-39.4143407965192;13.6840429573010
13.9725577246062;74.9476081431003;6.28771293827387
8.08246731800351;-19.3316956318385;4.62856578633377
22.7838779628991;76.3718759250882;7.31949640187448
9.78548573742541;-46.8675596621938;10.9917990266247
3.08603191076594;-10.3584543295187;0.287641083951426
12.3483892873071;-50.5914931847953;6.13758620017165
8.67109847576201;-87.9155855290782;8.10981146530309
6.04509690131544;-43.6472208394556;9.73892161446770
23.7205709785298;91.5994843429238;8.83809912669357
24.6212933903083;-33.7093844838708;13.0704973842899
9.30313274821407;66.1773965142342;10.5578836051731
21.3289443634632;-56.3382397844545;12.2560240620272
24.4545421904755;9.93822261483977;11.8587421767765
20.3370823517626;28.3835132041709;7.40277189498647
2.84233563456372;-58.7129271971624;1.99825058546697
5.93214694086995;77.2368963453642;12.2925143183111
8.94270441064101;-31.6317501802335;4.34462750687725
17.8003822063673;61.7494139071306;12.4264871221595
12.6275208290879;-92.0832458709555;6.77663965601514
24.8583051692398;29.5597908515691;11.8947095949879
7.83195570670946;-90.5039961931100;3.46616067722247
18.1875364509030;76.0177896867821;4.70459283040837
20.1453175435188;-93.3647115867079;1.56524208104551
23.5785236761960;-81.4851209337319;13.5000576702011
9.59952463296505;32.8579444566735;0.0383765361445985
19.7917065762225;34.5317055208209;4.92695015294946
8.05791118778361;95.6372570766108;10.2091659498451
19.8214021959381;-88.2297050214512;7.54672957336266
13.9220922292789;22.8525113936476;11.1301654004406
8.43389879979674;9.00393834133839;14.4478198409235
14.6354178396273;-42.4072781763450;6.98500778735935
24.0486606739716;-96.3288277100741;0.346897013932528
9.49440359047915;18.1335393164305;9.71091108625439
1.84723456992580;-79.2444016957868;11.4041432243896
15.0486880360236;-13.3005079102612;6.92744386129662
3.55583459465032;-81.2792950710768;1.39141838002781
8.17915874201113;88.9385027901452;12.3015405724123
21.2762252471528;57.5164390379680;1.41947567035626
5.99992318337438;58.4350255367617;9.16476192165540
12.5250298419796;96.0413314954166;4.82970712291848
19.5794063505022;-79.5795311390199;4.92223267542846
20.6313631564048;-95.1624182282363;9.66725314896635
4.25928668541623;-13.1331363221282;4.13622835969448
19.2579612811300;-41.4245464993620;5.75937634193423
22.6912913322519;55.3646874162231;1.31186985738201
18.6244627911014;-5.75185058646124;1.24889734129171
15.1920601978705;43.8972439316526;7.39840920171199
15.3685001342192;78.5232921236177;2.03245832262800
12.5179075604296;58.3407946942742;11.5228969032085
0.0560203805453998;-70.8910058599373;4.93629527357985
19.1590659520693;-53.3823743631438;6.06911203952256
10.6753245209368;40.6772149158388;4.26428949925096
10.6203683825888;-24.4848097200935;2.49627060718939
6.23531674606237;-94.7791870698570;2.91881041990781
1.82641537457549;63.0818683853705;15.1786463485015
10.4228864550168;-81.5376233819430;7.44252488363948
18.3329780932395;58.0403176219307;10.8406845578030
12.6294666492126;-3.04412189402472;10.3171793459268
8.00194530785531;33.5737431710099;12.5833380676754
1.93146193339778;31.7388010947068;7.71416000954052
13.8684707376247;11.2244782497583;2.05992474553556
19.3949161790868;96.4640805746254;0.273985084593344
11.3949688170440;-29.2869064632020;15.8068301076101
18.6784834134542;75.1412939547453;14.9365039336951
13.9514780532689;-82.9151973719621;1.09999973573978
23.0084871475641;-40.4344164198788;10.6927855145235
2.07179236918374;-68.6734434695766;6.99297915124354
23.3674152189157;16.4160724649221;7.24437638065350
6.33226193343217;18.6156104384465;13.7693404289151
24.5570103118787;-3.58813985574342;8.61778719087188
12.8413970773381;-94.6522733643875;5.44740244745394
7.93632165257750;-38.7700934333451;2.47792393206680
14.8020356812502;99.0887794585014;4.64896526848060
18.4764496104627;-67.5571646882737;8.01692154845678
4.71624888561422;-41.0106482936990;1.35495569205454
9.65144564176601;-67.9430341929386;6.43563378248290
15.2251940388951;-86.4526549135343;0.647769177334080
1.40892311073056;-23.9781188037737;5.97098574417065
1.35944502243792;-49.7525866248532;4.82351697260446
19.2265831001578;-18.3879597393400;6.41416761473111
21.2493043179486;72.1645415117303;14.9844893244451
12.6537705338334;10.5019487013875;4.43724364428679
1.94451844745544;61.9537608212488;5.51222109576978
21.1970318613916;-63.3605852890906;8.64513219791324
15.5551510406440;34.5295084559126;8.02216844818116
13.6602820802743;-60.7415788735427;2.62676629811692
9.04712047416154;-13.6544096309169;14.9140272894686
1.29967410202798;-2.59168836101229;0.386158804254386
13.3016498473226;39.9049192185225;6.03873026522153
19.8898687927476;5.04119832188263;6.30671216204699
0.599973043675378;69.4224941351226;2.04011172562015
5.26614205084277;28.3021537414561;5.24700737742282
21.1475729581733;3.02909711625936;12.6251646141082
21.8521074154354;93.2468452703994;12.4923336052598
3.66005713116271;-6.30284767304248;12.6969603543110
5.39270109930273;92.7215432746224;11.1685284497226
12.3253312992183;-88.7419794650652;10.1863682095974
9.03076644966970;-11.3978636755228;1.20308316131389
4.40489452813380;77.2832556074075;3.83457828615663
0.714016265963352;21.1403754938267;6.54003324647388
6.29956616515827;15.2328517328697;8.71149724440671
10.9743925302031;55.0649358235912;11.4034140138695
17.6100709757845;34.6964890606369;9.69378616693881
3.60755846045972;-26.3513901259538;6.34614522357086
3.08655401603845;43.1693565863171;15.8597396526867
19.9216226964175;-78.3210647324185;15.5324566200766
15.1174000786624;65.7640869513692;7.56155526358345
0.189982888779044;67.6804166653218;5.27037370305865
8.82360827191146;-57.3681725408682;3.71938523733271
10.7965887029303;-4.40562293926596;5.82552688731681
23.5206422096790;58.8506415482603;4.39640876880308
7.43244888668106;59.7112679956666;10.6532012512159
4.70980032159928;-55.4933442002583;10.4569809081626
18.7006239143572;83.7223435918514;2.32372375988130
2.96558258767848;-47.1445764203059;5.99274295929883
7.38514878360635;-94.6224917451889;9.76800183956224
10.0829948283483;4.94806799487841;10.9303940979406
7.41911565196197;-87.0645939536539;7.20116827177675
23.2452182488850;-14.0724252780520;1.04012393143589
20.8015161716994;4.76776272397119;15.8468218184323
12.5939348430719;-84.7950027162656;6.48961160461845
8.03354410049663;-14.6670343554332;3.06873437953996
6.80678118248921;-11.6623993571952;15.6862248892835
7.10253695161543;88.6371803749643;15.6358796256493
24.7201556131633;-64.4276600720489;1.03267259153892
16.2145273849780;17.8391304336410;7.52324479686701
19.2338752859549;37.7053139419588;6.29049611963659
22.5722128217980;-32.2747450528018;15.9917843983869
12.2998448581957;-28.7269287397475;1.14029585819063
4.36729914085710;-8.11434596554284;13.5206486819685
8.60166891362926;73.2131979695382;3.35498492827795
7.37460552675980;-9.27997910964293;7.47230666391286
18.5492466581533;-55.7420317156747;5.89625685659460
15.1491047747052;58.4715510467277;10.9344639547296
7.16887619726028;56.8022274021869;0.559278125835391
13.8450218762770;4.43298848544382;3.31605846635707
20.8993153681206;30.6848380002685;2.89387933244196
13.7235677671866;-82.5423461764810;11.9037100665405
24.1257536922176;-56.4037182197960;11.0110429038761
19.4085603369599;44.5527667725951;7.69139335782682
4.85599953606474;-25.2859869067699;13.7628428199211
15.7737647390604;-62.5138348999720;1.22269611585386
16.2029557530592;24.4845453779121;8.12027679515848
6.87357553088268;-20.4563295719265;2.03221959868897
17.0746005882614;76.9222600398783;2.17808026463131
8.65697174845278;-93.8588007856309;14.2877456406244
21.9942187685178;-18.3524033920699;14.9595812803254
24.8472809994067;-22.8909496410192;4.71789687609953
1.78016844193943;11.3177583963293;15.7678083560186
24.7856629527853;73.7751785533999;6.53227253317074
7.57721995410944;-38.6295947245297;14.8482941831386
4.20815215602479;-11.7688949362578;8.79245882114672
1.99909386670899;63.6937327765567;8.22280646052196
5.21510022923265;-63.0712640880766;5.70092431462819
14.8448416179322;93.0840926376406;15.2944848021080
23.5262639944276;-85.3522662485377;12.3660307405201
1.22174647204697;42.3743166300478;12.1944828079398
4.10070934465798;-8.04550026342816;13.4484538278068
9.02596461965815;-23.9166580257494;10.2111634992102
6.73897958189956;52.1526244900076;4.27715494163680
16.0111040239514;-7.30507496052528;2.24519963535754
1.93892302482798;-82.0344906005394;14.1797741234234
16.3821061102620;-40.2527687997053;1.01018140129384
15.1421614554579;-78.5648303780247;6.87300910807383
10.4521015504547;-31.1290259544028;11.8946525177112
12.0640573945748;-8.72130512007099;13.9165836984396
8.26120462686093;-32.1760238775423;10.9611931791992
14.7787254079020;-42.9127852895068;11.5120638881679
24.6243798830585;-23.6481718389187;12.0348217890472
12.2001183508731;92.1118153781018;1.09942140554918
3.59604423535098;41.3056709475379;1.08795529056312
7.11495820095422;-18.7952210822362;9.44164142026284
20.6107485572162;75.3216601264366;5.03294551645389
21.4470162344130;-64.5860438893630;15.6404648452824
7.06934215470270;89.9710023977356;10.1854101344235
11.1060525420508;35.2425754135102;1.90893902116886
10.8303732964194;1.99877031360616;12.7271046568710
5.21724584224896;44.7882413096491;4.09608235857983
23.0294187890298;-66.8466224249833;14.7245045887356
3.24326739189880;-60.7003807284070;6.43299095764057
13.3518431536916;14.9487257792577;5.30830626304544
15.0182279859767;99.3748079427313;0.0271900496595840
8.16180510823897;63.9767156256230;9.87790317995945
19.0046730782551;-42.5692615674624;7.15033216857313
13.7465086779611;-84.8987400061578;7.09850663895856
16.4967232055343;9.57197283460507;3.38367078850217
8.18274009426502;67.1606536147549;13.7904959691369
13.9905971504097;-96.5834590976400;9.21251942940275
4.61583216409485;30.3291549681259;8.31609403473735
17.4230804218449;42.7999691234013;3.11607632367912
5.15414568108612;-5.07285321954756;3.37135529742046
7.38989374754735;-78.3296470536756;4.22032529279194
16.6726020838496;91.9800738474377;13.3707566127111
5.39096213639960;3.14418286653173;0.674861467014123
24.8703694651314;23.7505957780005;2.66139497216262
20.5650148106531;-86.8468105117062;10.4330214484652
23.4214346816287;-96.5971546453347;2.46243191076300
5.82616766894305;-72.8367798985812;15.8589341364841
15.0556151610359;-5.20490536348832;11.5112819004643
21.9538756786212;58.7310712703993;1.19221762536209
5.92046731684712;-94.9977000677689;8.96374833719704
3.57414005181130;79.9529591943619;5.96091715918143
17.4559850234503;85.4076175213678;12.9806410602124
21.0297881312669;80.3646425266872;4.88345181409976
9.03206788781271;10.5056576682285;15.6701809710967
1.25349725140294;56.1546580878759;10.7475608903321
9.34179490842230;28.8387028176520;14.3818783356979
2.02221191156910;-33.4074813073786;5.86837712165555
9.20165660313383;-79.1152909604185;1.28854074557987
16.4143119374631;-11.4194583668243;11.1888987137752
7.96266852884972;-71.9243713641962;4.11274850760661
16.1312845840304;71.2829842308501;12.2350114658355
17.5106627918629;33.6961496994620;12.2986320369744
22.9069425876199;-59.9964368716893;1.38267206393603
13.6591654911477;97.2178600248782;14.6033494350007
10.2275189095730;57.7864887382885;1.38036701629617
6.57328605413582;-9.64200208380852;4.00348947178690
3.65675870652343;19.2711209704927;3.64409718537072
24.9679205313379;20.0803597443201;5.50165770145196
4.55946333165697;95.3221893783372;1.00812729522576
24.2126440642305;96.1589576576512;9.35885411068526
22.2856920506609;36.8933456924307;6.37537544166761
13.4285509975809;60.6555532999310;1.92113254649775
22.9630652539735;-39.6877506315629;10.5574799158410
13.5873960986249;-79.2642240772564;10.7361811652862
24.4382866814936;80.0276824743917;6.82777579638767
16.6668385464479;-35.9372082203837;4.43389482637754
16.7117623331335;26.6668548906475;10.9234527246490
9.31855348890457;-8.44595650970859;0.894731152298364
22.5366062158934;-22.1394587119657;4.61509002337777
7.57059026049178;16.4973801826992;13.5594077299493
8.39034056200779;73.1989597845780;8.46511926376201
16.2749746218331;91.3541941068013;14.1758863793263
9.49247375874735;25.5855178551328;10.5981253853002
5.66058130211844;-69.1509599410744;5.67724831896894
21.6677176300606;-34.2335868172113;14.6447075108111
15.3390017728714;35.4805932233100;10.4221317704711
4.00303809939443;81.9637650190431;13.1602992703002
18.1104263036285;49.6100725275221;5.83218202522644
15.3806590999688;-94.4266859557153;7.40259693328415
16.7484842475437;83.7365995414408;10.7445215873557
17.3048255308316;-69.7046628583110;7.07308649235261
20.1231262389597;33.9189510653231;2.04852160991484
21.0859064529675;11.4473018801876;3.88147391492257
22.2978359237483;95.7332846261067;4.43982815492802
2.22158641675310;-93.3221528396870;4.26138652325332
24.4698281170752;49.0287457942855;10.6914532193721
0.809572689584332;-69.1635693482555;1.27487515223420
20.2611170053239;-73.6846399856811;5.00214729276167
8.72126513562168;-82.9183741779284;6.18057680730166
7.86515781986935;-61.0925377704830;10.9078259163283
12.9974747572059;-36.6868009036975;4.13307447367062
15.1889966221507;1.17861067358689;5.03098755654320
12.5509541645582;-37.7605833867918;14.1527747784012
10.2104040361239;48.5529087925382;11.2248466107133
0.853375221440993;98.0977239248543;11.6455322194268
14.9855837977555;42.3102507204567;14.0022918822500
14.6922814999570;45.6803831412394;12.6187849191573
19.8357958941194;78.2287821292706;14.1242815437890
14.0614832967150;67.6102243073782;2.95590603381951
12.9446784195904;-16.0181931612749;4.91787126858285
12.3205713943024;-82.1523285889472;14.2017805304668
13.0109539873783;-21.2927760789203;0.222341337788858
16.4953631113630;-3.29306617788379;6.79919518509234
7.30765642136853;-89.1129032006721;4.15275650444296
23.7191901609043;-17.5265763282793;7.81980804394349
13.5454132187268;29.8337985584146;2.61485824643560
10.8622173174020;81.4146632897914;7.75419651780939
12.2275570202162;11.5083998442030;6.46365712683559
15.5710495136245;-8.94817543876503;7.75057383561332
12.5091524531146;-88.6658614774289;11.5768504565737
8.51225050668765;24.0832926620142;8.17346847345262
