18.5234149752267;20.4008180793298;6.97959096910564
6.68670899296720;-57.0907119196988;0.0238860508365732
6.10618583778050;34.5133741156373;3.51164546999164
4.13400771964553;-35.2284049498088;6.20943710229257
15.1791521691006;26.8285612112139;11.5896637743624
15.3767976037329;-28.8838575448859;12.2736292497019
23.1877484687825;-69.4835955423830;3.85101695927641
23.9555459292666;-83.1028599051225;0.567660024418885
20.0452064771404;47.7598965312646;15.2367896413423
15.3163746873782;67.4826012192230;8.48774735976267
22.2101106072850;-26.5051948840085;2.56671597484928
12.9720071228268;-74.5903824900901;5.80404976330548
11.5832728616752;-85.3343197718414;4.44181888334198
6.15505432271860;78.4434666746667;9.29125936192094
18.9495746831127;-53.0387484776152;10.2538547356013
14.8715659209289;53.4400180547156;1.90219149598867
0.121818902408076;-2.58769235451310;0.500677082101900
16.3299496576780;59.2855611140259;7.69334748838169
23.8832792700868;-38.2790767528287;2.46565282895000
12.4684300586565;1.71868544006479;14.8256071282585
15.1150271393033;61.4244996750955;6.59566227708637
17.8375844295954;50.0626243085105;6.46150368069818
1.57441927947187;72.3501547753634;2.45076459432682
4.56099739102827;10.6590372522870;14.0010620019951
21.9504491794006;59.1285039306958;14.0373690679630
19.6409763073428;89.9721016321252;1.48551511955540
23.4676337632716;49.1675000401955;5.32147875436053
7.50528174519001;-87.6034017927640;11.0958698619031
21.4301626130343;-61.9296819165293;2.73433228131649
20.4431542149521;49.2901255098492;5.53475993310907
20.7602846208123;-78.1550537897215;5.84113547284834
10.8862641587690;95.3477007552125;5.46656525298485
13.5146121384038;54.6651083194176;14.6462033954228
22.8399284012591;98.8598020117533;2.73941990215092
14.9430697602614;-36.5456100594884;3.09397457700378
0.171776582960744;46.7948280449434;15.4593860646905
6.80846274155338;63.1040880957073;7.37663126935764
3.43666932277776;-16.9176196577301;11.7580525137461
17.7174880394428;-10.6703042166253;1.38872556314854
1.03767591609784;15.2353904464939;3.44536737946148
10.9186042307220;52.5350969198803;9.12911859582195
17.0089202569267;23.7879853939895;5.17705730694395
13.7935353374165;-37.0434575920375;15.3161254628269
4.44850508556358;60.3188686428004;9.44629597310455
2.13863311799922;52.6454344927419;1.92226899277593
4.66929945091562;-50.8530695390204;4.42749434507673
9.21910977563391;1.49468895226670;2.33064151299306
23.2772426379385;-70.5961398212071;11.5062360222072
17.4159614529310;-74.0602669083949;12.0823285928840
4.15857039700113;32.1309233749904;13.5668183898984
19.3375180196106;-85.3537591906398;2.57402510406207
10.3300582146965;-59.6871720643771;6.83088456525040
17.7153352261256;70.1494511036614;12.8265158749735
8.30343649919816;19.1590947207064;3.30215250295695
13.7764584374811;35.4624385479174;10.5109990183750
24.9117047222365;92.9909084205958;4.64254234846180
16.6795527918213;61.0883753879942;10.9728349252859
22.2237571359583;50.2114088125059;4.94067443980593
8.95644669895350;59.6879339688306;15.0832032841777
10.8503759327782;-45.2253452358404;3.82256519957058
18.3262305625438;-17.4252158501572;11.1804774498603
24.8632222442973;-45.3155039426154;2.23871737876529
11.9161302994261;-57.0291320922193;7.12291026067597
8.28896170688748;-43.0778275241219;10.3367337347586
15.1336125279793;36.9070326004256;1.36188101446719
19.3289446124389;-13.0478715519856;8.19222177708743
9.64117600762187;11.9524141513971;3.98683803664155
5.09658261671160;-59.8536922498383;6.00455387108599
9.66685110830745;21.9811648220274;9.43504944582528
1.62579007637666;57.7390589851138;15.9229201888663
10.8079796837252;-87.7140898714342;0.613624735193850
17.2433515254291;97.7968535040570;4.25096167094509
12.6640613627327;24.3067664804734;4.83505838356034
17.9229272186237;94.8766819807264;3.29829133784368
7.53041611801733;70.9359399583912;10.1391967920695
17.6502116489909;-92.1303072661023;11.4493183655657
22.8801750017171;-10.9048421763982;8.56804624578034
17.6449515678352;-35.3568458872908;1.19384804880073
3.32808629013875;-69.0080661034463;2.45375206864318
16.6366583748765;74.7986432769525;10.9385225542122
9.38912366715558;-29.5728515163277;5.34049427643951
12.5610467780773;-20.0402776885251;13.4717576544299
9.97521726294938;82.2250817164821;15.1678753182758
24.0108788415621;-20.3643753119777;12.0269421828669
2.89184113077596;-5.01337512454072;0.435035412470517
14.0304782453193;78.8241908681342;11.9055959714990
11.6806422984329;37.5020975237422;5.38809317766770
3.97342285246273;31.9985224443104;12.8216358648651
13.1299439614906;54.9485776367845;2.67045011128068
7.99349588102087;61.7099529405600;10.1870103238489
19.5335601786369;-36.4062737712189;2.29186757154232
1.57334763988594;-98.0908935686399;13.1217924211871
15.5585846377624;82.8486783350644;2.85569761318004
15.9263448272470;-80.4948030508359;2.87002120560451
2.02763060209988;72.8635799906207;2.42681437573375
21.1578598807498;91.5594705721263;6.95395076445441
21.5483998185928;73.0028112613657;14.0800041282837
18.9680942256313;34.7794841557842;7.99231879833239
23.4433552263450;11.2327987498778;9.08821245541343
16.1904516883697;-9.72912211652364;1.40093890410157
24.9006704591099;-34.0114454254724;7.10328709818105
18.4053919081069;-82.4137656364075;11.2731391571582
1.43697612599610;-33.6846998140643;15.7088912555552
0.233631439355470;69.5911942186984;5.72973439133179
20.7728284891777;-83.6787091357225;1.84509453330834
8.37519953457937;-72.0168739451530;4.16199909067750
6.72428996558628;-42.5441724525192;15.9244773364770
2.70751788029724;65.6047722956172;13.3999891476036
4.54159224241254;10.9584329631354;12.0010836358343
9.59511361440439;-35.9254301591601;12.2328197637076
20.9275925793458;55.9352947009770;15.6112519989000
19.0425474748813;75.4840832623729;14.1372616823345
24.6811247600790;14.1635369425426;10.2546183161206
17.7750125290357;11.8962424929867;14.4733974320906
8.62106269044128;42.1405824340077;12.9715304711343
13.4397986062123;-33.5747221268626;9.69662507515537
18.6045639413533;87.5352912075364;13.7176294794746
23.2348181420852;-76.5059323901069;2.51038961490038
3.20999986621548;58.8436289155182;5.17460534879026
5.52467561934507;-34.0162115681209;8.10357328937575
8.20029810527227;-77.0845931262936;6.29228219475723
8.45337715165365;9.90188055146673;4.49130565527333
21.6826243097296;30.1487762754146;14.2155175759514
16.8929266285570;22.6228294952718;4.89490440185515
0.424586649569871;50.3754188220781;13.2330061508126
12.9359813365895;-67.4750972824909;2.92984151172375
12.8073882618164;54.6023359223462;13.6168382531551
9.90097729010689;54.2902191544489;4.73713557939659
23.0177435256090;70.9295976111739;0.498647913652269
24.7939206178206;8.53908475539473;5.93581639188090
13.8674000931378;18.8669495675728;6.16281834639743
14.2700345724940;-47.3732029845644;13.7043116625802
5.80324937364698;-0.850682904442301;14.7606235778674
19.9551799529524;98.2841970310171;4.10809996632195
5.94603392213222;-73.0869222374055;9.25268343657361
14.3327682455546;-33.8653381407787;5.23639489296748
15.4857937777051;-96.9736048545036;7.59344534863086
11.3432041485004;62.0700028524523;11.8894994969790
18.8603192899810;45.5202731503953;10.7331338820031
14.1467511725646;60.2034565784585;1.02225132407832
19.4466305896498;-19.9686427775791;14.4291533861343
18.3548284661485;63.8704138167585;11.5347972910999
24.1351773698999;38.4350128752963;7.09271564111790
19.0750128917015;83.0682506055352;2.75762360116986
14.1715074199340;28.3070208786841;6.65503791992887
14.9923742175794;32.2554924444057;0.0114487730804420
14.7819767251700;-97.3080090001260;8.74466259678212
24.0412038184902;72.7210619791820;9.02884537614536
11.0404251006313;-62.3704550963908;1.04107553886625
17.3120128224565;-47.0657490961771;6.18710036896767
5.89643446449114;-63.7646721020036;8.07943845320833
19.2653253090415;7.94239539807813;13.8971638828803
4.00001892613578;3.72690822952595;11.9762016189280
1.96637036645434;40.1733936984631;11.9314247240728
7.76638967733125;56.9149676936990;13.5669969202288
8.10612821572383;-48.8952889189523;3.79359240172204
4.42250210404425;83.0244546508314;5.40047299638213
6.15030979249470;-34.4818020332794;15.4260949427035
24.7959697740079;-64.6869887765509;2.29621455264462
15.2826112857628;-54.2189060154568;1.65654614157859
12.0751006133861;-72.0922601500386;14.5383345324825
6.10663983506619;14.9493340142696;1.84297654175787
24.3477848345447;28.4368656310344;11.9099089500384
17.8853944008869;-50.1938211441825;11.5946351132187
17.4597553359009;18.0439703933880;1.95553022125792
4.37098156939371;-27.8627430459222;15.7584940360685
11.7597097394550;43.9164858532469;3.33030891047374
20.1272386470454;-32.8851896173823;3.99589876768929
2.74273388907312;-4.39630042552772;7.77983405374379
19.8752857910578;-55.2329955086711;4.68390430077510
21.7006981035614;-15.1157280871746;11.4639787811373
2.43372398337112;24.3590977755836;9.18707194734705
1.64612007664826;-81.7456690147145;11.3764041377859
1.50706690646427;-70.1681215669326;1.61298709684218
11.3757582729278;-70.0939574533898;5.02201668918992
21.9855410356639;-82.2452745496460;14.8525995687957
8.69631268948617;35.5937665423615;14.2868840751139
10.9171585359074;10.5733643547774;9.57928578330404
3.27998918477955;61.1797769479075;7.94634719072160
16.3349725755225;-19.9962809726746;13.2112278727937
13.4372718049491;14.7891668344843;13.0524972662699
18.2278252155142;-45.6672976291181;2.25924594450144
3.30316837515537;21.3001608175953;9.67462173496385
22.3550000561128;82.6182917923484;12.6491422419710
11.4486743970662;14.3628841517565;11.9773706362724
2.51567955646277;97.0462124501764;0.157157771607459
10.0259382694171;-96.3842626649782;3.09442750650426
21.7069176379823;-7.83160635705915;6.15668543942706
23.9361690427037;0.778617147271499;7.02011534758517
0.534877496512648;42.8322926489900;14.2767333442666
23.6239794147796;38.1194512824424;14.8845705823561
23.0477314574732;98.5384947804447;9.63783441282725
15.2740396585533;-46.2392562004964;11.6636128127305
12.2542292597953;10.2209561133293;14.3098388333275
11.1187699539535;-88.1810637687548;5.78942688339045
9.92046693285217;-49.6978238454283;3.25902608430263
3.79778918804707;7.63682666170646;8.48449729063162
21.7542313999809;-2.46002502569951;14.8352512193243
12.1418548725711;-39.1180239085329;3.35918125630190
21.4974329651675;-71.8178289980205;15.7122949504523
18.2053656134552;-31.5819989060472;6.66182152564884
13.5641931383838;67.8077467452834;4.29861514008088
15.7689406685234;25.9935265891172;11.6918282296589
6.72690788539993;-50.7947064051050;8.54576045962489
14.7953001697142;-4.29719213046247;6.00181464929077
21.6576274179115;98.6225668290439;6.11849598972034
23.1386224640140;45.3175060223233;3.47455144624436
23.7779893002883;-94.1658021805634;13.5223581138049
1.66761198147506;10.5409694112968;1.14783188928030
23.6534493116862;27.7430816819416;5.80031032677121
12.4158326402091;-24.3698640629574;1.75338982293293
1.70068466508083;-48.9823000738914;14.6172881466756
3.84104274405274;11.6573071179715;0.648136197803444
7.40182787218259;50.9448619737521;3.64687019466083
4.21872345362883;-80.7142659266256;5.61980354613478
18.3798653623351;-16.5706713564050;14.2557217341915
21.9924266305193;-0.631715960773671;7.74339684712271
21.2855847040701;71.6911152865751;3.35061431117714
16.8007337732096;19.0531830184166;5.09045142515619
19.9624053669617;27.9018921259386;14.3885717661759
2.51200606583500;-88.3219733683655;0.111791900561816
13.0667128532352;-2.98182227791606;2.78217663864720
1.46720632260430;-74.2131705776443;12.2838219718285
20.3411517116143;34.5475701339548;2.80913292165590
8.64213328738005;53.4035031937364;8.11743667377005
20.7231019655855;-75.3890196954224;4.70083776467255
18.1240837497911;43.6274577099691;13.9720064231197
8.43234442286582;36.6757431770405;13.1757488990254
5.28659959692167;-93.2671992792682;15.9811525624885
8.49600307331351;85.9939046863583;5.99268938928802
11.4822948184478;6.26254063885454;8.12951220972532
13.2186824199593;-59.3270065469975;11.9759774298682
10.0301456440206;14.0424353212366;6.39864234420016
18.7980551545401;37.8608911816132;14.9064824572304
0.673472746703489;-47.0960609565357;6.84297482824373
9.36623626018719;-13.1737981922724;0.675508715456056
4.66703158691205;56.2780661567247;2.52084864847004
9.29954798387948;84.6699746931494;5.78162748290856
8.27119382514087;-21.1920108112146;0.941662269390617
0.462797105759233;-21.9962780307535;13.4937658330986
17.1307675590611;33.2167899156030;14.2397400899622
16.8084485785994;90.9300670586222;0.942307954934165
20.8259083723036;83.7157800989187;3.23988065818762
10.9097040109292;-26.3192162874542;1.39791466577294
15.8935345481068;12.5803918526312;9.16916666369420
16.6278780132016;60.0782977502959;6.99184372535071
8.89431414468194;79.6634788229036;1.42099867714425
7.96337227681677;84.8579712703752;12.4115711701805
17.2443271918520;-17.3820508645883;11.7428380645010
0.657849363839022;-59.3470155817309;2.32363818971563
23.4980228134782;-59.9936976458490;9.85325623559634
15.6635746204088;-99.4481202009827;12.7713084629405
3.37753511082352;96.7101337918849;13.1236967024430
23.4628202123437;84.0943691729099;5.89800531122157
11.6964517609077;55.2236538066446;12.9589902708108
23.3301124259284;58.8666408892569;0.970880326770368
24.3311716198225;10.3299579134092;1.45201323948530
7.10904068497542;42.2834718948681;12.8893702704332
13.4702188358529;-87.4774311389880;8.75169471306029
0.314386184582652;-87.6702704199629;14.3219878837582
3.92877692441634;21.2758482442927;2.98974018542703
8.79116984121810;-50.6375750028299;13.3193691825415
19.3281683366316;-99.6327347719329;1.00223637474077
8.00502159898468;53.2384111327749;9.60047292558219
13.8369553811372;-14.9138190659178;0.961154025729286
9.50305726552341;97.9127544553133;3.73652657004644
18.7552417499934;-85.9495042855043;3.51530165032428
24.6268346802017;-75.0984385440683;4.14800608736347
11.1779185361125;93.6829639702687;9.58856258788862
1.86568577430421;75.4446474325900;11.1186463739263
2.51095184573029;-51.9262753862299;14.7540474289400
8.40563858924690;3.18408015646090;10.4892074708040
7.30521948509195;-84.2454643132431;10.1382937209526
22.9243755169862;27.1201397173089;6.42877022869248
12.6190555707849;23.2412711036961;5.72547194728141
14.4805975383916;35.8912501171692;7.26380159191853
1.29209890558282;67.9205264568043;13.4229372871109
6.66917213979996;53.7369865673303;6.24021469769274
19.5719205559742;-89.0719137692561;14.2348155729589
13.4506917128691;-83.6025793715721;12.9831740743993
23.4940562708591;8.60343395759797;13.1560265193792
13.4402415309492;-35.5760594808382;13.8383234839974
10.3237276861363;-51.1233200633599;5.41991435719008
24.1022336415165;-95.5347093049076;1.01222216451139
14.9781063348927;-65.8745985358085;4.26980073525589
23.5316470213754;90.1905405140912;1.48111922398065
19.0251795174139;-32.3235619865373;10.7409598625522
2.77175580643313;-0.425522985915205;15.1186471771438
7.12831428719595;-25.9597616087917;10.5009410585584
5.31492001864359;32.2457299802534;6.66176162824797
10.3691618570797;-6.86271677705284;3.86570176084083
12.5417794106593;78.5455890197569;5.61586292531864
21.0300907933936;-48.0897354631257;11.1958466316318
19.4901557502953;36.0579836421102;7.81947223694519
14.5913566083288;6.18984830988556;13.1259599880898
12.9745622663244;-90.7587607131343;5.27941309313919
7.47700813188704;35.6390895657576;1.50507938701719
17.2537893083540;-40.3359071610822;13.3081879616218
15.6977264663939;-78.9317152053252;6.82684082781399
19.4102920775247;-6.49645577936575;4.11119506144535
21.6998455499314;36.4589199177535;9.69428228091389
0.661159550522161;55.9964316355791;9.23400487726566
15.3879107670271;65.5250755622506;15.3831474261482
4.95729685757173;-14.3856466399734;1.01405510641010
21.6190970697862;0.861688121292770;11.5109451075110
23.2049884228962;26.8443713954943;14.4321514531909
21.1813791500786;45.3406255136324;3.12294695268775
0.970156381054052;-17.4077630082892;14.3626869179748
13.1804965314987;-28.7367784350785;13.1456923473183
9.09557071808001;-35.6903746643324;10.6551261011816
1.75319491302104;-7.51180478556910;10.5068163855852
6.20643899970946;32.8095140655308;8.56866847720256
1.47661023250135;29.1996410524682;2.36863050468430
5.78356837949310;-31.2223906750063;9.84596239261867
23.3859953165523;17.8766359388759;5.98263809051380
20.1679058478564;69.3378080990660;7.01972793880610
0.951709585396223;-64.4117017493973;9.58663915235420
24.2036389793186;-40.6893441812878;14.0475013519222
23.2511716372802;-90.8379660256895;1.85461471066818
1.14806562382441;59.9956688099873;15.7718326541412
8.23800336106663;59.2190617142167;13.7160715087032
17.9130213571073;-20.8580868484749;7.06569835624251
0.786448539264772;-36.0131809150684;13.3059164824183
6.07107463773313;98.3772438979548;4.68231747807545
7.66339207677742;10.1827065974924;8.17497442893761
20.8499729820222;-97.0842800165248;12.0197946566642
13.0457165388976;71.8353593338171;6.08522611624669
2.88713353289221;18.7618685334620;4.26027107702507
3.48256091645211;72.2741433851521;4.20166273948416
10.1135284921933;55.4099617379326;9.32199008619893
3.98284223150633;-79.0194720553413;7.08992849734944
23.6113294055513;-21.1607645402880;7.14365811906492
3.24598828834272;95.1972438406751;15.6591684388082
5.69446166577345;2.09796779788967;12.6617751287298
0.668654113813116;-21.3060439832813;3.38355913045550
22.2697286999776;11.0533491907628;15.1771330876943
18.0225036164590;95.0871920672937;0.936818338810038
5.10119543158827;-10.4222325759721;0.383168780080924
8.51465191292410;72.8156265585100;3.33575072672105
14.9072469896168;-71.4145507471139;4.70856593634518
15.3121360098782;-80.8645076388616;5.85645348840274
1.64368692392064;-30.4540442215782;13.6010269298366
4.41433395720760;-85.4494823973359;15.0681476609124
4.33623811386511;8.88791212020434;1.02079078924984
21.4118675447362;93.0791553395596;6.55321963632809
14.4884616030945;-43.7654048649372;15.1591806136362
5.04577078154527;-83.9728358231166;3.56576983988081
16.8857016752351;-70.8396982089046;0.761053916938057
2.48671623660325;-67.3908756861634;0.115568139959024
0.102804470437684;7.71558703527637;3.51948843207754
14.0425423330333;-6.20775897918817;10.7750543043117
8.91176489814788;-46.9371323137695;2.10967983443814
10.7994562664141;34.9077486221932;11.2695583157059
6.85182526756979;-75.0910942335889;6.15816773486835
12.6451667716562;-49.6468603087499;5.79461605457185
6.57399343281373;17.8339458537711;15.4015842115016
0.145603576033421;-29.7803743378481;1.40110273708152
23.1252417457693;4.55477185114013;4.09057402002818
12.3623216904484;-32.9658577184427;6.60188420390190
5.52656330857250;-95.2929749243129;11.2628520527519
22.1263171385815;-19.6640723621944;11.9676557596520
3.00836511275862;0.936696779056034;0.598987556546410
13.2998173044039;-74.0821240842137;12.5015014645813
4.25815537441609;22.5938797136274;5.07148657184774
24.1397030238530;92.6911654557601;6.63074739191077
23.6281467257110;-82.0685730446150;1.40645156727913
12.2915827240197;-38.2675806573607;5.59001247555934
4.18147076678857;5.84277131869175;2.07077697610000
17.7722055202322;-10.5169861359824;4.86923524541764
18.9192662160093;87.9925814035452;15.1394776754659
11.9967832639438;44.2208658892450;12.3220495926906
20.9127055247236;47.5765664812917;13.1409166006094
20.9269988618564;27.8263970067211;1.83652049618705
14.2581340536227;-92.9371010408209;3.25297043045683
19.5771096717623;28.3230928393668;9.48157221303741
11.8936879578564;-36.2818715919732;0.171060412103316
19.4416016492442;-79.7796504360541;4.34901082534768
22.3998822657590;-83.8035674234722;10.5744220205956
23.9105176815227;80.4290714327782;3.21199910107864
3.28254295414267;-49.4528615954716;10.9715591899872
15.6603626951365;-1.01844839175196;1.71657460968859
18.7396933123562;-22.3773949163304;7.15191955857950
4.77197203436065;-47.2747343580944;2.03263925019795
11.0939162197725;-47.3767589510005;8.31639332533309
7.29994317859360;39.9054858412903;4.10838663909606
10.9005348459366;-88.6537106267080;2.55889235882998
16.9986618856932;57.7433050203044;6.74743954567449
6.32488158597663;-41.5395262694444;8.93907250490975
21.8035445080884;67.8875243448639;4.81056175641307
13.4050825243067;-3.07314304107871;11.7692646498528
22.8096873839607;-53.3042952324901;5.44279441863129
11.6478661534928;-55.8929404423153;0.715077014800411
9.32837524269501;-37.1429741811943;6.53096530116429
17.3372229650835;99.0854729273145;5.15490161705520
18.9229118165254;-62.1736666825297;5.73302804336325
22.7113111704579;70.0981936722904;0.867512774501115
1.55752102386885;68.7809593864161;11.9761223260815
19.5864240051538;5.66330186491104;1.27580160624356
4.19674939393496;32.9742662564339;4.68068862090297
20.8212305275839;-26.0767258911465;6.66509385525080
3.23649915215204;-36.5124949244932;11.1965072599430
12.3011963606977;62.0647829344367;3.66550930253010
20.9842482276197;-79.4753402652288;12.7837215745765
14.4642338540847;-57.4474154650772;12.1726929669153
6.89075821638921;-10.7155624203703;5.45204509543401
9.05857063246355;-22.6897657034959;3.69651021016544
13.3585397520218;54.9295692174305;11.3405050312392
23.4551731597146;-5.15377347865920;6.50314987383331
7.08280961968376;59.3582438688423;15.1197577455093
15.9951915049827;-95.0281053350265;10.4590033313287
0.943558291878793;99.8280122138650;1.65446614245065
18.9299458025337;-43.3893137709663;12.4927671333991
4.68506967071273;53.5649836789397;11.1594968536342
12.7407274212290;-92.9872573575334;1.72447316786030
14.8009045899539;74.0718924631164;3.30147484087205
5.97661045391303;48.5889918702356;14.9356457193710
12.1453983309005;-78.1413910263437;3.27529771074971
23.0154969148378;73.3233472088855;0.648433215543507
9.06332885632336;64.3051140248929;8.67839168472132
1.58848816125225;-99.2416451268641;0.0701172704025126
15.1628466228750;32.0526566730920;9.21434753950085
4.35256708242431;26.4729861316197;7.13822615651374
15.7815814899196;-57.9037023180466;13.5441887260134
8.92044710012772;-13.0106701332712;9.49466715464200
17.2767963153617;86.6218802234202;0.852696428415774
1.37579675343448;-8.54345442505256;11.0014715025852
8.17194799098703;-77.9942793272413;2.05822873962195
15.3204056538679;35.9782644815093;15.0642893671650
24.5705867327471;94.3464491522680;0.623691150995573
11.3665344364070;-12.9245370298374;11.2872526531597
6.33319676052976;-52.4082153736350;12.2533254748168
0.930558766128108;77.4841553211829;11.2183794353233
14.1192498196075;90.5542383690513;6.31624755128835
1.14273436734893;-21.6690149546312;14.2964184486542
23.4446754533371;52.6656082350895;7.51597468390156
11.3480023906614;-79.9894498803660;9.84943931068322
21.7414848686360;-55.2275756782988;2.09180750296115
23.1759922722911;-79.5045001474068;13.3640009475543
17.0380469120812;-95.7158007542208;7.14835787840354
8.93108296519249;3.38565453583533;14.7463004788219
20.0411150145357;-48.2627665812794;12.3264310819034
14.4064554075790;-93.2193946078586;3.44150788613704
17.0065948830281;49.9363762452211;2.26071866036297
14.5606800008530;8.34245270669585;1.80767600224251
22.7265451877300;76.3896457457726;3.59540994089652
22.4591639794669;12.2781468806644;3.55047687518113
11.4083740141493;93.7380324718332;3.55122560091443
4.55420687372958;50.4950304591924;7.15283645131147
8.19613876092482;89.8565889743094;4.95531317128018
0.594734150827634;47.7627824539357;13.0913253403608
0.179263287396116;-47.2949971775792;9.39648469275214
20.0882956520071;-82.5030858134323;13.9391772145520
6.06372181451716;37.1769233945924;11.7675827945539
19.8142146411877;62.0929739658927;11.2335826790415
19.9749937696194;-69.8385428083306;13.6693068879877
5.12573723890559;-37.2372746397546;2.14275960581487
12.2927026583514;-2.59431594354731;2.05603041374842
21.2511702224180;40.7262048646560;7.31888463644003
15.6419517868908;19.2170405923628;4.63204622490213
5.36955414788574;-89.1297689649197;10.7339507203623
24.3193376102245;94.2322883081815;3.70660746566435
13.4221304173739;14.8744360568666;3.34437330414711
20.8660153540271;14.8886030638707;9.75792902898359
20.3888423170390;15.4308210711050;9.79708436542613
13.8707052252577;20.1839912017998;15.9203294396352
10.7132024481338;-72.7967306796747;15.8363971030674
7.30763912950061;-93.0134009771019;11.5654716936723
20.0663318596768;-17.2326362189588;13.2542966072849
24.7191133764995;-45.4101351487140;5.84885742201205
12.7096555771486;37.9296851295233;2.33701668908829
4.76998354411637;97.1181584781250;12.5198295985841
13.5290213974233;-50.6169223639710;10.3431371477581
6.21737287441164;53.2696701965420;15.8637692391834
9.78864368628861;33.3319669337133;12.4005592652945
5.16491551543802;7.26328758755641;15.5270898525568
19.6443347266662;80.1049235017116;2.33374357560270
11.8293141275977;33.3841047125671;11.4889323406064
11.8246481296860;8.67695567269162;4.59960963326908
17.9548015611493;-82.1456365039764;9.64907138002359
3.20012295205332;-94.4423494865371;7.49014225079678
23.7700645565999;91.9585562958889;9.09816239673619
18.3709982554679;46.4486265299911;14.6455608550141
15.4659515027209;78.1319857456639;6.66598297803606
14.0407495006949;79.0506147962766;1.42051947472710
5.69406577439295;58.8648633653187;12.2794467076674
22.1267091478555;7.04353488698275;5.95375024377664
12.8507977024751;-31.5198523162107;7.81604975374247
10.4660266848338;-43.8431020317580;4.68583106589393
19.3826124602963;-5.10770900464599;9.79486279910586
17.4303443393128;-98.2840724330728;13.5865229476672
24.7568843498561;-15.0399510654479;10.2175333215717
14.8227626909669;43.5973494949697;7.96599843193458
3.90835476118390;-17.8928000065606;14.7462415799450
3.26975729004733;20.9142314367166;5.55492049907230
4.25892447928127;18.1764729048287;0.353264885592260
1.65049069753062;95.7212177613433;0.773044235260350
9.38196253313810;-44.8045822135113;12.7384337656809
18.1589718493045;-91.4427720424794;15.5342722575161
9.72759089250507;74.1306709302329;11.8664837707821
0.900400264129944;77.5688741008379;4.46056787217033
0.141355685204006;-25.6098839842279;11.4252563857412
16.4040320375443;-70.2252129230230;1.56979243648261
18.8164604834382;-66.1369517349436;14.6237090930622
1.69035073829567;-67.4354221968892;12.5547100412508
8.48177936645585;19.0441249629364;2.42902753489316
12.4347976793714;70.2931076374212;6.73739871063524
7.79559693296823;-91.1774337365588;15.2774929574161
16.8004657363032;18.0222020664477;3.03179788357823
20.2097874119431;-50.4414950066901;4.37467794996240
16.9226267040079;-56.3022265151548;0.860351040935367
23.2680802008834;45.6889987457239;2.37486701877962
15.9729409327996;-63.3836996683550;1.28845426120168
14.3228028105934;-78.6124712360597;11.3842038084746
24.7669346327945;-9.37848868589126;1.12031641551042
1.36379184027101;-61.2569476445165;8.38634917151473
2.12651976401759;-25.6081900170779;12.4506751620181
24.0312659116661;-63.2478864087778;1.14390087300677
10.1357898443533;77.3538489328998;10.5815208810101
17.1319975418504;-57.3026776055660;6.95787698635325
10.1510181742692;8.55495837922920;6.30693535746191
24.8747900978548;-66.9449856257542;9.67021638816419
20.9473044378081;-10.3454716622069;15.9410771361343
6.14980724184675;64.5216312014938;2.04479307880452
10.4119173366925;-5.49177307256323;3.16791892603751
9.24942528253268;75.9012989218672;14.2042450652981
19.7950281725703;31.2822545286086;0.962691954243095
0.802716781071403;9.58184847637094;1.33231364581649
19.9119056524720;3.71216688457299;9.37332992185044
0.851400501187030;-14.9284739877537;0.606731045231562
0.461632723046979;62.4237634485361;1.65652799527152
11.1862705881103;28.4059877625677;6.38654316839160
20.9378985140139;-63.1454754181706;8.60337883087166
19.8999574319873;99.5407677005843;3.45412470019045
23.4217242367987;-2.32247696160308;6.17068356554204
5.03280644686002;1.84709371887328;14.6204900789521
21.5670146699713;52.8351998446587;5.79413063620430
6.39511332922257;34.9178991541363;8.66728573214441
1.49203538064667;45.0583293219137;2.92524231281879
24.2169987985750;-55.5479323949647;5.46404606020268
1.63763823860151;-23.3830122398598;13.6204128140382
5.73852599690576;-30.7673570504526;15.4292984899876
0.826959994198459;68.3695790165779;8.58683000661547
3.19555085567813;95.0532583678526;14.2018741625102
17.0008696601688;-43.5651523999084;11.9953778864680
0.707407946928365;95.1142430707990;2.23585567638865
21.2975932140939;20.4340861118498;0.0735534291033400
7.05554659169374;-62.6110168914926;12.6600730125202
10.5497487617917;-7.33411823932757;8.22389465999318
16.3328209057231;-75.1665691637497;3.69656371256251
23.0398782891894;39.9930123691958;11.2580295311342
7.30876061271049;51.6829192634279;10.4119573690730
24.1700238972686;-4.05043643375120;13.8905422583068
19.4853628386144;36.6241875713981;5.56446052581097
2.15786743539791;43.6099169243884;5.29034114559537
4.47229330524202;-57.4433765431326;4.70030676621108
4.75759307042783;-71.9159531212578;0.213375559656233
2.47948935098803;-3.86151795407474;4.47491914506047
22.7475093419123;99.8814255922040;13.7251829539765
1.21061812584060;76.1595153329633;2.41763562042288
22.7505920444972;-92.2148702017621;8.83993861891652
3.05106230006481;89.7266871892611;0.975920865912672
8.84158279227163;78.5720879638144;13.5394850702215
5.79428618443864;-57.5349937539398;15.4046665918952
14.0181125735789;96.3897487255670;4.81758317968908
14.3327247278858;-49.0906016030919;3.73140319909806
7.56922025866652;25.3712870061710;14.9615640943515
19.3362135628947;3.75342148193523;13.4743539702782
0.346616213605699;-1.03179079005415;12.4766472043111
6.67903491514867;-50.6792496826132;8.12159331053663
23.3019386637549;-87.2488181370711;9.31906434165794
20.9576426834571;-66.3112952922248;9.38340019402713
0.572078347688587;32.9752437768212;6.72844790625243
24.1401708793805;41.2156345033265;13.3294044687011
9.94781537886562;71.6140425937083;2.48386638091202
12.8807219517640;-46.0348495783451;1.74959602030100
18.2913789923411;-95.5061418010359;8.37170422801886
13.8307654383557;11.6260655004968;8.84511019021656
24.5810605346052;-60.2049528173379;2.61947769435402
13.3588375893981;84.0482313417048;2.38998766605925
16.0327768008567;-44.9803799675703;0.964078083744056
8.41563644761214;-54.2079356636463;6.92028986694287
24.5583463451483;3.62993464862083;7.83768478347312
22.1507812979827;-48.7879838311033;0.0841112578332606
2.66774066797791;-96.7702788009520;4.18298476558499
15.5079704784942;95.2971507062211;5.48128252995636
21.7781167655935;79.7559801624087;0.215282827166137
14.7207045883191;91.8420339640958;11.2132167688674
19.1397524042526;68.9051794524788;13.5877837050355
18.6946941072539;-23.8069461976324;6.72919271187742
3.15628316593240;-82.0796295856242;12.9758261330756
15.9184980681840;46.5474815700858;15.8386557454956
22.5891852932343;36.5147188037533;6.93102410030902
8.34389857626577;-12.9662342940118;15.3947725599415
12.2722000778328;-71.3592456834478;6.96389109921898
5.63459833441231;-38.5789335977735;3.31907059192508
19.1002832896423;36.0633189057453;3.23883896303799
10.1197962907257;0.789009116049266;12.0954946186273
24.0027008155935;46.9314288080982;15.1090040934465
15.3098631215237;29.6040467124810;13.7676709261457
8.83958679044284;-86.4338017179162;6.50729836108173
5.21157241020985;98.9394878457219;15.2221975894261
1.91788412265450;-63.7694675902132;7.50791068047099
14.6322768867836;-7.90877309508282;11.3164500037645
6.59398801002792;12.1482897398326;7.85052914853396
14.5929320554880;31.2385654282887;5.85049898012485
0.922661935875555;62.4439430996210;9.82056657286462
22.4128559588833;55.2727336996323;10.4551733888944
4.38177440555378;-40.6855361434326;3.42370195734365
18.0234961510693;-63.9525734213569;8.93935291308329
2.96497106561893;68.3829001685304;15.3008911561588
11.9197682444130;30.8912154296269;14.1400413590723
18.5674167974553;21.5875761629271;15.5412856948765
13.3387724323588;-4.50883181712560;10.1088993843917
15.8776056587108;22.3157807126247;6.49465951399265
23.9350764828914;-24.3437190361198;7.10078235389921
6.07589187845352;73.2688411528607;0.108859711180887
15.7209649004344;-3.94724867272753;5.35731480857968
18.6536978562781;-7.79646930249571;12.3127387173245
21.3132071394778;-39.6745768627545;10.3377091545368
16.7714299020636;10.9391894818559;7.16835791924031
24.2194101129476;15.1920544632680;15.0443636155380
0.0716413088580783;-71.1611072065894;15.6574656558426
1.99910517799756;44.2449193912140;7.87489397863376
14.1926239806904;-59.9826242525843;7.06702152495443
8.43513280462968;-44.0931130371821;12.7625012710544
15.1750016673360;39.7287328537950;1.92790044285767
3.11084625475135;-61.8791504204523;13.2377784928090
14.5403588242001;-15.6140615318659;11.9405984913747
21.7000898502145;-58.4622727395325;9.38915562098502
3.26748833056605;-72.2626743506141;4.84779059547752
9.09260852885996;62.7521562513741;9.36140050397575
2.22641320713270;-34.3085705279626;9.19801113758761
4.56842246822591;-3.88293364438688;3.30353949708152
15.3175479535896;-86.6016458260120;0.913665223115723
23.1650403675774;-83.5907850491130;3.67253896748357
18.4551885206931;-36.5081551070013;15.8242741937871
0.131167663235177;-37.0843523021238;12.9022207602801
11.3366619233323;-32.3810824860592;0.687817778176177
13.8231334982324;30.8060273357532;8.67836945606087
9.01620831373389;-15.9559135307480;4.23512136808317
0.626788192202641;66.4168294023179;8.14585701040109
16.8029114320194;74.8428966808285;9.31377910132338
16.9340739459607;9.93857156428537;0.729341721638596
9.46187504558750;-32.3971442030691;14.0130214244769
10.8610584731118;8.39656196185694;7.74320623699965
13.3237239429255;-49.8552752589737;3.10736998594456
1.29819719773859;-26.3655332686826;15.7013567573896
5.78533771329748;69.9433553360417;14.4421206555012
10.6518051964253;73.0526003715079;10.0449791523761
3.56957299857599;-85.1774856436832;5.90335537137437
24.7031147463064;88.9969657876685;14.8537249900734
21.2022675216243;-96.9365173916290;14.3761594600761
23.2017625255397;-84.1456333070045;0.832881681297071
21.8117004185016;50.7688937954194;1.40974810803706
9.86511011018600;-25.4268993168427;3.81791674422279
9.42536989297661;-58.1148979379623;5.35017150830248
0.643483998398262;67.2510144630456;13.6686189789201
19.3686103696100;71.6184813436209;0.241211355498768
8.80486714861679;54.5447272602007;4.13541950716671
4.95160265468071;-30.3816846197090;11.5401021825918
17.2344022620616;93.5220787163425;1.41605651285615
5.30108043399493;-34.9808300328304;13.7920825194701
2.78724524887826;12.8217148273613;2.66653632849178
23.5617391187641;-55.7222150277452;7.22509089749334
21.3791032660788;17.4168693314488;4.54042137149301
21.5694660628248;-36.6585431820701;8.76376872551987
3.14686165936856;40.9903753814681;15.5430314644103
5.73727844213128;-85.6462666606302;2.38068518844669
21.1097696769343;-81.7931228533560;13.8930904354346
20.1706333798666;-63.0524390085034;7.81472867531819
6.91184411563691;-61.4864612781996;9.45449926692406
7.78094389802056;-68.7053854289055;0.0542196398404915
9.51509447486232;-45.5275769278407;7.76889867721987
10.4619157833966;-63.4562747092273;11.7031597014734
1.64831490552390;-92.9398012430976;8.59154325158032
23.6787344933493;-85.8079643861621;15.7842036521169
19.7564219271488;-95.5105653491079;8.02483150887839
16.3035674652843;22.6549263004812;0.795585560525627
24.3820094577255;-45.8117933590992;1.76740145175408
3.26861745691644;-6.06523778493961;7.54347593287115
12.8959006606530;-64.8558150639415;2.64195067571399
13.2955557738772;62.2186442603393;7.28831986544618
3.29672908992241;-96.1336837924957;9.86993807618652
16.1033170033384;2.64916871927874;1.83973070169577
10.1826848896353;83.5491384093602;1.32113263559188
17.2930356087690;49.6436307660988;0.304158353759192
17.3817142163447;55.9291709984804;1.39561310134411
7.54400146170676;-26.9057341038679;6.62600664715846
20.8019815012211;92.6310986196313;7.07240007971560
19.2614534486382;-29.0062904200971;13.6994444649226
24.6717077059805;74.7139817592779;3.84852945866531
15.3043722731452;46.9719469453531;13.4936155361697
9.14094903264279;-15.5248364841844;5.99744847202648
3.76848741969283;2.84965958705479;0.304224896189220
24.3925089168917;-32.8331198594692;11.9378505277482
17.6565909370106;-77.0883539789982;2.63101914507361
19.1646413297345;57.3511411907417;0.319221921386440
4.43405109435545;-4.93282441791845;9.36547314492978
6.01295833745605;-71.2740943930577;12.7855549092176
22.6122081646196;-2.70879180127537;10.9056637689926
18.3449595264986;81.3877752330245;4.76984747307239
21.8668576833071;-12.0836339165145;8.56135356478483
6.69336890453070;31.5094134320894;2.79530648107463
21.2956181343119;-7.88697332394754;8.51613075992090
20.7084588806578;-76.8175245433693;3.39441980241704
21.9887385474640;-30.1767548702468;10.9502548780340
1.34377888262524;-40.4323428378600;6.21057297562511
6.27576031796507;-98.9881925351994;3.67352368258516
21.3442459340982;-66.6847587276503;9.20213155549235
23.8235584127219;74.9182152751540;2.09234233094760
3.28970492639759;47.0184491921580;4.55771708862258
7.52197106715909;-86.0204157837607;1.22239654207618
1.29773186990307;-70.1547222106929;6.22948513953005
13.6610403233535;87.9231606719031;13.9276528902101
10.9173789942072;76.1868914021357;9.78769531466154
4.91927513428646;-35.0654861461504;5.86805970369641
5.11591126714738;-7.35435904577031;10.3223958479360
2.25374795947716;43.5658875894732;9.87307445076637
0.113023377297209;-14.3101950652363;5.40298704332152
4.67814930514115;7.18831095183043;2.64876099645768
16.2837519374873;90.0567483467983;15.1196205309412
14.8931026968751;-0.391797464418109;8.15937255609546
23.5572003455099;63.5018791713632;15.2594151078896
16.0050715644958;47.1454586118178;7.51847018098109
11.2293760052031;-68.3601643911208;14.9264183562775
9.42057750462672;58.3249759712968;12.6674772748399
0.219751971270968;-97.2633286432002;7.90841544455193
5.41714918969598;44.6978825230363;0.218751139683029
11.0798080437566;-1.51143115205434;3.84344106082472
8.48420602444503;-32.5191240799658;7.00609635715872
3.50351592603807;50.9633985416942;14.2076523711620
2.21027866237398;41.2982274926766;14.6115097108812
0.0932779241616135;-11.4876815624134;9.97849896605204
19.9416338373926;64.3186231979423;7.50740186266636
7.34157542247213;63.2053497521704;13.1864086522612
17.7838089151355;63.2346023427144;5.80231913646627
11.0874310279185;0.212099193182547;10.6680932016599
7.40222584246806;-67.2558576709853;5.57267187448787
6.55155569597251;16.8045621674334;1.98030325426424
6.88104775460250;81.8240485175149;7.46285101116113
1.84253285224077;-42.0739349258830;0.641095942109132
19.8048062355997;-29.1619959469015;8.74754679028424
7.51061977564886;-34.0414121650193;15.4049449435020
1.25841441452526;45.4114098535483;2.95348356022464
8.40228875880073;39.6712096565432;0.672368367164738
21.5591021085431;-44.2466167000140;7.13027224914348
3.79653057827577;73.4309610245837;6.33186364405055
7.73864427338597;-82.9401067885567;15.5228199155078
13.2717787283496;-86.3371021446377;10.7096175161934
13.4830709960713;93.6505748753839;11.6827733715504
19.8624459468776;25.0150433231072;1.75446953756204
1.51919212101324;54.0360789174746;7.91946548875392
21.0670681018208;-70.9223683142978;14.8068480886606
23.2759832561793;-37.2299924202826;10.7541951832397
18.9814800812020;-99.8688507696680;6.77379841698189
2.95888992127853;11.8913177575292;5.10126294439375
3.14910571083291;84.4244476691008;15.8685195309885
7.50004002989365;-10.9356357415200;12.0705072994306
9.41719908544091;-30.1469406378220;5.20892985295197
16.4054386625945;2.61225085974153;6.05106873883925
21.1670934017130;-82.1437181001280;9.09469989806953
19.4627140844304;52.7566948401736;11.7176954701622
17.4707518721577;-22.3213375995252;6.55921453252104
11.9682224948266;-70.4315208883549;9.81843782478914
9.80454219091339;-22.9865867076155;15.5521441271309
13.7296901122956;-45.4977183297805;13.6985426529597
14.8757014175254;-40.1505371845472;6.15826794632275
1.49052278563493;-97.6934347139122;4.37000915478920
22.9802590077085;-52.2248215950016;13.3513958059193
12.0645214781694;-7.62124333558143;7.87592489277458
1.83958630465488;-71.8320840638191;7.53191753647185
8.57013067473022;-24.8369889661614;2.32380184034249
13.5178953728237;-9.47669298083240;1.60464179371054
15.1272011500722;5.36917440247284;4.84736571611695
19.4196131563936;10.2799431678472;15.7352691241994
16.5370526258801;-33.5253675887794;1.24301589128117
16.3928374440751;-57.0088047246042;4.20033641379605
14.4455012773927;-70.1747855277843;5.80538670447189
7.18614574273455;12.0914011918930;10.2934814553075
19.4329950391505;-34.2721053734665;1.54157187729063
13.0411029392983;30.7351793717041;0.394950020491688
11.7651079588362;58.2810031875145;4.98685833266895
3.09006804667671;62.1798492628546;15.2672952793006
21.0463176091494;36.5856537169415;14.4847750138352
3.88379083112429;-43.4870689048380;11.6543474081498
19.1659894857267;4.13198396553165;10.4914500093607
1.20043893024651;10.3619083040629;9.85944403464860
19.0897541161370;-3.67524347788519;3.41782637505601
8.76270390789057;-71.5177857520845;11.3238083833349
11.4970276614682;-31.6276006843017;2.99982813827016
1.21338935659733;72.9848770698253;14.3008147540088
7.33259569703918;-50.6495190647538;0.929769099419781
18.6336596897513;-62.7051894821076;5.16850304701938
23.1507154063909;5.25911434318120;13.6559377469366
18.8162798815800;-23.4785235493237;1.94504320824598
3.63033170235199;68.8657862756687;12.0007257603352
8.67458553867172;41.8020195167822;7.56268231006506
22.3437611085226;37.0285486811639;4.84071579366485
3.54424457675541;-38.0331865074556;9.63715461857292
21.2797082895031;-97.1110880351468;3.39826955131841
11.9383628273699;-35.2845917154870;11.1327223127452
23.1500052812700;49.9104078611338;4.73634715086843
13.5352360065674;-55.3604939074452;3.06858460509828
13.2025166153576;91.0728132571330;5.17063466503956
21.0518894587068;-96.8874218467876;14.9338156297931
4.49114342782879;62.4788505852196;10.6818975746923
6.90422863785856;-60.5747576301073;12.0223999800289
3.90771326440641;-49.2157116326835;15.5647334866473
19.6027183961478;-10.0690239123594;6.84655939290829
15.3396561162577;16.5320794093635;4.84213702829847
15.7763283235861;18.7411956617404;13.6739613183412
18.2825736410622;93.4005150308803;6.35303475257515
2.95894585243091;-4.78956311839391;11.7499171897044
24.3494094318117;24.3635165952613;10.2574645183325
3.11168206650408;23.4424112312805;13.8437834105917
22.5428244235176;23.5156837955362;6.25123763599730
1.98017318623253;-25.1901161905338;15.8986693298197
21.8527351024693;38.9144934749816;5.03693199333315
15.1215047188696;-39.0645148363925;0.645842499308472
21.1887565640424;-24.2411277746879;5.53324183893764
17.8794517219552;51.3309272997438;13.2821594835620
23.9971118830931;1.40506297148804;13.1506027945815
4.84056848768703;23.0098038142794;5.24327101922842
1.87860013472197;-19.5834772072503;14.6666364390458
2.10330819249515;-60.4010263163173;10.0679628897808
24.0264868015864;0.844949478483037;1.14920283033226
24.1310334421993;-5.97721935580373;10.8593196814497
23.3070485566397;-72.1520502280751;5.75022117248106
17.1726710022013;-6.44390878075438;2.45597798995805
3.45733117206049;-4.00362354629062;0.794004199608768
16.1937436133865;-91.5679669637880;13.0235029803812
10.1873126708526;-81.7424402988313;14.1989548301483
17.5875703353765;-36.3206886540968;0.192435527381265
5.61772216370667;99.0731694726483;3.99626360823758
24.8899956974012;23.6748362132497;0.854853021647481
2.53462949999922;51.1550918181882;5.62880050543070
20.4528082760444;-44.7756248480186;5.98056815190096
17.1460279503469;6.79431302761588;11.2026276399653
9.87924717115859;-95.4828377201059;7.06340937605840
22.2850441931843;64.6995811493159;14.0650517874963
9.55657170520165;-51.8061207790533;3.25493040874090
11.1496573870895;30.4210991371497;1.69684987394577
21.8096269222525;25.7823268834218;3.76441467180235
22.1257343539225;-68.0687643491148;9.76779045143098
5.19469788469978;51.4206973210397;9.53296698763733
19.8960655711041;-33.6326022061316;8.56033871997804
17.2857491772669;-52.7439267937803;10.4321835549661
15.5044067345302;42.1553567150530;12.1388547728484
10.1179340784986;-34.5450296040789;4.89395381642275
3.65152613718744;3.02819828973206;4.70703815477854
1.16244246827340;-13.5779932296901;8.29604445789404
6.14207291033473;59.7584927964403;11.5244902273023
4.32447719714670;8.57328645739499;14.5822960047547
6.50346500608849;83.5671455976333;5.18092453693017
23.9168370611986;-72.1451017998865;3.60051201513769
15.2231133110511;80.3013942435532;1.85794791944738
15.2139699489903;-44.7436834645723;5.18663808600093
6.26448465209069;88.7370860724952;0.650164177735785
19.6250325716400;-86.9917834834281;5.27633526250801
0.282125530981187;10.1975399690831;1.73865742882059
3.08683722029611;-97.5761757749947;9.36031972058525
16.0899234504100;-71.9970328482066;14.1773212890244
22.5372941971635;71.2080586646806;14.3770075425991
9.63167373942892;27.7339207733877;8.56667873576809
19.1828972747872;65.9767279318675;12.0826698654857
22.2032397908952;39.8124654668010;6.66755395133304
1.89913810992697;-72.0428651544558;0.386043701990417
8.81537699500728;33.7873955761617;3.20273408641929
24.0999012991940;-6.66446229886675;3.62554303740140
14.0183722947411;85.1897415273120;8.93068393948966
21.2388823835627;77.0276532724648;1.23421451571040
21.2945265737670;41.3921875794904;6.71728967198673
18.0968974855333;28.6804923317919;9.24225906490116
23.6483538695561;-48.6914989982748;13.4564061225954
17.4171559989506;40.7094964739580;10.7896037843591
1.68027970613761;47.1233287153585;12.9783960567072
7.25143260187277;52.7584755819500;1.21365738842136
4.92963178001394;-21.0498835882898;9.13684523095188
3.93451682344330;-87.5449679074030;1.69449111911379
7.40282008382303;40.0517352375864;11.4478323230854
6.43694498128471;-20.8770693868654;5.08183627392290
5.40870591765313;67.1171511044106;11.0173762746416
13.1506486117378;-51.1553865863440;14.0249255889717
8.02224722118895;92.2428794006305;0.0513128193793886
7.11703572920272;81.3450154879769;6.87099858888218
1.91225087397595;-36.2546906690957;5.42296901025527
22.1272513773977;53.4489500922379;12.5714564294390
3.43990026214250;51.0818909257891;12.3379269748326
16.6562955590255;19.3086663215453;10.5351881279013
0.0317540666930203;-71.4544335629116;6.25014337287353
22.2505899154350;-90.6186976100974;3.80716222268591
12.4581905396074;72.5989424939075;1.96209685648894
23.4344162213891;18.4926133429022;3.35082774482599
0.423928549652395;-84.0699260191150;9.95560315531179
17.4317932496507;-50.5777585160310;9.47785955743283
19.4579879906891;69.3958900332177;15.4648006719683
16.3122113965180;-85.5419351336653;8.23744649378503
13.7895972511853;62.9150591815508;15.0577552381854
12.9349485293621;76.8627097420856;3.69522671129313
10.1240690950072;-25.9510755986590;8.94588677885177
13.5153796041690;60.0689540582539;1.34403508610697
6.84129299831928;62.1349429337470;13.1922079631301
3.88071125404973;-64.2899112832427;2.80698392843974
22.0615626159328;38.8587372386873;9.01640822796368
4.69926208526491;32.1954353234565;13.0159713699917
10.8950928043657;98.0125087197536;15.1843913821127
9.07634199676164;-23.2970495734075;10.3932872688463
22.0255961878740;46.1010362963676;3.17815936965260
20.0310637980030;-84.7601421143325;1.31978094381970
0.148848783183588;-85.0747685191174;5.86584623433447
14.7386682297989;6.97699592045638;15.7498971245817
10.1695360252882;-23.0311332994328;4.48343997209541
0.773597779434990;-24.9547963939351;3.64012669953544
10.8095707233923;94.5839348408631;2.17468348294713
10.3303028576687;42.6149825492616;14.4270904971849
22.1362622380914;-30.8217782816920;6.89410640141892
5.66874201036197;-51.2489925597859;8.97760677941545
24.3669991854387;51.1315851040889;0.230285466439794
12.7462175532123;76.9769401422642;7.63915660606056
20.5380341706936;-30.6853942423640;13.3446823871790
5.09087966500696;-85.3171251870842;0.925741998924242
4.79827292181870;10.5587151951538;5.12737777855611
22.2455140446733;-16.6621163785398;6.17301707337592
18.3125964522506;-55.1052455060933;11.6285482802540
18.8065265594093;-4.35438175159983;15.4760629468242
10.0975316625137;-0.138963002063286;15.5237938944074
18.0445762029738;20.5827370754367;10.0239253954790
10.4209116292162;-42.8394757628896;13.6254431978053
24.6647645517014;7.91412053282683;4.62040608547808
13.4763229023120;3.90245820787785;6.03856160884137
10.5926849976842;-4.36174608041537;3.68536755734448
1.77445555571524;16.1916941993209;15.7417094528764
21.1425436632752;-21.8328735787803;0.116466127778846
16.4367634507781;84.1121711247090;11.0951084266400
9.18261176262991;35.2780856279246;6.06768912359802
17.4927776744807;-41.7068754129097;11.4223096640187
6.83942382780228;92.7259453587467;2.04312608088653
3.62373779426552;-96.7223067640286;1.24098191065548
7.61874518919188;-55.5866001010584;9.09158656884831
2.79789767046304;65.7453824871739;14.3240353938473
24.5801417960674;55.7673543388993;9.77515170704808
20.2703927488518;-39.4567005532748;12.8979645034208
11.6941325312626;72.9715495659457;0.544199598584104
9.51025812642427;85.4646498697647;9.89654987155094
17.3113921505831;50.2927223992583;5.78203413787568
2.61941828912328;-11.5417025820835;2.24747504859754
0.709831522675696;8.52184899568738;2.05401388599243
4.97822192211503;75.0211415859316;0.576215149789578
6.58756825195815;95.4938954876124;6.42985370273042
24.6845873898061;19.1095122148052;15.5715018698020
5.16604398388752;17.2980982740357;14.2417124456579
1.33806033055325;76.6004081819865;9.59949331316434
2.15358020084443;58.2354072766178;6.35595465921693
8.95209398363615;2.46153720653270;0.300004060586625
20.8649427108160;9.98243641038381;12.3556213936998
0.725782837732913;27.9032613532762;11.1150818454167
3.32031065284959;-33.7708166100224;0.642295262453088
4.65893751373514;-34.2373500425602;11.7467102590016
23.7628034050304;-70.3177463216269;12.9814716326686
24.9221935439528;45.4294131723037;1.03644979522667
23.7634090806534;-26.1722086737755;7.78572703972914
23.9852885002405;21.2849271684229;15.8969253882565
5.66884601248981;-98.6322785599651;6.23513320773169
6.51187017445441;-72.2169440889960;11.2275426892483
9.59178898718738;92.8653437201989;3.43654955402967
21.8905546143923;44.0937341418145;7.99117430227322
23.9775569881980;83.0690676335233;0.890087823930628
15.7667505020139;45.5790085400396;0.567812831489269
6.96555894214969;-0.462172263797878;7.82887778995828
2.32540784453139;27.4630363274573;4.71749682891372
5.05702787746469;-3.05529701828935;1.03708682139260
18.5894178922273;-17.6726853868014;11.2027999745510
17.0423182146719;-45.2368247732176;5.04990260159283
13.2357580400308;76.9489990530748;12.5270039291527
20.9361598054435;81.0475664520699;2.89185863728459
11.6574331023836;-8.45508737375773;0.389805419412156
8.05934397280535;-16.1032287132021;12.4229932953582
14.6813841348468;10.3149514869236;6.60674379587337
15.9885763709707;58.0792955028560;7.68995505972672
0.437182231259751;-88.2545002678882;3.94912259323470
0.918440315997065;-6.84404290317522;5.96494620317665
1.37843640383019;54.9085262430873;13.4482704097135
1.59958961914944;40.8465302130157;14.0868806173500
1.78433456002350;35.2690679292891;3.87351744307386
24.1193833248154;55.1233068746328;11.1491730578709
2.07890629014917;-9.05207695619741;4.29519356855744
11.3816150140367;-54.8495900306508;7.05267940253647
23.9048887001187;87.2675888144431;1.54000974343351
12.7158977802308;24.5642765335120;4.78563122182078
5.25771055327402;46.6647829855512;15.4244473794838
24.9613245722074;67.2787752239886;6.66701771940305
24.2477651434130;18.9060018572367;14.7548852155756
16.8287042642783;-21.0424073600827;10.0245695253892
1.91263995899542;23.6450243117325;11.2378285553863
5.29233689876669;35.4333946592346;8.87279965499286
1.14394371432231;-96.5358426288802;6.10727936906815
12.6427611743394;47.7876210954182;7.26033476128571
23.7539878834714;-89.0594844692908;14.5168994564758
14.4390281668335;-51.3488844009720;10.8632955582837
10.9861577938144;45.8175128249709;1.87676550529034
