8.77082347973982;-71.7918129795963;15.0350608474332
10.9227521099149;1.19092561542595;2.61265902109311
14.8921134755859;-29.5690113796581;15.9623205789390
23.9038517787902;14.9886096799998;1.61270122114960
18.0985884804711;46.2133517006136;13.1895181701665
18.6970046743140;-9.35462392173669;10.9791866487919
16.5994286928491;95.9217770003811;15.3480523934846
0.218276776460396;55.1911443127317;7.75924143882168
13.6097111219505;-59.0120283305737;12.6076167575766
3.74843667789850;-36.6322566774972;12.0803891525804
12.3178904073894;-58.0920787769455;11.5652226184809
0.633843865902437;72.6648315092948;4.23398006981112
3.75123410059765;57.0921277614017;11.0144150219179
23.0106715305612;-56.3519493031823;14.9171725864906
11.4071174365231;-41.6706620897601;1.44397682680303
12.0331939207555;75.4656933780962;9.15642137465346
3.07351635882278;-29.2892567353192;9.26396625814419
6.12668556790887;87.0127710396312;13.2045590239125
23.4288269139552;61.4437690794686;5.33128953011633
19.3776053671038;71.6078167385635;0.101160444014143
12.4195820104789;5.65905760714875;10.7397025487398
8.65830292902067;-36.3181542223324;3.83212759379274
20.5509391634498;67.3955682886236;13.8692052966020
4.19493124462524;-98.4062060379169;13.6157534708166
5.00587448215905;51.7832345053715;15.6558981898032
11.5176705833616;-28.7561265079864;13.1881879607131
24.0718753863871;18.3308600114932;0.788982853114490
23.8713545982538;-2.15777360977472;14.2545096287823
21.7497121900820;-80.6362376095569;5.52019076672701
7.53331178175913;-90.4213600622496;1.43481899478954
20.7757562742994;-3.78787245206016;14.8271790363692
6.55424460539615;89.9588474854953;13.6805652233749
12.3236601885749;58.4249936389332;13.2010239313205
1.33248271460717;20.4179106714694;4.24488669780416
9.72434444082283;72.6914808641517;12.2463412369027
22.1821747206372;98.3844782337257;2.87181123462743
15.3307966391295;-74.9874280318494;8.64870382480177
18.2204676290470;-34.4763948017689;13.4532491308879
17.0567847235606;55.4072988958492;2.97640907378867
14.2084279112150;16.1586627786570;15.7627534960853
20.5793043298856;11.4807139065740;13.3808499584156
10.9091810654191;51.3067597952583;8.69896917848560
22.4363694060277;-40.7840806279887;12.9072141190068
7.83947289784372;-41.9118559739147;5.96131358098898
18.0183268708083;76.0986240208316;6.80378359154710
5.73227364401304;89.7638530503438;11.4365032271778
4.18095135087770;2.85150981125875;2.51389335305916
4.08889642178428;-70.2997185881797;8.62288205331960
13.4506238059799;-97.2660081219828;8.98010407151470
18.6004483303331;-72.5212710168087;8.27432209269907
4.35521539801995;-28.0674162914980;15.5503235860282
18.3809015888623;-73.7395543807218;3.55656722370383
16.2702469395717;81.0680771096114;3.28446633589797
20.3835798429706;95.2494031303392;3.07559585794781
23.5636155651209;-58.7402894771170;5.81025236353277
2.72600807593084;-83.9579305113257;7.79085714743586
18.4197157878533;94.6329676858045;9.56549553493979
15.3131640994425;-59.6424518199691;14.4335009014718
7.95186834273482;-29.8795369277839;1.37914643393301
19.7150365214454;21.4235203535706;13.0057546467402
1.83998327838566;9.65991434997722;7.38160644159807
8.03320594476283;-73.2184288303305;1.53112295985525
0.656023878526613;25.3031872283773;2.16307769067861
11.7850769590645;-81.7231069220281;3.40965943499500
16.8503661282229;27.7548786264034;3.95758752401243
5.40182036912692;-0.351541782491971;3.93091659297636
21.8434227663281;-23.4349401656044;7.68919770146559
9.05161777345837;7.70540876951811;0.596060227870025
16.6320021858087;-40.7457418137567;11.5695865342738
15.8298043575628;-70.8927239820762;13.8554946880416
3.38352086517871;30.9973611656396;2.87872833005124
5.29117714782663;-96.3168537456466;15.6275483070283
3.32591422914541;23.6929437592010;5.32096551383592
20.1371892464984;-73.1994308001074;0.374115322844014
1.81319978298949;94.9712302924359;8.55370442594401
0.940976810252451;-79.9811208611453;5.27723706357683
19.9086751803543;70.3817134933396;4.02553092863009
0.163146963178543;31.9659044715382;1.13573979681295
1.34659798698626;-71.7861026713873;1.36977119280537
17.6806703414239;70.3551448667828;8.22325680811187
11.5046253773905;49.2998287234007;9.45328466087923
17.4984950195655;-36.9287705589001;12.0419676075129
2.69043702010069;-76.1363212266656;8.16833757725703
21.7115745116916;-38.4653022170165;8.89897790205775
20.4076196444550;-21.6473703589091;4.50436654914841
16.6292725880770;-65.9096714010352;12.4915199689515
15.3719721676129;51.1189188446725;7.09499139211241
24.9754606866634;-72.3060922112569;13.7129469209554
0.671140350203746;91.2221038093581;10.9353984692550
19.5556469602189;20.3783266403177;8.51750676174397
16.7844643470118;80.7975216606226;0.393046631681447
22.5638990010766;-87.4461767604780;11.3796840682057
17.9920988745272;-87.5392611871305;15.2071899809819
1.84614653361500;-25.3881788525897;3.85967099285690
10.4814281489111;-24.2642912909971;1.78369190379709
22.7235470495421;32.4840060351689;0.602243910520501
3.70278490485396;19.1330733331588;2.06121874131336
2.27091874657926;16.9673376494237;15.4866761903057
12.6998648864274;-25.1487819192623;8.26587976942431
11.0350281400710;8.47911756295219;9.47940185052936
20.8131183291492;-7.42967034685578;11.7645316397147
0.894336300190526;68.9769439262488;8.50152800018643
2.08066717302306;-35.6936601401469;15.1706367431882
24.6986507634312;9.48954316323272;6.09968290302551
0.911203507870241;89.4558048295087;9.04534325811806
5.68425149318783;86.1350908129718;1.68079918720812
22.9551382432515;29.4852337130665;10.0855801892270
19.9843780862316;-89.5139074346926;5.90363905656917
2.47370664288367;-72.6916838837103;11.3611189471275
7.50721650878509;96.8058772267684;11.4817670665906
18.3450143898346;-31.4736882941932;0.940113601084571
23.1584153274485;-22.3712100476946;14.2917291872532
24.6257992468688;38.0019638685264;14.9043503100287
4.93339545770386;-4.57613481196391;13.6883190539901
16.1065565568176;5.65181223539093;2.98207992985825
2.48366487837333;-89.1859698431238;5.00903639257707
5.00182201944449;53.9144529667721;6.77508121963852
8.41541229949190;-61.3775280113954;6.44280398081530
18.7604709454417;16.3750399713586;1.60222155806950
4.51309964768992;-53.2353635747293;4.42307963378218
16.2093453641865;2.80368090302805;6.02712435269673
4.56291355832847;-84.0399656090192;15.8976120235593
15.5253520766525;79.4300719253121;6.83572533652026
18.8960721316094;27.4407031789539;4.30951183439272
6.14875336412232;59.1944861078633;0.683673102613097
2.21780733112922;-77.7551691459227;0.206219600594846
20.8676517595109;-78.9804463672502;0.246571129845965
13.4234452510871;-14.8639179651326;1.59807611671852
1.95342697136036;34.2731077035867;10.1820356732354
11.8691885406085;-6.28724528198765;0.768123441373174
19.4277840052033;34.6079688427530;14.5593843257736
1.38262985024945;-30.6962229708716;6.32396586264408
13.7940618454529;57.8976701065899;4.74709771301727
10.5168169338994;-53.6154272853238;8.01699709522470
3.77456648331040;-33.5789474946484;7.01430084167101
24.8629405642990;-72.4710749847929;0.943985659868654
21.5248722813681;44.1550832718813;14.2733648545412
21.0400505702448;52.5439927252565;15.8579530885450
21.1842867940321;3.68138564469775;2.23713029621591
19.9988034365021;29.0373615813418;11.2585052257404
11.6463484105559;82.9157574166753;10.9389053005647
12.3390249803547;40.6654489668995;14.9074548820641
4.31857347617144;-47.3038506374307;4.54402120296077
3.30624446981719;-81.3219756977956;7.22631657171507
21.1993428245715;13.8819239119705;14.0251438314097
12.0065640776949;11.8024922307020;3.16525960545418
23.0438168296790;21.7798984577506;9.15801018429811
3.13272911801281;-67.4352219741620;6.41662408779322
16.0640805401192;98.9754098027595;6.59311558129267
3.85903187625761;-30.3004413329629;3.02213320217247
24.7860615862492;-11.8568902422141;11.1650661933468
6.21584958914826;37.2051450402340;11.2537496245349
21.2977776584497;35.2669420303199;14.2597620124911
19.6106435973073;-43.7581392728427;2.59031793297991
22.4469598642957;-70.3289937139882;4.25157626732693
21.0521209793829;-92.3705906164093;6.71448289426632
4.81022715547176;74.0598446838380;15.2262596455202
23.5421732570381;-29.4594853912229;11.4954717441912
5.07868655040704;84.8878410443202;2.06716116089283
12.3254617690375;10.7643567052125;14.6330647110142
2.47727446045728;49.2944138740611;2.96298572396624
2.26195847922287;2.94960121480035;4.66755202620991
4.89914982810475;-72.0578468245405;10.0406134622883
13.8856075699393;-77.6556564569161;1.03023500413846
19.7623065190214;75.7652087895123;13.4332687919263
13.0215865354420;51.7720420012049;14.2104284864052
8.62570898941475;-47.6570107155762;15.1577972061357
6.66786456754939;-50.0171575167233;5.66250820784725
13.6214236216944;72.2188669797135;6.98169856773182
2.46688249870887;-98.3135130618382;12.4114061120753
14.4253175339917;-40.8041374010066;11.9027876893921
3.97222661815730;14.7403867508640;12.2098839930776
4.59006946437667;89.8582126933788;8.81198004295838
3.89119127551059;13.7571032537728;12.5352455231064
0.0293825379637180;8.11261263833165;13.4719889977656
3.75039108693530;-7.68043388331479;8.30080084743247
22.0935766757293;-41.5729753875241;7.63356388471241
13.2738873246682;8.77849644678575;7.03823903239966
20.6098657662480;-73.9212621773603;11.4269488300903
0.832408585715239;94.3962501281127;12.0404249935040
21.0628730882172;-84.6412907352715;12.9178022611864
7.87584214779698;84.3492979936879;14.8786453556001
18.8371197118375;35.0983329216639;7.38886568350465
8.84016907520140;-24.6293857540200;15.6127666179101
0.259016833816753;-41.1829145498578;9.13956526949499
23.3181775938318;95.9402875074357;5.62106710971545
24.2219160216192;-12.1328128803236;2.10842667218301
16.0553423125711;-68.8220773429599;8.35227529262503
9.99851205646150;87.0020167035071;1.26091575113153
20.2803964843867;-71.2018786824242;9.21949462106086
5.21772563804380;82.8531740598720;15.6049703380299
19.5871302742377;86.8158234892994;15.1543430800415
2.99829056763869;74.2194453669803;1.62362450553402
6.84251526813749;-39.8067026488041;6.76168800148399
14.4183999055448;98.1772293579738;10.6312247640930
11.7307504793451;-41.5732997922553;12.9476284540332
23.1499876324740;-48.0341725054885;13.7855463502704
13.3838851457505;2.08171425410688;12.2698741662161
7.59862114443768;-24.7379166568206;13.4787338746246
13.6831439078522;73.4681158589907;12.0993426045022
0.0290754332389422;-85.6041644889922;9.07351570021575
15.8544228190227;49.7400955654030;9.60279284771105
17.1512858372557;-90.3759648404454;1.96255232419684
10.7132094038831;-52.4530145951301;5.35051121744303
7.69897640141467;92.9510709768686;15.5396718086201
12.0487390295476;82.8257459269667;8.18228221122143
22.7281006072779;24.8286471797032;5.12667690289981
2.57199641741650;96.1698018770803;8.84743086401831
12.7674541646104;93.8677937720302;5.50813716660080
2.63285613642389;-81.5333784006318;10.3278979530427
22.6284383537949;-94.5891607491968;9.39747028195780
22.8729441212265;-90.3137204115106;6.54905376422369
3.27879438093257;34.5788928085385;4.20097088104298
5.67082330680100;65.4103884132331;2.20550628689794
18.5735665900348;-34.9805272543492;11.4163329878484
5.07048268080908;-6.46220121636532;7.25599009840229
14.6006072484805;-80.5031799942731;13.5303822016631
2.98995762217056;-69.0435835303546;0.622903664710366
8.91779901413415;43.2561412106955;4.80068910398011
3.59847740092092;13.0844352162538;1.28649968320123
4.43178438570008;50.9042482689751;3.22984895156958
1.75938436857785;76.9317686453758;1.86413639973937
7.24408501656415;10.2687531550546;3.28240719948887
15.7526742487326;88.1460216629251;15.0308337458054
20.1502104922644;-8.37660079915190;4.30954590115340
5.77608493839391;75.1661916869565;2.46026445220859
23.4806899880617;-30.7724219087145;10.4919801891210
4.25528327771341;-51.0558831367896;6.64824154672332
4.76948524563067;-83.5448490158202;9.67706077724792
11.0887640638358;52.8782237577828;2.26036375207922
9.16126030735066;-29.0935667670012;12.7682339725628
15.5730833840781;-49.6772037243405;12.4135426887925
1.77926855280791;65.3643519325053;2.64892989280663
14.1497588977997;-38.8452596437816;3.91071932252219
0.348487170561370;-44.4248364326721;13.0477394156917
5.71353435679759;51.5764453628004;14.1532979478465
10.6449271091613;87.6091286668272;6.51246102346541
19.8211258715096;43.1561984534078;9.33299642322461
8.96758203320294;-67.3955157310461;5.04830332088486
5.25333622166171;30.2925399502922;11.6872068380394
15.0575213483362;-31.4745611594915;8.41052954254887
10.8442920610442;-41.3954368445585;11.1296364744117
18.8918624722592;35.5797770993639;7.31414762310915
12.6332408666661;-14.9960299005680;6.10438618427961
20.9372641161616;76.2055322552058;14.0927663149128
0.666002168436316;-10.2650010503035;10.4711701491993
19.4877978999434;48.5444042636074;7.92130477257112
8.27423159343510;-98.0047592585467;13.3545005761907
12.0382190686604;83.5538581233595;12.1903795454776
17.8389601342233;-94.0629385106408;15.7980685693517
20.1872184373623;55.9331054800248;9.80830629691305
22.9449696995839;-65.0238412315780;2.23005190733188
0.156740758068233;37.8790867211700;10.4584555912368
19.0736383602656;-62.9439944370120;11.6598663474511
14.5709643342737;-52.2381264802894;7.33262919581671
8.17170142471380;-63.6043241558874;4.09009280347269
7.88117529535924;7.05281186177167;14.0362388225181
16.9610955266336;-30.0825010759635;11.0599648412711
3.74906246946445;-66.2362762986501;4.60317383999658
8.54585847228190;21.8512946106760;11.1302462732323
24.3342540421165;10.1953259049307;9.11862266713097
8.98173636515183;-52.1253780206575;14.4659757779478
21.7849941479350;68.2604473797036;1.29793923553559
14.8587449317593;-64.5854727036401;2.43565528627357
15.9340318525172;-17.1767886770075;12.0711346593992
7.75162565420118;-39.1696875329478;10.2500803650356
3.48093726715118;26.0666515334286;15.5712255705477
15.7913861011348;0.418336072215508;11.7700300762668
19.9901372211287;22.2823313630468;0.885562920600220
11.9057835860808;92.5522203933020;9.48815235744501
10.1541698611419;-21.8052769617861;13.8975143115377
5.16424220877359;-74.5447621959454;6.53633899839918
5.56758140481630;63.8780536371392;14.7728600788683
6.09053773786977;-27.7949816078152;10.5966413289860
18.9052140804033;-49.6932437833540;9.22592649879425
21.8133904868989;58.8522901074786;13.3840986441409
4.57139445555367;-36.4735571885654;1.22611437633652
22.1774228291615;-64.3490528428305;2.71172148124075
8.03949914097036;-52.5310339922522;3.09621339831896
2.78305676491829;86.2555614547142;7.92286496615471
6.90061498818184;27.3470752315726;4.87524672154025
7.39844617180015;-10.9395297855277;6.09580322849536
18.0159755699276;49.9015218175877;9.90339108125647
2.57497568116957;-45.8275110188272;2.26247473132322
8.23275283473638;-1.25779349326209;4.46212266551458
21.5243119872886;31.4444326854811;4.63445115289299
13.0742708648951;66.4457189619135;6.86420366513277
9.27684476935389;62.5885522731532;14.5784258689439
6.28162077692345;-4.09973011229718;9.41889403532899
15.0591846558224;47.0761852607531;9.91876098564923
16.4576097157839;31.5450260627457;9.55028177427904
0.744304044009638;67.2259344971222;0.239859094974284
3.58388442213176;14.4082369113982;3.66977640525051
24.9905043445720;-88.2868152974869;0.256831819248758
3.20407111770755;58.6649624538327;1.43090372338310
12.4525457925884;-56.4259426805422;11.1175815668590
14.6358211509184;87.5964314267046;8.96221639588944
3.02356180565337;-92.7363865431942;9.02932833654825
0.595398268464662;76.9719314617905;0.0711026612055434
23.7386718367523;-59.3900759677644;10.2544083201913
15.7823111361595;98.8495952039830;10.0385545918504
16.3026916924821;-28.4119978829471;9.29984809067732
17.4725825572247;99.9591757924906;12.1159254095188
8.33412864999078;-67.8736807594876;2.13137915121625
18.6708634813269;36.3583535334542;7.31327473729119
16.2209228634683;46.6330836829419;0.937867915458078
23.5079340895908;17.2682389106613;12.0656100965367
0.422228574418416;-55.9581932753690;12.1081040940416
10.0891053539493;-43.4434816024668;4.51826038393133
23.3561072850853;-6.94115521147840;9.23970667900270
23.0228134973728;28.1067024929300;10.5711821601006
18.4934803813851;-35.3782497559707;2.04463429581567
4.77037050834956;-94.1098899704735;12.4221296195210
24.3266675141473;-11.5858984119337;0.140041672299592
17.8904240871554;38.3598695882898;13.0502213586775
7.74149809715416;-36.0238882517466;9.53466791535977
19.7099155245625;-78.0923906410119;15.7301182078320
7.80284634231090;-4.52579961864830;3.43428244514035
19.7450972137194;-59.7709046660004;7.03229814885179
22.3267488653562;37.0886249206726;7.40589416876796
0.0255371593521936;91.1794736683673;6.13646293613652
2.89559150580782;69.4716141221834;6.24258715989484
5.33904385308054;-85.7797309046976;4.20066976183533
8.51839193212334;14.4744182338579;7.17657486734621
1.49160554250536;-44.2470811297789;6.62674229655449
19.7190906000092;-1.25567502782560;9.66215191606036
2.03029932916384;-22.0115452098853;7.49852139334121
4.34425955027427;83.6497968606685;0.626575403428948
19.0363326515283;32.8649330778534;2.45224586409285
4.58451530752224;-15.8089451703541;7.62254567501177
3.57248647645731;89.2158643981313;12.1522337377493
18.9468041709845;62.4711812903856;0.326472580649982
4.47749259545453;66.4182300659185;12.7255638014462
23.4486263307775;-96.8573778161908;4.25690075952546
5.20636215971279;2.45091210111392;7.14332358416919
7.12803198099216;-92.8338097711693;3.01938162739005
24.4678885215221;-7.82066307352545;2.08208834666301
11.8813766200607;-23.7203353489284;8.46763704509353
6.73781134058303;25.4766338105023;13.4377637449166
1.02181257682722;-7.86482873982410;13.5172733847977
18.8700602144189;-53.9125540715078;0.852581724273303
6.13782905538549;-41.2265939500120;7.54661315578148
22.6183699764766;76.3741198850163;14.6679715146716
11.5098107313971;-56.7027833990021;4.46364162096137
18.0534507216260;4.81357668996629;12.8473355290512
1.47094427566765;80.7984263352102;1.40745505691333
0.294842605847133;71.2425223817446;5.28113934715885
10.0064233309360;88.4984187345974;3.92960139680412
24.8782360864237;-68.8317879982580;4.39598802619016
23.3832344590947;-21.8338529781228;8.06653898454850
18.1033930330600;99.7232580697430;6.31660513058557
23.5231587435435;-63.6240125997277;1.70101563845774
6.93750739851692;-14.5838561106676;14.5143351851341
9.86497013085390;-47.9918278663272;6.61416904355614
5.96262025727097;-34.8457751101112;14.9243184615140
19.4037055586584;-79.1102350000675;5.93620114013003
1.68970890026292;-82.4588593997159;5.55419619926540
12.3928386498592;-66.5349862331709;9.84163000403117
2.18740769013325;-89.6760778682618;4.05401989688441
15.5389496872515;75.8373332756424;6.73469850316874
7.91663197996836;-34.2353249313701;5.50162126350206
2.30442897798148;31.3282713751329;7.73391275651355
22.9738038250801;10.0618207473255;8.80406929183719
3.46313873207566;82.1427640610613;4.96645173525563
24.9464663686493;-16.2009851024290;15.8558589847770
21.1274141468536;-13.1336322740695;8.86827415813006
17.1863795940876;50.2911261959366;9.85722595891528
23.2937883259872;-12.4766894085280;0.319495175283418
14.2985233243148;38.2642402042201;14.6125676567616
7.20659189551200;-48.0380309404703;9.91434713951130
15.1750487111199;-84.0913715983326;6.82374707719918
11.5277628034396;-42.6052323599051;1.42560931075827
5.91968384739389;91.6033975987671;4.56692848358625
20.7591716706882;70.7699172794244;3.91861237871179
6.99964210388464;-94.7466289272498;3.11424019256861
21.8531119645321;-10.2473122990312;2.16254345924865
2.66054871505973;-75.6054074567454;10.3163598446942
3.80732499372644;-54.3554504013159;2.86779117543867
18.0195495355675;61.9697487894514;2.31686654574293
1.45394985623770;-28.8413058660763;7.67537135228831
0.486800158333173;74.3610994136815;0.960447143576221
8.03862427507275;-63.7113129157296;12.1244125150969
17.0290952623146;17.5520902322570;7.58581919452182
20.6819555747464;-87.0465268126118;11.0468548801106
4.80175187636699;37.2195223373865;4.67452618684853
22.9499274050198;55.8068888336194;1.87880680407948
12.8335910187180;98.5190751381586;11.4856170162285
16.2313266666280;-32.8741021644899;11.9189473065048
7.75710342040672;-54.1022993069435;5.14307522678207
13.4682552838771;51.8912664819734;13.7039950508032
23.5065351847751;73.2892020308950;7.01191149069648
18.6103379746824;49.3935041046089;14.0152468396058
2.83122791279775;0.539384720479208;12.5218797864549
19.5528403489142;15.4327405794553;9.65077397515768
21.6650637039422;-41.5882683088707;6.26785298153081
12.3582480154903;2.75597812711477;10.3608958491502
21.0964533881113;-91.2402522064305;15.6989724876800
4.95405209104268;-21.3572568577743;6.85765636320183
10.2835911514166;72.8012933387941;14.0305525884963
13.6839969300676;63.2107447161541;1.62615081962232
12.1037933025757;30.4421104532000;10.0323938847623
21.3871146326996;-51.1192743352980;4.84164243577811
14.0770554621844;99.1253448325640;7.86341118473563
21.2870266579716;-1.05895084388015;11.8709505026372
10.9682783406570;27.7714512532594;11.8295420292736
8.70925633752681;67.4245376454280;4.99703284800124
9.99253840482790;-53.5650200587152;11.5579371710835
8.04456153180246;67.7972921138846;6.49963052979237
4.98447798106327;-74.0724621008774;8.49056352198301
10.7455169895381;36.0287322637520;2.79040823470807
22.0835023574017;94.4961479323475;11.1338234784454
14.9722032797118;-23.0696453055982;5.34800118030244
19.7784238465732;-97.7953508160771;13.0533593031650
1.15099414209654;20.7073072700525;5.24745114716061
21.9232870958072;31.3989038109067;5.66200117548655
5.09457339678369;-99.5332734579682;6.41781914750505
0.541700438395887;17.5842439708355;15.7521800516516
21.9379323171022;-67.5230849397081;3.23245946926377
19.3549369704841;-77.3192973685668;1.59862389405061
21.1695503659916;-76.3383791813096;11.1357853957475
23.5354740031996;56.5439859442096;0.651961066429642
13.2266775302272;58.9585182757648;9.31962059912605
1.99341865989403;-89.3310590828793;3.29416940698304
0.594917075330162;-91.5415725463050;8.41952982761203
3.17676612008405;-63.9048395607740;12.0665223402857
15.5831274885003;-4.36636076434205;6.26584527121719
1.39067511665626;-3.24720866760906;11.5954994295650
5.86360857220146;58.1657841754748;4.36086025014625
13.7719458453666;-24.0709554034819;2.27228043456277
12.3737713525291;-29.9520723260390;3.11190507693317
16.3613957406449;43.3757063206218;4.55113766133504
24.6810773950169;-65.9107198132101;1.86768613268471
0.808555173251587;-65.0077691937310;0.977024774777410
1.44749430488807;-47.1281539976743;11.5211075762720
24.1759066700513;97.4445658367993;15.9213843694084
8.29991249410467;-82.1825790419165;4.35251326016346
13.3105753300137;71.6213124359393;14.6684461918739
22.5846983360418;-22.6379416894680;0.788984735428736
20.6299810163367;-46.3574925364025;12.3520395634354
7.46146332933590;57.3223012005935;12.3268150777271
15.4774644003016;-58.4986446699138;10.0101241510154
22.5043345252317;97.7947529872006;10.4036374808948
22.1415511041754;-12.0852748061906;11.7543035335363
1.96076062978969;-58.0872800312521;3.49165007521776
15.7167585729627;83.4763015888796;2.89531538465575
23.1636450692988;-78.2409350778518;6.98437714429419
17.7554692411890;-1.97500131195711;1.48012591232639
11.3417100579049;-89.2424509282216;12.2522175385089
20.5997356092028;-28.5106847255829;7.07733788741735
3.67510372687289;-54.7759349227452;2.04978578659768
7.01982054273953;56.8814653807456;4.52132014383586
18.2654198522739;-22.2204493465993;9.17898236922004
10.2529112218511;-65.9950192354310;15.4011640068317
10.1593580287097;46.2532943082123;10.9404622563590
22.8167198770508;-92.7816350845772;8.16829419179264
18.8924093004795;3.64339117234451;11.7521959526403
12.1735083768150;-25.7988489844275;9.40121045579509
5.93578329408484;50.3680897211795;0.218584162087765
9.33047410699444;-45.5738855193926;6.43095051538579
21.9719897154171;-79.4334688382256;8.19606602212447
21.2968411302953;-24.8720545746588;0.518786843427399
2.38562690992177;40.8032506475396;7.80596211081879
5.58157764704625;18.6155611287003;14.8978752920797
18.6208070341327;80.8068030736359;3.59211848942933
10.9572448306311;-82.5981325044250;11.8730281966184
21.6335996692835;-7.70338505908106;8.98616688361824
2.34616868441946;-25.0910985942102;1.73436294568569
19.7550592803578;-0.244135724867611;10.5505622496142
17.1630052420255;90.6846494415740;10.8076821243553
16.9373846026946;0.744962780361758;3.67303476442947
8.12308056670719;39.7107500994422;9.34925934836828
10.5760539563449;63.5522146879008;15.5963388175939
0.204360341498470;-38.9002194095155;3.49395121212544
0.204777990378815;38.3652333476542;11.8181051754103
14.8256750140155;3.03672588314208;15.1192049100329
1.07067382828084;-3.76884698265447;0.708258460122746
2.43266771898198;39.0566375217408;6.14899807323913
3.25917284479601;-0.597160903440175;11.9169556781970
16.1084720264118;29.0764422570226;15.0324549391777
19.0662162749018;67.9594169322907;2.64541624238748
21.7643697214870;30.2729617233996;5.60693717377645
12.9142386558045;-6.50989587150372;9.39114743181342
24.3876768730617;-48.0107290417319;4.91512925574285
16.2457980939332;58.0526264971261;13.8710734379902
8.97651505232416;-72.0989941935049;8.89540796082835
22.2685549605880;52.6262249701674;15.7164971186488
17.9812652294578;53.2217393194688;3.71242300685079
13.4900570801032;-83.0877569159432;13.6688968360540
1.63973424206619;-60.0040631947609;6.63524025320355
24.3516731513368;-38.7302805928699;5.73218938097708
0.152742137495505;8.03230496932741;9.14065139563772
24.8363291415506;82.0104752969841;5.80617857210436
9.74325092658340;-26.8307010641176;10.5980860145582
20.8978052764093;65.6408556167472;5.14108403822448
20.1220070321812;-46.6426807930883;2.17114377110323
21.5937178188962;92.2621963989036;14.1234315330953
21.4073613293678;78.9109830126048;1.73514957966082
23.0580887281271;83.4119661459107;12.6353232389998
21.2728407717895;48.7503464234353;9.46885449368155
22.0968068961908;65.0197565316279;14.6407453923444
0.340311074666777;-8.56339446746532;13.2543003526220
5.48052322583478;29.5364063173835;0.0121415719501492
4.99311502371745;-29.6781528043617;10.5566592023670
23.9480381755801;-92.4660604027816;3.27664273697204
9.61754874710726;-11.2300787072112;14.0953668188114
22.9731166128728;-4.65951554952568;4.86132195913284
18.7457003657763;63.8721525429119;1.56296052241760
9.66153733055654;-9.28499175015269;1.41828125713104
23.9081603140835;-52.9864433333814;5.75993833961488
12.9286257755152;-5.21189915787019;1.90379501693690
3.45609968808755;71.8098140632681;8.35823692234530
9.92423243619055;26.6880066962161;9.55987847322529
21.7877027737727;79.1717229605031;9.34846355545575
7.69248669612066;47.8668883113456;3.86623899091170
17.5534881826844;-25.3027634754887;10.2400451261612
15.1114212845754;28.9454746764709;0.196182644563500
16.7995514643324;-85.8999529693082;14.2518445080586
8.97839351205361;62.8180550867448;8.94297341898642
11.8186337775474;-87.7511835482995;6.54916690386483
13.9202018610319;63.0823267658770;11.2117173722597
8.81873649554738;91.7066542881466;7.42880318468285
12.6888819128062;17.1271469625990;7.16800139843924
23.6756950801141;-60.2220921094459;14.1156160528826
5.96263240625104;10.6298834178907;15.6361102927491
17.4635201680309;-32.6166394504779;9.47056216061117
14.6915377167212;-69.3174018020443;9.91375121535673
13.0849043956150;-64.4686774527516;11.0166214189140
7.09778913437482;85.5963338185533;0.0251893936176817
17.0001984603449;52.3754860319827;0.623066771368558
15.9964024614961;51.2045727700442;12.4093690193313
7.34397059333807;-0.900486225093355;14.7308580035892
16.9983308043570;-68.5227128633771;10.3634309202595
22.1834336199104;26.1904780844836;10.0733377729003
22.7670885142866;54.4199599774396;9.16845204565262
22.4433162073734;42.7877022170899;9.92732308376871
0.479353089827313;84.6047241670367;1.27187884256931
18.3023461010741;27.2014640870057;2.94582763007510
20.2807222535943;-6.67387603028684;5.66049538178472
5.51272602537134;-68.7894331959688;1.90579611757910
3.79519421657433;-13.4661702551121;13.8277905575908
23.9103403890708;60.6482247656536;6.53423539365761
20.0264452268829;76.5513436794026;13.2538762129698
5.40290058671620;81.8279363650453;5.93741558372325
18.7319371989434;77.0326910268220;13.8345413718082
2.07481190327955;33.8305541089497;4.52633670944053
2.09406491626437;42.5739369584392;5.89538108610411
9.19576343985809;49.4889207346030;14.0780397992540
23.6103971304173;-49.0787411967106;6.79642653367697
4.32594235556812;-1.66360424674461;1.09456472327922
20.4367254438407;90.8029055592308;15.0088298272100
6.50786698908143;-21.8549579346357;2.97481970525789
0.156860486856511;-40.0196500567473;15.7273602683035
16.3859010380433;58.5015927617353;2.55525355777114
2.59766416268749;-61.9737966733045;13.8207265399050
15.7467444085644;-64.2294515361358;10.2701154047108
20.4888829562066;-59.8762205372660;4.89921305381255
17.0911916775159;20.6548825569449;0.387316224225394
7.54611251158999;-69.2131686398881;15.1681542189443
17.6982070525486;68.9115196363013;9.10294759013835
16.5123941170024;14.3532944052599;4.12359364221662
22.9799775724623;49.1252198239808;2.66623266515746
22.5063245439927;24.2149086325959;7.04551392922972
8.08072622802849;64.3371814789403;2.88529596944683
8.32500807881437;21.0129838663710;1.14584229772772
19.0096983680840;42.9104887035539;6.04435333450182
22.4566617130485;92.0512071722479;7.19058236977920
16.9050193209089;47.7865699585645;5.41960986733069
7.60472977578154;-22.4569147724891;6.73163458490448
0.866934840707279;-82.4793514867543;2.61591824371988
4.19395937444393;36.7297532747479;2.47028255038739
24.2119818171744;-65.6236532136028;14.5740833318601
10.7840170813953;18.0796158234021;3.46638635120342
19.7737472342751;-33.7984501527124;14.4464938072938
11.0907378649276;-13.6772282110737;14.5295088177554
17.9627142547260;1.81857259956499;7.61073823345799
4.01307222850984;-17.2376530323397;6.54556156649602
15.8542561506762;-40.2767299241740;15.6842002991872
1.72983358193663;-51.2308693722756;11.4920727767956
12.6379450810152;-43.9820731652465;3.82314469746366
21.0348582897022;64.0117750263853;3.23608803484632
0.0471705099321564;84.3281138174590;11.0822350689921
15.6642046832332;54.7759649347263;1.47387443185906
1.60794171696020;89.6523004106413;14.1802363270861
23.2473767981495;-67.5138473424974;5.99390840704149
20.8278821075960;84.9119115583299;10.4583065478582
20.5338306158665;-16.5620991429407;7.29207100420572
19.1196510127514;-34.2038532877424;5.96109674478773
17.4366048465008;14.1671969500791;8.65885399880866
19.9888030389497;-95.8272930047925;9.68311493007712
22.4813929952642;-12.2108437152661;2.52506228289707
12.9943655153575;-26.6422930413922;13.0129674859301
5.82697400292571;82.3532399222045;4.34736421170256
0.117174500555715;-45.2725077574285;3.73539368199949
9.50703506344205;-25.2468954246321;12.2325553085985
13.7503403473835;82.3569691575737;7.74744310589415
10.9992836233589;-85.5641757905549;0.936146973935585
15.1537480608278;-79.0751578539292;2.68070552775927
2.33452653295879;32.9303986245244;15.9105684234721
10.8988200837695;32.0120393128953;12.6527841983083
24.2562724542220;65.4200880891364;7.88961960571479
5.99510298836083;-69.1963001953875;11.8406541297376
16.5434479033987;43.0265346226271;2.31053834136972
3.96360332204391;-77.4382548453602;0.656579287229903
7.88170026180673;74.3792918301242;2.41536656964692
1.61113339941113;12.2654317013517;12.0649823641470
6.20274920629061;31.9600283370431;4.35987425245998
10.9234335022620;-12.6985537722813;2.51510694600682
17.5260538692528;3.64743605097109;4.34977565270369
22.7201304498452;33.9484663398385;1.69183563019156
1.65606706939201;-27.3336428435819;1.68341726746737
8.93437752577219;40.3161150621949;8.32898804390989
6.73813426635985;-55.6588253002951;3.31274357203064
22.5014035083918;83.1782816420938;1.83637301275973
3.13139032755644;50.7616844154127;12.3197033850938
18.5690284589599;-95.4185492346086;14.1770976388505
24.2285963471397;-24.3381216167595;2.11855104280755
1.54479778202117;48.7310798394204;11.9817620567157
15.5921639243325;3.72256073723622;7.23504095394039
14.2690083770825;10.4712976054566;11.6798062402340
1.28411683453882;-44.2048919470260;12.0262032532244
21.0689360953522;27.9457647404462;11.9314052633587
18.4036261926666;37.1058511602507;12.3403119669457
20.1490012885675;23.1709260565402;12.0188197107187
14.0399052227335;-12.8703875758163;11.7092934750662
22.5982665042107;63.7911589543771;6.24185964741930
13.9058544872024;15.7819100247569;15.9431446541118
15.9044926465660;-28.2627457444149;0.503492074602651
11.4712923587056;-64.5816561770446;12.4299682986880
5.31024470326406;68.6238543714037;14.3887415906765
24.9324636739925;95.2830467885149;3.83837705075310
6.46108421262111;37.7667818056689;0.447743617155785
5.61854448051825;3.41730524777992;15.1767416698634
23.3355081594821;94.7050707942093;7.19642914476465
8.21579739070956;-81.0758755259771;1.67740363097269
21.9655149551203;-56.0674866826857;5.37376145747569
8.17715472095269;-82.7765934300248;12.1810438524895
11.2592264337307;-84.4201000395541;6.10387924963553
12.5676250114474;12.6204807455861;9.46382952703121
13.5070392609179;-81.5317680864766;8.08397801594731
12.7753149775565;-30.7472313124762;12.6675627557368
1.65328384022682;8.38648612442423;11.1154189153534
15.0096906335154;-33.0770748452730;11.8638326476227
15.3875101175857;24.1379005054729;15.3693948912124
9.60544800571460;-10.0389108712239;9.26599974771352
13.6215857291619;43.5880513060005;15.4309812824641
10.3272201709411;19.2822051867769;15.9665081291958
0.207764139759325;30.8534332295033;4.32186381451137
15.9012484307724;90.8908325767424;9.24352975423636
18.3699619536966;-31.1946220328138;1.49649790669127
19.7770666640755;89.2459983804302;1.63647864718965
11.5480834286726;49.8089694588513;12.0967153957206
6.78924917471095;83.1994392022734;2.74493329638676
5.72434362269957;-55.9566726066129;2.96550495251832
22.0989020321440;26.6430054426440;2.88086505119679
16.2945156907375;73.4702670983694;9.15016254144269
0.636497181445975;87.3503670144976;8.76737998293726
9.58826772966085;-18.8485814096161;6.98205604716506
22.0039709699227;-88.7761568363496;14.8478684529415
9.62824366831707;59.4601500491166;4.59298919251421
21.3877980423930;84.5479545199827;7.85319927869636
21.1689363172983;8.18026919356272;5.17441952614190
10.4668114956838;67.8909826959335;7.34084910540765
12.2739068930148;-41.4303347361521;0.239008390973449
23.0501607095521;92.2562277887395;13.1130546427249
22.6979599634808;-37.1997146918801;15.1445083613788
10.4901581628571;-69.4992779813269;3.56766998228022
17.0592711812794;-61.6731642496639;7.45170085194235
4.12784845576248;-74.5800304190579;0.987126813103549
0.00258392434548149;80.1140977710703;12.6998087467303
14.7101389201030;-65.9554909502845;7.73559449925848
19.9901025225977;-26.5527127470213;14.3167497817882
21.1061542742351;49.6710584977194;12.8249887749603
2.51868171059911;-39.2324578293060;2.30418675487918
11.5046373776966;-7.67238301076707;5.28577972117189
17.5131455115789;-89.0073557950725;1.13990736162432
10.1877599011045;-67.4847247330182;1.25825347675182
4.59949363066475;33.6890628750667;13.6726392406938
17.0171749375722;-32.6690714529612;5.04074286578847
11.9079102632475;68.6555943344461;3.03336287269418
21.8031005104530;44.4325112263633;10.3317003217265
7.19062448434902;93.9928536259577;11.3286169285985
15.0172808726026;11.3195732447107;6.91596092091446
10.5230394488507;-18.3856823671298;14.0149730053814
19.5600489895208;-22.7289983624376;14.3334988665536
13.8197352696819;-60.5350880149333;2.42111077396571
0.462433849172028;-12.0481071418420;5.28799268161447
8.29374848324540;-42.3176340572913;8.19974861863432
18.8187197729379;54.8613538804516;14.3006213076817
16.9506525201513;-21.1616692156710;0.0408716185066993
11.3368043910393;98.9837809245093;15.1791036057803
1.24558549353468;-2.95984572896264;5.07416005073841
19.9935936289589;-5.47648549446769;5.57245609733343
19.9320188267213;-56.0388409600085;9.03059339262382
18.4810788595068;12.5446294448329;5.51939396093552
19.5201215976797;-4.12697574424195;8.30555579221663
2.03622819777143;36.0426812144723;5.37147329223801
20.5973915127748;0.699229017269087;2.67524160853308
13.6052207863072;26.0840896221549;7.20020563183948
9.11866832018144;96.0377263186611;3.96356662177990
15.7689534847078;55.7881641401361;12.6843844456303
9.09801094018811;-85.2264170885610;15.3301010634666
2.02203764775994;42.9499853802374;7.61591270079641
1.24617245653800;-95.3127564591911;2.77163056863371
16.4165797135762;-53.3544741285457;11.1287285658107
23.4074063981471;44.2213898364329;5.00490856417408
23.1962406236380;74.1254287691523;5.40965220851869
10.1510702720535;-51.6357899349195;2.88246631721485
19.5416382679863;-73.4967277259664;15.3220330708913
13.2380581791908;61.4489806747425;3.67029169803532
23.9068970562504;35.4157474384389;11.9287423371412
18.2312421436713;53.1420881983337;13.9954697485005
23.0371728648921;-38.3293391249695;1.57347488908476
19.5755315125960;5.82556425272549;0.702522343289919
14.2337112592457;14.6523658232763;14.7134417316005
3.16769119844096;59.7557692166912;14.7423834303329
13.3971413462347;71.2919140850974;14.3310376760412
12.5423621385637;41.4751754262437;1.56288324944001
4.89630754220841;-87.7313323765513;14.2440286139351
5.44322608035767;-43.5314422077563;3.13773617983930
15.4601294510043;-32.3253506358095;10.4272848929656
19.0492659716210;-57.7706438814822;3.50100822373761
2.82198270783622;52.6537333063432;1.34883339294496
17.3047447475920;45.3314856686668;7.38161674549731
1.49542583061270;-11.7370828636807;1.04755572765995
18.1253363887253;-75.5835546076422;2.79997432229774
6.27920663471762;40.0280747517743;2.39798354383872
0.799087513595961;94.8709255241672;2.88001841593902
15.4457415515803;-35.4850386911738;13.0364912962593
12.9742791363128;58.4206426942610;11.9804577797425
0.301480490097362;-82.4746963048703;15.0975905316475
21.1966134113812;30.2340360149351;10.8799120375171
9.30449624483821;81.9802698235079;1.45305629867702
6.65567404072553;-85.4027256768595;1.66130297304259
19.8896922061047;-18.9232034502837;12.2968560171579
12.2848187474529;69.0937002254681;0.0254211691037902
19.3134702954925;-5.49961290607213;13.3211817517427
11.8191200724030;85.1931974306517;5.42551854376081
1.19637118255750;38.2516794506957;13.9759406422184
13.5746310142335;-60.6155650506452;0.199088390763642
1.64648813755902;8.31703691356887;3.89643601482799
8.94876021502821;-61.1845193791055;12.5158744527239
4.33522333657126;-47.0653156749630;3.33366430026643
3.39000898500581;92.5734305058479;11.1740757027793
11.7757213165426;-49.0885855839302;1.40258730017312
16.6772578789007;-87.6971062239345;13.2258451208744
5.91121658629044;-34.5310836553820;6.91055651032502
4.85692361550229;43.1097215349804;4.93724714888381
17.2256881995886;-90.0787670650990;13.4038135639877
14.5812407950624;7.96575862881259;7.30456937901378
19.4282108371397;17.2011842726333;1.30390083419830
9.64311139152103;-77.4084954386196;1.72144793711270
0.117438558081320;89.6031553675417;15.7138093991180
2.69670656285117;40.8737489267944;9.83354801654492
2.31658488100671;-10.8575837513308;4.49163795904003
19.0303024260640;31.3064407323128;0.906436897912219
19.8334925004708;-22.6245840174470;6.29274639005093
12.1516825957058;-66.9455146499432;2.79639416432676
8.58934423032629;10.7313140886806;6.24824937248122
18.5308112152504;76.5998021386942;6.30152960491560
2.86528103710803;-22.9580985402671;3.00414147597999
9.10660956838667;52.6608910659391;5.71645065484760
20.8938943577979;-53.6548680069422;4.76909822805889
24.1387413241649;70.5694600664647;1.59990779090459
10.3483944604900;-4.72650723003829;8.95001223388517
13.3247150588288;29.0503811201121;2.84645420376803
0.796108564688247;-50.9360485964259;2.15909251131507
0.134779124335127;41.2631725456419;3.25407864550446
17.7064545692724;23.8709865718336;0.182927957399990
4.37570352261455;88.0768983144185;13.6737189680964
16.5017618752937;-65.9463982067395;9.73413917095847
18.4450863797394;33.3930439821892;0.540769043929132
5.67283402918357;12.2933938655024;1.30619905224956
7.93531038148506;16.5807237360448;13.1926643333545
7.21145328750012;-83.7050494544848;11.1182015588907
10.2079675784581;-47.0177018220092;1.48962280018201
2.22962428815201;21.4024311307484;2.50229692110092
9.00765011026485;-17.4708149481297;12.9535104599434
20.5641875381643;9.39590239092987;12.4469575493344
3.57410338892350;53.1055989319628;3.18781009569175
3.58284076084712;-57.3369590579386;11.7002115599378
19.8151242161986;22.1442490801046;13.3781546986394
20.4527467757780;10.6116361293597;15.1670970920217
21.4774938788918;29.4728021998483;3.60782577717206
16.6754884502334;-12.7679185759316;9.74746254638749
20.5156210100482;55.8751475222046;0.612594722227383
19.3859889522307;-77.1194233366419;8.51744625435326
6.17244502330815;-35.2934646200666;7.77577358281781
12.0085689476346;93.4605416151310;7.73035481074236
13.5187806886471;72.4297465089012;0.0943178924717678
8.22401499597942;74.2252563419146;1.12023044828704
8.69513273101903;-45.5644415149071;9.09292411628024
15.1932638719534;7.41677965662018;15.4716243851964
22.8207324235311;4.54220748538929;12.2916317058067
3.64333176474812;-56.2667710646662;15.6168764352637
15.8773548728082;-26.2763012530783;3.78117978376275
21.9046779388812;30.0529243841119;5.53068460698803
13.4811192922991;-44.2684307116277;13.6845031412555
18.9128880982364;53.5907051155844;1.10804343189793
12.0081797279159;-71.1932704084122;8.88291064848460
13.7605929632767;15.3886469887395;10.7511270387486
8.13753342500725;87.9170413987195;7.91584440280718
1.22593702794600;-84.9515642964561;10.4640507649383
19.3853284637208;10.1159703644755;3.26622788866238
17.9073934494561;72.7304448072604;2.95093315487608
19.7423367378571;-48.9821209660398;13.7493274186483
21.1621709041522;-43.7990953246642;0.368641052219475
24.2894018197710;35.5847387870818;3.68005321482777
6.58812511341130;-67.1171684540777;12.4517002761714
0.447358797881300;-33.2973374692914;7.18630135940561
2.42721637677567;-52.9979003878804;8.34850329070243
9.58554685913389;55.1314985795920;12.1157378649754
0.472698861502616;-13.5898247038777;10.3651760338636
18.7440328675792;-23.8775781294925;12.0096947452198
9.63861239992621;28.6457867697996;10.6855239058850
12.5128882787727;42.9233720537127;6.66799724323769
22.6024651702080;83.5042069381856;1.87558635660870
11.2046837418853;-38.2453442682813;5.03237897015139
8.01267545848286;-25.0473674094189;2.04881074013075
1.77469778389946;79.8464606469092;11.2611540303577
23.0568902915337;42.5816598878955;10.9484180279156
19.6079879905540;88.9286834098415;0.641045990267537
5.29777628791671;-28.8499801135332;13.9757704606158
17.6033851803474;19.7524135580683;10.4064915955187
5.34420351704704;-4.57018211430318;15.6172776747454
17.3895421435574;-95.5957585307653;3.44593038180052
0.353468435575314;-59.9442441629871;3.59950106090838
20.7910679442837;-42.8065762025792;9.91916632581618
20.4304478332780;-60.9847511282544;6.36545068668371
20.8746674061863;8.37456075671701;8.60257590966126
18.8560985044436;-6.27846697151482;6.16221710932716
19.9735006333378;-30.6202674234123;4.15821647240173
9.78866168910404;-58.9106564811416;10.8738289936544
22.1065408246468;-24.7365824738255;11.5484537806843
21.3411623002701;-88.7965009622000;4.44700719661357
14.5885213224904;-99.7832347062292;0.314772850245332
7.66069337095390;-58.3427585580193;10.9260773280204
14.1019019672574;34.9993978834551;6.87943435948302
17.7806878401284;-13.6236063828034;5.47452887497930
10.0263230884455;96.4732766911054;1.66443763977913
4.68475941513846;98.9843810652381;3.64990817420878
13.6384021128813;-84.9172232214847;1.65884680051993
23.1119202987281;-1.11320613491788;8.40400789710264
14.0725337023979;96.2912450911401;0.0949505500983623
24.1432195617200;14.1392616894566;3.37125144772274
5.81621437322150;-29.6625202745765;5.52777481079353
8.01573293083506;-29.0559936667426;0.561511517829999
0.984222354757575;-13.1536764379949;15.3494451711253
1.84266943384083;-20.6429933902242;10.9793062723773
3.83008417056223;50.2764083610788;10.0573522459007
16.2589708543293;-44.2821503930591;8.47292908329951
8.25243031486509;68.1910831103607;6.71251965227925
1.74317873201955;55.6772254674314;10.7357827947297
23.4655024364718;13.4458105725424;4.53319632565638
7.76869499712732;75.5136829384043;0.891579794529687
21.9838556533761;-76.3142952988243;2.07122578943720
7.93473910553151;71.3931084574669;10.5383309901793
19.6586901865179;82.8935944911206;5.56986762543373
1.66546938961335;-53.4036874396365;12.0733636913752
9.86757510635560;90.9789688843867;4.71512126941457
18.9887573532852;-87.8711413751919;3.35865386548834
9.34699963923194;13.7334968215098;4.72419861309540
10.8272843422912;-13.8538188533690;8.65692095325310
4.03840945636251;29.1775626930102;7.76143330093212
24.3225540715081;59.3850303937979;0.927940159689351
10.0237037961276;65.9411498692691;7.76674374594277
6.38092930044612;60.1063440188477;5.71793445830073
21.0314649904458;-90.0721850191297;2.00293191164032
24.8364320588638;-56.6583726694965;11.6371921203765
10.4602911210264;-66.5532029819999;2.90912221661444
11.7865069079459;-33.4712884754350;8.91631089144566
22.2647356212934;39.2812089154015;3.43883800693111
20.7239148707245;-14.7014614059622;13.0424638020029
13.8490462310218;20.3338076057371;14.2573555782234
18.3670836265228;91.7750893399316;9.19703703398187
20.0391280699860;-11.0913934255823;6.97730272913283
8.12340019100465;-48.5528772884929;10.2693368369969
22.2655143443279;-18.1022692650693;5.79430006185029
22.0834191300131;66.0369983554749;14.9081237162117
12.6626148877550;2.59325725543773;3.93149692801449
4.96942807694482;85.3925898389929;15.2857176316163
15.2155584861379;31.1043089447606;7.06961591234509
9.80482205754840;-65.9661754580511;8.18792151919311
19.7225288231595;-15.9102272111826;12.1045461365124
11.8416436911508;-77.7226560869370;3.06363907016937
11.3870272823389;-84.9899464076332;14.1697111337915
1.63301430496279;-7.90342189339113;6.49296621727354
7.80486780516353;-86.9286196761883;0.972829656543679
0.468724539056547;24.3619837616728;9.51191756003639
10.4622231447169;-99.7726001498316;4.81879936300102
16.3613003961804;-39.7974515119227;9.78778019215602
5.14246149389427;-91.8810055178873;11.2778576999809
4.06754933282526;-29.9090711476954;14.8499620384455
17.3849661851484;-62.8455916917771;0.904513237869315
24.5449640774092;-44.4770086349894;10.7140794355787
16.1988941326364;-71.4233188830652;7.37736637756337
15.9898449856388;-47.6529493049507;15.4059483592340
20.9919236530256;-27.2715579164823;1.39418426319374
18.8972401692034;3.76953793448345;12.8788227590482
8.38125570280638;-22.8134810350964;3.48536119685027
19.7694958621112;-14.2112534292405;4.04643729113598
9.80171154163710;-27.0396311302956;1.99769884598146
23.0984271357318;-17.4373303787763;6.34554483930019
21.2612421851001;61.7453628050059;12.8867183087347
10.0490553628491;-70.0277655752737;0.396366561954443
10.1595189250920;40.3252098692387;12.8938131335512
3.64253795193531;54.5638981747197;6.28367908927491
1.33398250799248;86.2125545845058;15.4730138925396
13.1413876435738;84.1719716977588;15.1279109072461
2.19497097037245;32.0405250369068;15.6259833086046
20.8971726766520;37.5339966909652;3.09663380528245
3.80276872981032;-58.3787500398305;11.5355250564235
9.04745706502745;-17.0863326489674;4.23100331375480
6.76129427727175;-79.1248061394039;9.06040411617934
8.12622517663181;57.3321170650312;2.79058051984705
14.8035542931340;-3.30138255052732;7.23031923261205
8.46787571713162;-13.0168213207783;7.98019772754695
5.00520655005637;16.8297453861769;6.57202425492850
12.4615592197543;18.8015723022929;13.3388730531482
8.35917556127950;-81.2305271481029;9.39216455284827
21.4960798269377;97.6246564933237;7.24704918043540
15.4613780697234;29.2032796831211;4.06723138958792
24.3268795638514;-27.5217355528524;6.84832100586114
9.37439122228125;50.4361686595554;0.723954856597720
20.3845048212217;-97.0057236538433;3.35259937842370
3.29085312931599;-89.8644246266059;3.77693801510553
3.87078279011024;-47.6382945844446;0.510967174066209
18.9416239055541;98.3761237467180;4.39807136323075
15.3519180283228;44.8618909616483;7.54881877688379
19.6964344065282;-99.5666010482041;2.67954622686219
20.1986599970901;-9.58183525103755;15.5128318599880
4.57300102047833;-27.0179831630317;5.08062893871708
4.24941505536036;8.48964667824397;6.99429483683690
6.06471123641958;-91.1219032904648;11.5594945831946
10.8508231832633;90.4757850929893;10.5787654465834
21.9586770237270;29.2333415440923;4.35610412691604
18.9051662135903;-20.0624562416103;8.18096332727208
9.63883584559721;-1.42879882001299;15.6844516178322
18.0312654126511;16.8934064762408;2.95494593238937
8.52693837737168;43.8354074743556;2.24733353374458
2.97783507637665;37.3413697430161;14.3950954827468
7.24632687870740;59.6098302092950;3.31319750531191
7.53864162360850;-40.3259761669061;1.18253039611257
20.6350520609562;57.0927047311487;12.5803969301033
12.4717737722288;-40.5326204638781;14.0011746860788
13.4471562105079;87.7343146768842;8.63400832344855
12.8951249328394;-75.8548038301006;8.76810251223449
4.49532260769777;71.6269365032207;11.2375313717019
16.8461131633006;42.7958918806841;13.8042867127942
13.6623763753857;55.0452705554667;13.9062925902520
4.13836509351961;-82.7146453394715;3.95147702529297
1.51592406317353;-23.1934661387409;3.60608727378397
3.51569273235172;-3.62616507750078;1.90481999915260
24.1893541057279;-61.9973470601658;2.55886059746902
13.8183445005127;-23.9932755994986;14.4466709172224
14.9811586348332;1.46424710502973;3.23928103728345
12.5046921354142;-17.3819031448014;10.7268741540377
8.29029568837207;68.5011116871898;13.2685429596275
24.3126670590539;-53.1822452645872;4.68035329275437
16.8391924608379;10.4830006738759;14.1568713261384
2.76236632712838;11.5647205974313;9.93165187634358
17.8893601825857;91.8536758710034;7.65974152731980
22.3981594269419;-62.0210483771224;10.0337178231700
24.6434956660889;-72.9727282535304;7.94305569367681
20.8229073989739;62.2856134513516;12.4544890890247
19.1546928711777;-36.8328496832179;15.4426918880053
3.76017224397658;-59.2072574682815;13.0353048959197
1.33921941422854;79.1403678594229;6.96736967584725
13.4135522014487;89.9649168943850;4.59736470676667
18.9303751735018;4.65263960974127;12.7344922415234
2.92170008065702;1.80826575410260;0.660893976107023
8.72119087076051;79.2954744325301;2.83425111570311
18.5286852484072;-9.70799017265374;6.18629396213686
14.1629067970255;-22.8971712108340;13.2446750333006
5.44484407688182;11.5620825157904;11.7991277680996
14.3999826928754;-56.3595320631742;10.0828486394383
9.12866112082472;-96.1102273240753;2.25034688820279
21.9391366324998;-25.8877291943940;14.8558469951880
3.10991998241162;-88.5462423451775;8.31552793416772
1.98857556984330;58.6348467864980;10.3013222478089
23.7483575983189;60.9687799996658;15.2435567535538
14.9009471043037;9.85396686102882;13.1217819747715
10.2837204220147;-2.26527023102012;4.39808048159795
24.8532551950148;36.9501255516874;2.32473317777374
21.1719263076082;92.6446353687207;13.3359398353877
16.5081699917006;35.6850176922218;9.12889350668477
20.7322937937537;28.7322177333645;6.69703194061208
6.95472725484490;-15.3649129703878;13.9555974766217
3.05093132114667;33.1349539418783;0.241502304786845
7.85615261857116;84.2062984296176;13.2103460539636
8.97454791620487;15.9650378742997;3.29698103521382
4.44675722128110;-71.4956716092378;2.34710739444323
23.6110005908747;-55.7171491799580;6.59937025009004
11.4497397833738;21.4150598543998;13.4630878811783
23.9640949518720;-73.7662270507955;13.1121467257680
22.5954539937298;47.8990331282242;15.8901171538801
23.1398745489274;1.96365724881598;10.7682045811340
16.6078759497715;-25.4352712352481;1.50215023952809
21.8292939688299;-89.4034369869927;2.59308242261369
17.8854502151246;92.8269081490599;14.2107515110586
9.99029515362249;-91.1624363995625;1.31594914669597
