0.856788397788463
-58.5017629095840
0.119248057619014
16.0441004159216
3.06010615262580
0.566310599104412
12.2294354462230
99.7787571627339
15.2193067506078
20.2552610151677
32.1554842423849
3.23629286663849
3.46068159865622
-98.6107736127093
8.34691618796267
4.95093272251778
77.6117057761953
6.25838112821270
22.2768912368272
66.6229439802199
13.1244562208996
6.49672464063580
0.0592374190894418
13.9404525611874
17.6035646319102
-39.2377488580325
10.8925864829924
20.8607508077085
-28.2247918100753
1.47090735737508
19.1783739069039
-9.95923343210079
12.5386651397454
19.2325657408488
-35.5873924305125
11.2135447852244
8.98034796201776
11.9652076539658
1.55105188824068
10.5895902651037
65.5420422410893
5.59568883138633
20.0787253292730
46.9448538965179
0.110706727618078
6.28583397393168
-46.0761911792753
9.62561856116464
19.3764223978525
-3.66222513445462
15.5045479462866
11.7928461870084
90.7427455071453
0.568600395090273
1.30310253319627
-19.9936121026816
4.26597273541250
18.4371644586396
34.7607850930705
6.40505401932411
14.8544808597853
17.5518476495965
13.1216442337075
18.3230943340985
92.6967268342546
1.90138772900708
22.7639494199860
-7.32715780765898
2.49198207965730
5.09333105427661
-71.4366924916920
12.4622389005630
16.8635088845570
26.1815353096780
5.62100238660496
8.68435324339766
96.7010083944894
5.36613923359083
1.37719912176672
35.9612123927926
11.2211078446337
21.0982974208991
-52.4188683007117
9.89490904934552
9.99431802009279
89.1683818878648
2.64605003843448
12.1343532536739
-12.9478457493416
11.3200978503555
9.30488319639217
76.4210844596859
3.41663182167333
0.560985833654856
-21.8350137207416
1.31873345914159
19.2250250590556
28.2432102722078
2.66859771670443
5.56455060508600
14.5753112343952
15.7348427856092
17.6222534985249
-9.22386746563630
12.3814293872750
1.77338614143289
9.95304314559122
11.4952965877604
18.7297356503140
54.1145994046271
6.57610146851327
13.1331002414304
81.8374096493089
13.1786318554015
1.18056501799685
-58.5842548779624
15.3736304155809
11.5751869355288
-16.2223297688721
12.3756036110168
12.9743085289362
-79.7334393619849
10.3823652281244
16.1078452365882
-83.9007707640356
7.28133455067146
22.2106232540326
-59.5400140672084
10.3031020140036
5.87291607465297
88.8271211160602
13.9502758869416
1.42766011855938
13.0680879332556
10.2572945956215
5.38301192464250
-11.9306112033489
3.41649629242976
3.62879381582060
-10.9028701110675
14.9758739253440
11.2995141514970
-60.9137568292945
2.31810111737903
4.67197348472771
-75.2842283209945
8.86392514630341
5.39643605291079
-33.9045595229525
7.39105260075390
6.45879164428722
85.4145290996414
4.06656978105487
20.5975731535031
3.42056523378451
0.455159784807279
13.2279424160888
-93.5544165377114
3.52101481293344
23.3454600944994
-54.0412087790265
1.05830408952441
19.8043084214347
-22.2492734407770
5.88741392833657
6.26419259104378
50.5671002124123
4.46878587623753
14.1523309058867
-78.6180999839061
3.12564417455452
18.5090851877531
-31.8654770467789
5.90061601206802
9.18829699547637
95.0290450375095
7.13282147160650
8.45111484186918
-95.0304302639976
9.37680355755633
24.6706607018218
32.1264699638680
7.81642626377293
7.87476446288552
24.3426370396584
13.4550152793464
7.29446266677013
-94.6282065805332
5.77673384471864
5.98524683270651
42.3895455979643
10.6487418971592
5.38474429249050
-12.3005150568556
2.14563595497698
12.1673837331311
-78.4041300116143
2.90719248814447
11.8299989952284
32.3032925434394
0.754956471509091
2.63767158544778
84.3523919138353
1.68131763527165
14.5879378334558
-68.9355118202662
1.14024723685850
13.5460721118639
17.8228649598793
5.11391228648362
24.2476904283047
-66.9088128705515
4.56471443709266
10.9641135223390
-26.3537983105137
1.10467451990428
23.6054085620930
-27.3801293315237
4.97734449371355
10.8239078339149
-0.748423824045497
13.0677433868806
23.4046882132637
6.05965650540794
5.62369414387829
9.48121790169627
80.0102104739121
6.33811748589595
6.36029366957910
59.6922217672513
12.9359790223504
19.1494102234152
-95.1177126220748
15.0858558910489
9.13032734901555
-44.3563136109647
1.30486943203048
7.71234656611727
-68.8260122965423
2.10874830976030
3.73382124500156
-65.7041346066756
6.08377444301295
19.7068369993416
-26.8566495147256
12.7327855325178
14.3112089747193
-85.3250968713210
8.76447813933142
2.35652958701348
0.176765776430021
13.1396138328395
15.5021927963312
41.8847618273961
13.1619787378799
16.7138237133145
-11.2438986945036
14.9850052628252
18.6649412526330
66.3103330918627
3.52400763333926
8.86711852604807
41.9137475846217
10.7657287174423
24.1147552220469
-56.5219039964246
6.45120497270859
19.9351327561974
89.8205147141104
6.92653463822773
22.5926519062197
-97.6667338209273
5.90759630565245
17.0602064479201
15.9181241781224
7.18353541734016
1.02226898776816
-40.5401255491511
8.62394885065478
6.38445855788132
60.6819903882478
13.9496435324976
20.1209713215970
90.2530851774222
5.26244014225106
23.8488519610359
-24.6344879424974
5.61245586265179
4.84918911641009
-65.7700863811069
9.20201085843930
10.9265554144804
-50.6624547993936
15.7927938887750
18.9503846571390
91.8824453881945
12.6826912505583
23.7926157085525
-98.0907407488059
8.15428782273572
7.54467075112161
38.1533032941626
2.76559522600995
16.6453004720534
-97.7180923230321
2.10279650746537
16.5447225471544
38.9262819393387
7.63675804286944
7.32577435390673
57.2303016192751
10.0656635039296
5.48989850730507
12.1559685472153
13.3521516047421
16.3797101124069
-43.7891612315517
7.64197388266695
13.7017546778117
0.609214705297201
5.94012395629271
1.49793400309778
-4.70518973378338
4.34115762861646
21.0970313166519
5.29661865671274
13.6398798801483
19.8400615957425
-61.6167848658826
8.78495384818252
17.6746623802650
-49.5146362307315
13.5735960285025
11.9643615574613
-66.0981237053640
11.3805314210146
0.441612494696036
56.5407356285783
7.95589441916772
7.41097181193479
42.2795680649222
6.87991714278305
9.32894753901035
-72.6930280922287
2.98624365723843
21.8879015266574
-45.3558158100875
3.13972607387906
4.88748049906687
-64.2464817109719
2.73263686416897
14.4116957389992
89.1070880838867
4.53041473712810
19.6428516747570
16.3967549905231
9.40648592705945
16.0451374810957
-70.8878580457278
9.61314142248033
2.42325179222213
-15.8951381362902
15.6204225272069
8.46506576699693
67.9482144972995
3.19585324620667
24.3394597859715
-88.8543111339211
9.88232100602692
3.28003347349069
-38.4030001065439
12.0338564083682
0.610625920539262
11.8853912080824
1.52333312390486
2.75224770912965
-79.9351674711455
9.90312733880854
14.7033308100492
-39.6772486847037
15.8662458173006
2.60712145521317
-48.4389069642747
0.876137029061463
0.753811243984936
14.1277378527275
0.596392298983488
21.0287597053144
80.3519668611065
6.80185124993334
4.67616611676417
57.8363645036174
2.23714168249808
19.7374921886096
91.7927555248266
14.7476245489828
1.29080938527730
41.8444613958241
7.86964312665550
8.86720127563549
3.84383055664665
12.6206547195091
2.87299043588069
-63.6133509133755
1.31242530786119
2.65196770798554
32.0719215414034
4.65363289588454
4.10076948585346
99.8679221762859
11.7646103378942
23.5810197072366
-80.2506861807504
10.0540674199672
16.2085677114451
64.0426986933462
3.29428948644550
5.14883808571884
8.39365929468621
12.8570206095660
23.0156381090826
-7.42709176175456
14.2151517263367
5.14927874603780
28.1450978822074
9.11914181181738
20.5357756006084
4.25839860726518
14.4947716300880
3.96252003878891
92.4023601064595
5.98256896790669
19.4320641829603
78.2267146401842
12.1507082927950
9.03116935706225
13.8602914140781
6.47142208619967
6.14864046936067
0.846037930146371
9.99962163945083
5.55380134916256
-53.0427431444002
7.91071729509153
2.63619526111429
-39.3686757412728
4.12511797258162
20.9477436451112
-8.73467391066070
3.59638066616095
1.75897017598192
-51.9821989658331
8.39377830630117
10.4269064895412
0.366561429788659
6.58814075897816
10.1556903584535
-92.8517163960005
8.02486489057628
3.56209754866673
83.5402836649614
11.1969710018400
13.9886916753062
64.1695632052246
2.12986088500589
2.24257178553549
-25.6644630912633
5.11148405074141
13.8577949265840
-15.3197069950703
5.21836996751091
12.6916182585213
95.8363012495760
7.15055165326832
4.76791992944538
-7.07114205531714
14.3601366589008
18.6226646927554
-90.1448504896186
2.58540272628297
13.3836314586842
-55.4865218676674
7.36820001412418
8.45938607786483
-18.0082443670001
11.7282579199219
24.5575202747604
-96.2731898702399
2.65436407194305
15.4979427659491
70.1660463250566
10.1837895673904
0.214156377065395
-45.8891470560433
5.61101889115167
18.5588286861200
-72.8652842475789
12.3246455116202
11.2963997646473
76.1533773991445
3.53201926059836
19.2131279021807
-32.7704951937073
5.81157643421096
21.6087630972403
22.3806894453868
15.4311678057622
18.1953350191431
-95.2314469691769
8.91720474756623
13.4948903860994
60.4803961686940
6.60063452200932
18.4879730422953
22.2572124093996
4.06620091471294
16.9463702207947
-38.6020399689044
15.4725838694622
13.1617360362801
-82.9132906111049
5.27110924043229
17.7366609132626
-91.4725069688899
3.29932699622563
9.19530799103217
73.1330183517772
0.0875517899204006
15.3707049539960
28.9341627614769
9.29412151679302
10.5706149257263
-61.8414291538641
13.3846166667857
21.2603425980494
-18.6148082920894
10.6347968126576
4.92749841079009
17.1530593596750
14.0891070541341
23.7715056119476
-85.2954293941872
5.35976351302554
9.65090135226093
74.0133512566630
3.76762545861376
4.22224008317148
-1.13156468779252
14.9325175730014
1.91376240065425
-54.5522390342216
0.0800840356408710
2.37062523057608
84.1782886159412
2.03974665176824
9.10712238438191
-87.3906425947350
10.9864191440252
13.8078566505789
85.0920476106836
11.8236115961583
0.158930451833857
-54.8345765859605
5.55795878621415
16.2641940889689
82.0928670167456
5.10507059836629
6.58840849821747
12.8214380550515
11.0273541140649
13.6626931656111
-26.5730669755107
11.7227132432000
4.78599998261705
-46.8032423195675
1.16299724988534
6.09149302957863
-43.6423245953562
1.11874229174207
4.82746293898736
83.3049399998816
0.0615185263348401
15.9133338508984
48.6863458537682
6.29847557943261
0.945060160180752
-90.6221009886755
3.91551357995601
19.9186225560853
67.7058854712991
5.66231262459024
23.1334518109425
89.7929321975968
2.42983219234310
11.0391802080576
-39.6852266327119
11.6710466495727
19.4885212005028
-18.3413758019865
13.4725729630967
3.85781445854913
93.5689174969000
7.56944987897573
21.7225829963161
-58.0033613488859
4.69877705727065
13.2847561254988
-25.5241802150024
15.8682360332105
1.78657352725687
-42.6499939462132
0.847797930182381
2.72853050642669
98.7270311820378
3.18951462077553
12.8261900530359
-16.3827010981101
9.50021435227100
2.05642069451604
-73.2943224268899
15.1835127634654
7.13361888675759
-93.4025197777427
2.17513345207713
2.39531866049807
76.4904767821354
10.4400043818995
0.326694165225264
35.1354766480370
2.64788034656744
16.7685664046772
43.7979791845297
15.0358086451638
5.63576203756887
-7.72940931455133
5.72486160351319
23.3545606472453
65.2582967009036
8.43626913240491
7.26021926705789
-68.6261525676743
4.93491006590522
13.4895029211916
-56.9960588193640
14.8517118615818
6.65426164034115
-73.5580671257682
12.4126548792949
7.35118539660035
-40.6045291746991
1.04332674900661
23.5178087555212
84.8577162409517
6.85696582221193
3.12779754271276
66.3337414911757
15.0964724957347
8.50028096043529
36.6115122426069
1.79550351679968
10.8389248470214
-33.9373755412729
8.71562885395943
17.8711350178669
40.3103768893372
5.65625472226583
5.77127887694219
-67.3144200355092
0.290119148169838
20.4772743240078
38.6296048683660
2.32784399883859
11.1275078398734
35.1067728753415
8.13425407861919
16.7604403682717
42.2647382653697
11.9657422944222
11.4164785536970
-94.8342664607278
7.43399642500688
8.53346350638036
-77.6739053064192
0.701726555007827
4.52943297823177
60.5851939932372
0.990936943200635
10.1964722145223
68.1510328295369
9.27008719212257
12.2003269945937
64.2337783146358
12.6912637403928
18.5698560149653
35.6304586621308
9.97395204970039
2.92864411944664
71.2523386921016
0.794130584502158
18.0558917603801
60.1856054039515
4.57710406441874
20.5609056418146
45.9225093810617
11.1955618297335
19.2953051262086
48.1567037966970
2.30754105499179
22.8690776031435
-88.3025216975362
11.3853599683966
12.4921487447124
-78.0240046300496
7.90287277557463
2.42393040114844
94.0527384734782
2.17329600450012
5.67952141222418
-60.1860288302024
2.11119583006117
10.4024772868032
-68.2429937868691
14.4635054671258
9.90844004882925
-41.0763627657125
7.89052881810293
11.9957007382863
88.4644047460626
1.85709779517222
14.5392537065693
-99.0176869775335
11.2847433738535
12.5558769212355
10.4643307032689
10.0375700954891
0.581920374552878
66.3385861125861
11.8295418437708
20.4411735183542
9.08394388038096
13.1022430619407
2.29752510724375
-14.9586723146295
11.0873410242146
0.103450880860006
60.6235873899154
13.8885200113397
11.4524486781940
43.2067709182805
0.309706887172652
20.2890877598237
-68.4086028924071
13.9587317642545
9.75784659931628
94.7486218304802
9.30749402025375
10.3151644588981
-71.5828492710703
6.04862259711399
13.3766171514025
50.3177230176388
4.89734651925606
21.1387420776141
-86.2816422568885
4.89188426083347
15.9971291153094
88.1626620145029
11.5514611092312
0.152201227067883
-25.2004445432386
14.6169075660814
9.30634811107526
69.9316501162492
8.52957648076964
16.0472623555622
-51.6892647440790
14.2465506799764
4.98535562811248
-64.6751647521788
6.53899526489669
22.3069901214193
94.0051965426107
14.3734127512818
15.1291053907636
-43.0210787576748
3.69911009327572
0.631174961131015
37.7658136312407
9.77953125962328
12.1826705244218
-23.6840147362353
5.43538510396835
10.3841300479364
-57.8201054218157
3.23671546586562
20.0038397504693
14.4675746713832
3.37680181246268
0.281116374849502
51.7054110793113
11.2070815431030
1.97210786260488
-22.3289300728966
4.29532763340471
13.5860774905450
10.9926247732162
4.06979972130077
3.50079524937559
37.1945878366500
2.23278720196451
3.55460891502299
41.8581427243789
7.79850572145737
3.49556676762909
-36.3426473851845
4.69452264615683
9.21923489490079
-5.75042864144970
14.5137901721444
11.7329683917643
96.4121724043401
7.95101292726421
3.93867641307572
-58.3532925880896
5.80866572016593
10.4718181949760
-33.5226762142917
9.98368338180346
17.2480249010389
-25.0480846339973
13.0677968187851
9.53716879154017
-56.8846127756469
12.6986573357858
7.97174792900944
-4.95009383411207
1.70265190811916
12.2592241397871
15.4102933639269
8.57719837363239
20.9279075671235
-48.1675625574365
3.98359635346433
23.2280097012036
-16.9888055243516
2.41906383516584
7.48047370292683
5.84193528033805
11.5626296025775
21.0920263179337
-0.607929076009572
1.94400195187287
0.0185988321554227
7.73489485452852
0.0711074326780636
16.3725334146741
-40.8035418047425
14.8196687218158
6.92003606099979
87.6259599128840
14.5464290141420
18.0115514435624
-31.2141490525370
5.12662174472452
19.7357132965267
71.7691089349353
15.8761631606815
23.9679388028924
64.8962914736277
1.75201236859609
15.9114376568404
13.1193574478815
15.9531306443395
11.9274317993155
83.5541292869509
12.4553650898951
4.33922272347149
64.0990233075007
13.3873594855593
6.68920903051769
-37.6382910467320
6.47786307556978
2.38880426417117
56.5260571554468
6.05835372817531
9.86501530966206
-71.1076862739829
0.391536242375548
13.2835999124015
71.2017775513081
0.741817167434631
13.9375556413232
-0.752536530054804
2.05022515879019
22.0011398626161
86.7876695208968
8.14487309945709
13.4455690404498
62.7470955727836
10.5330225489775
3.96610992106416
7.80602443284348
11.8667828931321
8.13415926814016
76.8785896558741
6.04650499523138
22.3878504446948
-0.240762278498075
15.8323173558037
17.6636453749832
13.1354764190462
0.977439303908470
11.0111743477153
19.3138915613688
9.63640753025525
0.0839927495314647
-35.2238312533027
12.9590137806846
14.3256327268204
22.1986056780971
2.05967085227637
13.6434100090090
89.0326558993819
0.965010961990343
10.0625004525497
-22.6134050627010
7.14763848314015
19.6956912438516
-16.5570792386819
5.52864979013870
18.4752146665735
-89.6604917757488
0.00106925717981454
21.0409999824086
57.8372288169605
12.3527422946181
7.82152478179624
-13.6711084416754
4.21845480048620
5.65337457681947
38.0738200513363
0.124777106152056
0.889040675552113
30.2559858132175
5.00407843945990
8.49594297576167
43.8034045384997
11.8396115638188
12.5097065805114
-24.1173418812694
2.42452081560627
19.8826461415305
21.3944158153628
8.35315521023777
8.28957206431467
29.0660524305230
2.26249804803743
12.2743563770633
-36.0524462699309
6.73163411899216
2.68386548263645
99.9071178653989
3.31085091927762
14.6316003954690
15.4688465872545
8.34497476194670
18.8802797681987
47.8121588605787
6.58996197631791
13.4420988379190
-92.7553150955563
5.24707474248632
5.23456985520404
-58.6985136046362
14.5147972094737
23.9103421743456
64.0340774817668
5.75340891366847
3.24521519337235
-71.9316049161351
15.9206217584488
15.8550495424087
-27.7853737222727
13.5940975792419
12.5632421092326
-35.2853363949824
9.56502658331995
13.2043796807910
-93.6967699883352
5.79949470721722
24.2587578504686
-41.1478267734264
11.0298635098508
3.79237761084171
94.7261197031072
2.55756154853899
23.0404171240268
-68.8076605564370
4.32682859727814
21.4455589267008
-2.22235662293391
5.36649204408432
16.5388171461059
26.1476010044855
7.92821027255345
14.7523624016048
11.9323365263640
15.3945933013100
7.78796431478604
-10.4112953254204
8.68484012831770
23.5919642940112
-18.1127492897967
11.1797246084899
5.58000353314889
-74.2452991525305
5.61115212953655
1.02331494727619
11.4057154502037
3.79481625639973
24.1381221302813
-31.4796249790665
11.1492893319187
7.65159441448957
10.2492239620958
14.8675891612981
6.24099245730115
-96.6207067570327
9.87366196509163
0.261806589995373
57.1994630156482
7.26713407105770
23.6620623316149
34.5809639348826
0.519533504902039
9.71491449524570
78.4606731987916
12.5058629755748
18.2534602235518
-85.1630542066003
0.932018308254536
2.25653989773154
74.5101236563842
4.09606754537900
5.71677711212128
55.6329110231975
15.5337577539247
19.2255920464540
-28.6097926519273
10.0580815838833
18.1781320002728
68.6296249613458
12.5338244003656
13.5555567990406
29.4382944336207
10.3166572933040
12.9471117832836
-37.5864872407280
12.0550339515286
10.6504160299871
14.3012548790580
4.81763298573548
5.83654938960744
57.8486752051445
8.91618400863656
2.44536059987361
-93.7042855684665
4.02392907323864
23.6491252666702
-50.3455669035000
0.963638636186955
6.24377485628924
-74.6068401989851
9.47597189974769
3.02262963620667
-25.6251007766806
11.5034443176816
16.7951743188081
57.7436275153608
0.823845988487918
21.1457346779990
31.6959962487603
7.44513542057756
15.5872134192092
42.7457790825710
12.8777240918943
2.96729022102482
-23.4056694002284
10.7827894336429
6.37120450626105
30.0399525917734
2.46595103670794
16.3217956272116
42.3393962094960
10.1066539790334
5.35451856545062
90.3693734421152
13.0773609032399
23.5448513526631
-24.8732466330155
2.54860789344875
17.7120206419185
61.2464823423717
15.7813409151608
10.1731098037988
-98.6711665103804
10.1908309611914
20.0365241752771
72.6117001944380
10.7849504724954
7.64681233370063
-74.5387247662823
13.3215285259204
23.5161551782797
-86.3723748588112
5.53785534763237
16.1879649916143
58.0212475306559
2.14087397801977
11.6985685801298
92.4109682319385
5.98214901016220
17.1874170238735
71.4777493197801
5.29106936481973
8.93484892174872
94.0143146406530
8.75259098310626
17.0840908830490
99.4599114015370
10.4114710592765
19.6913725080747
36.3572003870579
3.08377466910922
21.3358658536533
-98.4724546828239
4.06144978000957
16.1528111030307
71.7268585292930
10.4262678280222
20.2214156010467
-46.0584689167048
8.85119268125407
12.1139925553243
-59.6210903928504
5.48682343207540
6.39606348523195
-18.2471232059675
6.77824429287521
10.1150507832115
50.9144997133637
2.56467043297184
1.94403474049621
3.46040756752353
5.54066848690213
10.5826990741863
87.6701407628196
4.57503807444095
1.29160488669462
-86.4913356058911
4.29119450717406
7.46128150996580
-78.3478118472077
3.24673660054272
5.94561078221862
-57.9458282259250
10.8373047775317
8.68971384820636
37.9569460139866
5.62557301199063
22.4995251744785
-27.0432352815434
14.6570404278066
6.20641446578909
-34.6939341435363
12.0838499079597
11.7720585007128
-57.4156433959633
4.86889531661499
15.8728606814517
33.9927912017455
7.80306900566526
21.7788904617404
74.9761499682136
2.57316353231525
24.7809761815992
-60.1934360296492
3.79840623947437
5.16596848125293
12.8524573337843
14.0565793003581
23.6269632056544
-77.9584640547272
6.41112981605510
18.2529169399804
-25.1791251960107
0.712720663921829
11.1840202488386
24.9384102759665
12.8248790803965
15.6921113861935
-52.3433430838077
13.4729782634680
9.86545937345473
11.0215005092450
7.94507319674102
17.6701285606664
59.3977235180543
7.99600355876616
16.8813070917631
33.5075225275691
1.20666773707173
18.6186295594995
82.3730987188938
5.81608351857516
14.8576028189776
-84.1434750904811
2.15156585612320
1.17952042204945
61.0982631352064
10.9309254918500
15.2226525531388
-4.26277536007471
0.746608693245619
20.3133302377640
-36.4511583702272
2.43913795572507
16.9398058388048
45.4756010158210
12.0258111918625
16.0084664770583
-50.0757783873798
13.2649540425494
1.30191985599872
-54.7106452973806
15.0623593685634
12.0854594039045
41.9395278040806
1.65418932423307
5.98827970225347
99.0208684790831
10.7400621459513
14.5459892068392
78.2044558707932
9.04735171228957
4.76551168573627
81.2827800103144
1.74332256528975
1.17901816924748
-56.7710693173737
8.33922323819847
17.0964125327658
9.86077173603881
5.63005178069756
0.608849118145743
-35.1217817524275
4.42875495846472
17.8421368444229
68.3345785313662
6.90666766166973
11.7549750524685
-64.4631600912391
4.11905114865476
14.4608454125620
-45.7447150103924
0.250039089410008
8.89781525619721
94.9136955708453
11.6605295486285
13.3240649590235
94.1052270089215
10.4656121761968
22.1044067770601
-67.2640920084422
15.9908740747356
19.3025030212318
-30.2254185048403
4.39097525253048
1.34354502304122
49.3513836538051
5.34873869539167
20.5133087733722
-40.3277278689711
8.24885263237183
15.5270142901100
21.7406515998619
1.62840044878483
17.6741563344872
72.4101461926175
14.5847811834343
14.8452956012656
-42.9864682398379
4.35437854280176
10.1273288013298
46.1218946546356
1.95068920805091
20.3556940470552
-45.8409932862244
8.39703816528088
20.0785540270410
56.2720070485316
11.5901646985742
11.2001640167753
88.0291555931474
8.40967443699459
4.91705845687559
-33.0411595535688
11.4847137178320
13.0166478340946
68.0707646256819
14.6424536954715
19.1890684584127
-65.0437114573342
2.92065712609632
9.57421325387286
-20.0423353406684
6.46920563843885
13.7321360631587
-97.8131923797239
12.1015603896985
7.94559323915968
97.5102755834705
1.69768130434620
19.9810888918907
-42.6956906788737
10.7426421398382
24.1983932312482
-77.7427479754187
7.61412693364176
23.7295020765547
88.6187698139924
8.02211286755318
3.24386393585298
-79.3337188790191
1.39942808409689
16.8205266700217
-85.4210858915234
6.23388010336292
20.9209790491667
28.3414382080532
8.07678611909103
12.5672004242946
-57.1603735564578
11.4872178020790
4.90818083976711
39.6827490433303
0.267867672168469
12.2480632353538
-72.8505601201887
12.0593162709100
23.1000243749693
-45.6047535820456
1.38694652960157
12.6083190016799
-2.78897232092381
1.77434255283317
16.7328723223156
-97.9814727528048
6.70043030325907
23.5000064970063
-96.2651704292456
9.98253478620414
9.98222774608802
-51.5900764868260
2.84389582143677
12.7602917852906
-48.3372733183540
13.4320291583377
3.86296865233344
-1.12638880699514
14.0780133736121
7.51502383369604
-72.5193340317390
5.29749210575727
19.2814316724525
-89.7833470645980
1.23180194044360
9.87545956299629
85.4165860672597
7.94591104152844
3.09013231399902
18.5804295398845
6.08082977491581
4.89986222372193
88.5431842924175
6.75086372822381
16.9522482903194
72.6934094961637
11.6666073183836
1.89436081273847
28.6349916657440
8.07116527478215
24.4706866531770
18.6883734484674
14.3718047611490
11.4526442317836
82.9000508622020
2.18153565852470
2.12122563114731
-80.2728574139932
1.16837902554101
22.1705402628266
70.9040141914736
8.25513893451523
22.0957687070822
11.8021757378375
11.5646323937212
10.0388699299041
-20.6537424799621
2.27969126763513
20.4785130962984
-66.7052401784162
5.68185408976209
22.7847925583149
-84.8999980903863
6.86000549761401
20.3522613086607
82.0261008420401
8.22031499507731
24.9627939849071
-4.21165529013217
15.9743055693425
5.18520169902479
-10.7795303284270
12.0315858822901
2.75802632450149
-37.6297055502395
3.06492071024421
8.74344225386258
-20.5272711387247
2.26283442897807
17.7887311404343
-21.4934684614285
10.3002109363524
7.65613182371246
-26.3286940062516
2.24615926094703
22.4475185402477
-68.9032587727935
5.50491312454259
18.0537621191261
-52.4157820258414
7.05826153662127
16.2913842158654
-74.6119496376593
13.8360048601112
13.4677847945218
14.2774480308737
4.88529793905525
17.0132675595853
-63.4480374484193
14.6398100753935
15.8213632411122
-19.7190733588475
15.3875532799073
10.9702731645423
-62.6693466887269
2.17302536066038
16.7630506418760
78.5461031603209
5.34980749014437
6.40720811719647
-7.27741264328665
14.9860824776842
12.0791889628921
21.8436218794843
9.02957377036140
15.7621087071866
-9.48348982558911
9.47758827140323
19.2431345771167
2.57159586989715
1.48341766239875
2.33246480277413
63.8255645467680
14.0618330534258
7.26212168899263
-81.4465001024729
11.7641562574375
18.3212197813143
52.8596098269891
12.0164529525417
8.36522020404846
26.4031268973790
4.92720579669711
12.2840691455830
-33.3537699736972
2.93102726299050
6.63451141177336
1.45058828286027
10.0058898797757
22.9140383575011
81.8177053569987
13.6177145479260
4.02788103049954
58.7492962699530
11.9068514611823
19.0842320872353
-28.6535699460830
10.6469647135133
7.59145699429335
61.5182740309898
6.83302710227927
4.44342095309232
-44.2025652727306
4.08432150766192
8.42487565527276
53.9527007855985
7.24863403095297
6.90846988041740
50.6252555522624
5.15830553760464
23.1188883396792
-24.2460977877315
12.2885559709965
8.55682609060900
-0.782133127662332
10.3711850058553
14.7910816291674
18.3120661267888
10.0986076021477
5.87855871929684
47.8415486236619
11.7167405938812
3.97778567724958
-91.5238573396905
0.893079965297455
3.51036870124774
-40.9367665591998
11.4552685847508
2.69918518166968
-58.0554042902632
10.8007525986222
24.7997080447494
-5.36092217740094
8.49006422894456
22.5169521734257
26.3602458601192
13.6522820115249
8.25111926298623
87.0444858352755
3.25405748091848
16.3449539959439
-23.1565746601551
15.5316810346326
11.8070780277263
-65.6492300765192
2.48713459053266
14.4343403885044
21.9806218182834
3.23855777637107
0.228332382668436
-99.7375758459945
10.0571141548790
4.25656520786077
-96.9556544809166
1.73326530587539
11.2764936990264
-14.0499412601390
5.42091034690513
18.2251650122067
16.6009128879378
12.0635812774900
1.34089760708225
-55.3132516676074
0.446176128536775
2.40351798529143
-41.1313347089318
8.17365074253907
12.4037656794062
-88.1341330556576
8.68982448571273
18.7689557307528
-23.1177420334341
4.25334300421783
7.58241969332503
-86.9878159229119
1.92345674273319
19.1721429860927
48.1326756290590
15.4824911347481
9.11463958401180
-99.3898860529660
15.1666100128837
15.7117742837983
-34.7616949873919
15.6415324140210
4.13032568167006
35.1761663784739
10.1769167927946
9.32903008505696
-83.8973144172325
4.74518648765949
5.24009974072383
44.1810314761308
9.73983793697851
0.129371352878692
88.4285914935841
9.94510370900677
15.9984490018337
11.1157575568512
2.05853783630712
23.0103822641357
-24.1492521320054
4.19119384821669
1.60693479989486
-93.1901394505924
9.68570753521970
5.16427542106242
19.0958918395623
0.129846941264422
20.4667167838997
-26.1949778438620
8.78821833019157
2.57887818523208
95.7980122888741
4.82969265956688
13.1662207999228
-18.8493189294736
15.5683957405118
5.59060801537589
4.09568768675928
1.69003346350322
20.8250874070803
-36.3591735521731
3.22121737910000
0.242744585286413
95.3681200408766
6.60677828607963
2.25273780184077
11.1466884580357
4.76265078935550
2.61025047214871
-26.4345427459688
15.6308236468225
3.94621592387165
-17.3902744387675
8.66777609414866
21.1192817100433
-1.97738102617762
2.41493243813559
17.5380289514371
-95.4233435768178
10.8781174854996
2.12531791077756
-58.3877835716576
14.7859436332561
10.3259039255004
80.5574416557721
0.678123910202981
1.98784377894504
-51.8391072891331
0.761666843929328
3.49938153773524
-80.8511661584939
3.67230717714324
10.2939708275642
-60.3057131742245
12.2740531646702
9.80149999200236
69.6047972471870
2.77585216669965
9.15910436916705
57.7480282347648
4.45986930315152
18.0723327554251
45.9824662422943
13.1846907308629
15.5470518705168
-66.2899226729295
3.45675104168839
13.0281303365717
-49.5765027393567
6.66426836091845
0.780993017568418
-46.6166134111292
13.6744180237033
7.23127340904033
-45.0455591663601
10.6201170274044
18.4090796590332
88.7115932701082
14.5429493333745
18.8873978875486
-94.0724210225882
10.2784829496606
8.43294752123539
73.1342739801476
1.35419129914960
13.7167259779932
-17.8030133380840
8.43770513418262
19.0502166742486
83.6001412098330
13.6107506631233
1.13151617125192
-42.3348976211726
11.8264831998367
21.5169998178157
-11.7583929493860
9.01331783091168
20.8131462140604
-56.9343379300794
10.2267186723234
20.0116258648767
-59.5866920265781
5.53373507888989
24.3808351957376
-67.7655339328941
5.45859025047315
22.1711750315332
26.1274668334246
1.51093569696971
13.2343696709857
-68.9731281465900
2.89661189780925
16.7593076797026
30.5873524795343
11.2905415578238
23.6396632737677
98.7965357868177
14.6627796820729
12.9898313803359
64.8428248686412
0.660160064037777
2.52425954693731
-23.2614200629419
12.0739511933776
0.476916243745103
-37.9422400280772
7.84085528217618
4.54302111443801
25.3707776802376
1.49076892776936
15.7529019444538
33.0867824013169
12.9908979508611
21.2074900117790
36.9358385149168
13.7069410778377
14.8295764847441
9.21602456856576
3.15273680816749
20.3697268438800
-87.2107274791586
15.9488017252809
9.07077961787061
75.6094521075051
13.1754816713574
21.1112092413859
-37.0600703886687
14.8224763577567
10.8372952318866
-68.7076492317692
14.4392371696500
18.7548677498077
32.0607792670665
0.0134801981812771
17.3283471959966
-52.7179108302542
7.30941156313024
19.3028702632392
-21.4748232965021
12.6062863286959
12.8214998476585
-73.0628564151887
13.9854878019862
12.8004429802083
12.2809532436284
3.77971888169480
24.9587334165285
96.0840749519430
9.78200919812728
12.2942413238983
56.6573569225715
13.1656068136619
13.2230579656872
87.9442615272610
0.682064761166345
6.58359403843926
15.1084882521114
15.5361480196909
14.0924642063322
38.5778488110947
4.33099861409573
9.47153224335066
-23.1409091211362
15.9842120845645
6.05662769152752
-31.5358489942324
14.9074899605580
2.64344444469169
-10.4648367132729
10.5703308527127
14.3594225484990
35.4344552323883
0.422719476220983
19.0967151302445
87.2639275917485
0.375274485092366
14.9937058988329
65.7565603500111
13.0612424354050
2.28925907966280
69.6741092670327
2.47617452711540
23.8908044921108
23.0923983938758
4.76688620637087
23.6752855542019
-11.0350537012198
5.91505685080388
18.2703909790131
57.2598480041718
7.74075466588842
11.4986241787290
-9.70591028972230
10.4561140128692
17.7675963971117
-20.1838021678481
1.50517975040248
19.1268660186914
95.4956147930549
8.85637640145717
1.82722801249881
71.7183465317598
3.10171488175816
23.5601568672673
2.03019183107083
8.10649227740321
3.78470628685532
-51.8869582428830
5.53673180695536
19.3281166654231
-69.7074411304135
3.40001506279921
8.87963289228794
-53.5827631740319
3.69232052533523
21.1155985628406
-35.0148001758244
3.39019685174737
11.8718916595950
60.8440232617606
1.75623462536998
0.918157526882322
-31.2643292941338
4.82861210235270
4.55722533039827
-84.3387419689451
0.569116526714007
10.3520433888840
-68.3889345336971
12.3691094276228
17.5682262402485
-89.9211602775327
10.2201893832812
11.2315168371396
26.3927527054327
10.0443889284154
10.3554554851281
-36.3845348154795
1.82062205757544
6.17659027551897
80.5628779822677
4.24232161677087
14.2277303874369
-55.3909849511254
2.00943085198625
18.1226529065472
91.4122724329198
13.3539934908848
11.2588520521216
-52.0660599910556
6.86129234019787
8.45142147734018
-64.5952089204476
14.5311247303231
22.5147834026943
2.15653792900956
6.73662984980626
18.0218079661351
67.5433330581140
15.9229657564956
16.6917382713802
77.0102078588699
5.37891194257369
0.738131761490180
97.4705921173296
5.55818082966212
4.22223709997933
-30.7485545688521
8.06559501686195
18.6994094207653
85.8106860314853
3.05539919515217
16.2918516465970
1.66666666076905
10.2891421043023
24.7409316005027
-58.3451125548033
1.73614480409740
15.2035830063417
9.51073841697347
11.2869901700365
14.8230234381973
59.2040830664883
7.81772780596009
8.65655850630656
-26.6703676969240
8.38343182920293
8.55793185615323
62.5371870613892
11.4674871957014
21.4067282434264
-78.4497114079926
8.46590499418033
22.7435997737555
73.4813269718035
1.72148343953289
7.90499358673606
42.5493650783401
6.86671551922608
0.238040467778463
-65.4315731564845
10.9685515983157
9.29458565873979
-24.6077017464907
11.3785640577348
0.720949343167485
44.4769359637088
8.28385047507669
14.4495277470508
-80.2340297379312
6.91832660350788
24.3374431393569
40.9170951910744
5.62931722539207
14.7730643585320
-81.5390432871701
15.5481246439536
7.10767075392500
-16.6528697360431
9.91031224582477
2.40515407023844
85.5164647998198
12.1519041190815
7.32063903642756
-32.9472652352075
8.03637477043013
11.6217371456045
18.7232843044221
10.2252406311169
1.82167918813161
-65.3392794747244
15.9465442153589
2.13183226081298
-33.1711575213675
8.95508337989078
15.7662046203386
-52.8345023544624
0.0804699388710528
16.7103263533557
50.9110866308518
5.96119684107477
22.5595288640971
64.5449251234020
3.60841053341834
7.57525427136379
-48.0762029802876
6.31756679591420
3.67500513733903
-83.5194865250606
12.5759627687215
17.2689319224906
96.8992214294360
15.5407830756841
8.77166858788063
91.6843647576715
5.11256878882308
20.1735865194334
-29.1432127794178
2.30734078732351
19.7290586700304
-1.24945085314399
14.5001375276643
20.0066975122411
50.8960751933054
4.55904753716806
21.8884813984538
50.8155988249254
8.83530217061310
5.22905671772426
-96.3722435247906
14.1213876016208
16.0020476286246
93.0160760058033
7.66705046750491
12.1501206467468
11.9194963575016
11.4895535658591
7.52115263847244
-97.9161516471216
15.6158178280175
0.0353104545075400
33.5303323961375
13.8964200348494
18.3358233812076
-95.5328328233696
1.26420780198234
21.5312066014527
-77.9935419294909
14.3361148502334
7.46823885087203
40.7704670834302
3.67862573296316
24.3066165932329
91.0247910621120
12.2815352131492
19.5686652257953
88.8484728200921
1.22315910224163
10.9861654696435
-51.9146824361353
9.65359819218431
24.7067216355676
-12.9917709975789
0.475622857301321
18.7493356589741
-27.6116717461175
11.1872727108990
22.4113956897966
26.8120363271966
8.13980379977980
14.5693773827319
43.7417624976220
6.21702127748480
21.3715344049595
70.7232930307166
10.6721648564592
20.5666046752862
42.0338301223218
9.47189136356713
22.1262288475681
-89.7242572271557
5.43995533217944
4.77646044922118
-32.2872169343224
0.269077387081676
17.8175082394534
13.6149007270913
1.74148748438490
15.5471914636052
-60.3107143045370
6.00798340174726
1.35728921168542
95.6663781897962
3.44332087338760
24.1125930274803
5.32416937448588
14.0238821393785
17.9341330569391
-72.2737795690040
10.3744612231856
6.40649188259722
-64.1492309536130
4.26126206527863
6.74478685796707
16.1407450786587
8.00531004711070
4.39233532824234
-35.0094098113259
15.2445147084951
5.06755892090006
-25.3671570547521
11.1532539976178
6.87357855987189
-42.9984238731397
7.92814162821254
11.3662208015197
18.4723885580362
5.62815224410253
12.8146464093366
-18.0428426734896
1.33575841744956
17.6610628893195
90.5504625190122
2.37404954273945
18.0806644957009
-41.9339802064523
5.41029692207989
2.32017464351562
-67.6187248917301
13.0144327097956
20.4531540460420
-69.5187565194951
12.0023215877712
24.0774805000687
39.8465908948175
4.77738453731886
21.9403225002064
64.8750289076681
10.1625939345681
6.36827603993383
-62.3168918691392
8.88905693881895
13.7084944019534
73.5817639023013
8.19436579434018
5.25245710601377
-19.3244926690736
10.7475585920634
8.60326724372741
42.3701862239991
15.7705592999345
18.7313527106864
29.0546251679280
3.51131195724142
4.93788297104174
-62.6152620281871
3.34708502343905
11.9869007838134
-6.07114239082289
6.63017831272966
16.6105100265319
-8.68433757955478
11.7164840431888
12.3145390156419
72.6547587756848
6.99621391838590
4.68256396293719
-98.5157159629542
1.31757291143933
24.9440202764300
94.7575197644576
1.84113303193081
24.1569353983213
-68.4949925012738
8.14547689281888
15.1925239452199
-11.8105798787662
5.59435932515619
11.2073366992358
28.7541320485392
2.36314216548436
15.4985677553638
-81.5967331816363
10.0434744407315
21.3115321344402
-51.2323192113143
11.8798478328615
8.36228928068365
-29.1976476106975
8.31769927976024
18.6289180595146
-97.3339246254504
1.16048644890101
15.0936818166087
46.8625273708646
4.89692432068930
4.27555446863628
-83.6028439478681
3.16250570330409
17.6898160082538
-99.8376846470606
12.9526114952449
5.28602965089294
-47.7392529505172
5.32728228807594
23.8315364641665
-44.6130527208948
10.0581054454236
5.43396793523204
-14.7725680526365
13.8336580846997
1.69542738300563
42.8258478430925
4.30494761000940
12.9537123350816
4.70332555058308
5.78331175463194
10.6096278645229
89.2816358951216
0.0892582385241862
21.3711220984174
-52.6462061003242
5.26673541870468
1.61352275636299
-99.1014426405177
11.7586044097902
21.5496613428865
-29.5590002629866
5.66051753684793
20.3402278471473
-97.3092703864191
14.3039749479103
15.5547141556429
-22.2834490870672
8.36544237368731
21.4330263541732
95.5168307796248
1.76691907154415
15.6485842964131
-70.9293109270859
9.86051756055702
5.05892000866911
-4.04531837721684
1.83361832736676
17.8800794262431
-93.6504419310922
12.9850671129419
1.91107033047753
-43.4897207251254
10.1981362000953
17.6702520409095
14.5434555121112
14.9046848246691
11.4900358338903
31.8141122565384
2.93462421054260
18.2431155109300
86.7182596567799
13.5014078347311
19.9398976186666
74.8500821463545
8.89352920900752
16.3737006780051
58.3166288141999
6.79469264343302
6.44996907398179
41.5367207857041
0.959507099318053
19.2859722333316
-47.1696677962884
1.06660461595260
12.0022045274813
-91.2427738944037
4.36822730322107
22.4735462480998
31.6588422628850
13.4207258992071
18.3042925670550
-91.8577585619476
14.6757932161935
4.52753853689355
23.7210308699643
8.93443918361759
8.90926416862148
-91.8366049722902
6.03562746981060
6.18035908839409
-93.1899018158370
9.74560350679828
7.77629583078375
-75.6201752286411
8.97617842165907
2.81988122959397
-21.9050359424857
8.62471538121659
14.2584810700796
-83.7574871961813
11.7475777640021
16.3614108267008
-67.7290419047416
12.8985593108865
12.8420185287389
67.7722872783128
14.0469271909529
21.2647224384893
42.4682459762205
12.6810772618097
17.6228820954008
24.1210387091330
7.24944863469849
6.69468382198043
-11.7802086507444
5.22866820687888
8.66138735137230
-86.7702670253074
6.83866482496462
22.9104947841386
-84.7289345096476
0.915283475261488
11.9358528090905
-56.6691874068735
11.6819641554561
2.22603956129612
-48.9877900313214
9.97386463572729
14.9536645560102
9.69173820550391
4.98211841402564
20.2748810645091
-61.6506029844968
5.92016099906791
17.5755171930931
-75.9157952158081
2.17269005615007
17.6688522949781
32.0961947334175
15.0341254966923
18.4403157890019
-32.4129087891363
13.9538114708777
3.89162709961273
63.2777685291072
9.30923226774839
9.69782892902421
58.8645556589467
7.54384287135508
12.8959646804742
-68.9368280198626
10.1865009486991
19.9913231035331
76.4205040793507
11.6952619445554
2.83254033561877
-67.0838607217764
1.92742019485352
12.7267706213742
80.5533643764497
11.8574911888281
11.5864667721134
-3.89053873522645
5.61691739599736
11.9148660092866
93.8471746429263
6.22844146157580
21.8858680519121
54.4016772040966
3.30270640669508
14.9918794956830
9.22304606500441
10.7023573258068
4.80595264175639
-95.3538141984181
8.51123896328094
23.9693619577222
-18.7268370779977
2.63010261769557
23.0732812594526
93.5217529550662
11.1266230259708
17.5345892698754
78.5331438714604
14.3319559849741
17.0509813519820
-22.9181217408586
3.24413058032273
23.0675677665496
-63.3183876168506
2.35091978696797
7.13510479768213
-81.9793456329180
7.30710480017070
22.7264233830170
76.8534718508269
1.42438846398851
9.75188079206235
30.3431195440106
2.83481790586122
20.7746565213350
43.6966241401309
5.12291807785617
2.22940301488218
-60.2288167199887
6.23214726308697
15.5007106068173
-24.5370705391836
8.44401756807734
12.2547814417146
-67.4883686442627
14.1253964201371
19.4902907897616
47.2043183236023
3.93709990803139
3.15781219910105
31.3625947594369
9.36065354527874
17.4940122212128
87.0258957633697
7.34557775367941
8.11311466716701
16.2619884260463
1.69513211973433
24.8162189135743
3.95965073670690
2.43856599770971
14.4720130204401
26.6252872898950
2.97862553385985
16.0599724738132
86.9359413443335
10.8185787810650
23.9046668747442
10.5606655461587
14.0713795496616
22.2790833170644
-58.3147406673759
11.2994137053635
21.2744277589795
-8.40312267294008
2.06331275563532
23.9159333812025
-26.5028912367204
13.6802308910183
24.1181421873599
8.88738982160151
6.18559450880814
9.17150314355413
-11.6683894230449
9.88840536466822
15.7141388555473
-12.7673991045706
2.43163950302222
20.4543118214766
-32.1441207037287
3.50957579973452
17.5744530337289
95.4786102000246
4.60260864184072
9.92245736056326
9.86045235790678
9.10944660903475
22.9537008183948
-26.8449300692861
13.9451377396090
15.1393848819045
18.7738264171785
12.7683596904895
3.87901927648928
-35.8015095302553
13.8540893970867
13.2267107815708
52.3607082130251
2.89487326886941
10.3502230078721
-76.2579594381282
15.3473637521909
13.7978678945727
39.8070246636050
14.4927819698286
22.7197989948307
79.8016363126267
6.60078215929207
3.04174168389153
62.9590086692968
0.178272967737335
2.10524237741057
54.4897439953477
11.7072125182713
23.1838862035819
-23.4701321475560
0.439890177044656
8.84124642607821
74.3289320363354
7.79733057990697
11.5535236381064
-59.7943779497044
8.43577425903823
16.8393957427720
-33.7429904282047
12.4671514668909
21.1554084474877
-80.5084855639177
11.1236692122197
9.17012810485568
-0.440681598290005
9.69474162884718
14.6418374620223
30.0692281595922
4.15862714424040
4.46297395846748
-29.8114619361293
10.3026345422161
22.1577926620061
95.7946201124975
3.64286221346529
2.29560280494940
49.1165004809935
15.6472845944393
12.3438911374324
-92.0424823029204
12.8792117262139
7.61782439481999
86.6049134418066
2.23061012084673
2.82911920328324
-75.0282492019973
11.9686623541357
10.6386716128116
49.2172642590881
10.9027659377102
6.57072401259370
-10.9096647126633
2.89299761306005
15.6947316444199
22.4491354618128
3.54800495572837
20.7544483898125
8.90877997456876
11.6094261807628
5.03501161213835
46.8963897746061
13.6315712280126
15.6090409429431
-11.6602353850779
6.59050301314840
0.925406002438287
39.4978362836705
4.92237314434075
24.7165679428698
-97.2807042425009
12.3339690757423
21.4830819014565
42.0857265856071
13.1806280404658
2.24117588975493
97.0149083659889
12.2050342200822
1.16568649472995
23.9325466250455
11.4716346550979
3.15654521253891
-14.3343060424661
10.2464434172174
24.0788165848996
-87.4865004091435
8.97821108899184
2.24849376372661
43.0732949774115
8.20627906462324
2.45286034415173
-10.3539939064216
12.2354996677522
23.2790353878934
-17.6257985833914
15.7102634792571
2.39004424580500
94.2443351649065
13.9894744602262
14.3817014465342
-71.7935981845582
11.8457076162113
8.62220727692605
-25.3345343009553
1.01475189093147
15.1836662865947
-59.4647554478895
8.96099582971005
4.35359301198143
65.2589304321853
15.9282772926101
3.93610541397429
53.5437834772790
4.96133962770256
21.0398812772619
53.6457685499442
9.69475611491306
24.7205340706374
4.31659771419495
3.79058511022257
2.07797778667255
73.1262828531154
13.9376186477836
12.6798473603523
-74.6147981942137
12.1527208922384
5.35354265098069
55.3544762797805
5.17112072127535
22.0848570748261
19.9814324307607
14.6276651879879
4.40486197476498
72.0981560653723
0.272653771119703
9.54742964708497
-70.3724065751815
15.9803470721747
17.8658607575608
20.1401077701414
14.0002458559883
9.75254252107374
94.0282020052832
13.8643615504924
9.89940790493365
-10.2384226703495
2.43474500678848
21.8462412824801
-8.14005298921534
12.8079786954958
0.784987192565726
58.0731675248816
8.62388887465089
11.5299633876427
-25.8452192495456
11.1525263180759
19.9231389279994
-81.2436012400146
7.55187981922233
8.67069900297808
0.259984118577838
0.612723816772590
7.61102310315483
-2.85692560773152
6.90000394801235
4.87793486843336
-34.3302197225135
15.6551938817566
20.6909866947857
-62.7165722229142
9.21827054840133
8.89155685351622
98.1500414192387
5.09414833884332
8.46763605027112
16.7147019095690
15.0338717517664
16.7434078321615
-79.0697885922408
1.80561613363554
10.9376819621401
-76.7739396958076
13.9194100517703
21.9729967894678
78.6809356471228
5.59676297336968
22.3204928464088
0.470487278369181
11.1056670327142
18.5171034876787
7.63972818706240
13.6357506244562
8.67942704539359
-65.6936311949308
3.15967022425273
24.7235244869021
-54.9234366001309
3.67000178618488
0.377854318521061
-3.04664970511963
0.214620778876672
6.63542027222396
0.468033681619917
11.3213694288354
17.1681533680047
-10.8010953776249
4.72208848663127
20.8600561794615
43.2073250940067
0.708199358213644
9.93909903423712
15.7983981313490
8.34912469852911
17.9289891753971
-95.3810296093668
9.40294305193859
17.5376079707502
33.5798332245843
8.21300003821216
5.27266504454128
-59.4948795505893
14.5503725736772
2.64010004852811
85.1608493024747
3.15079764689991
8.14736084637792
-14.6485901561908
6.94698160759696
5.45989805187027
-1.44283195156623
7.96738885356612
21.6257566639022
-72.2185367788010
11.5091717620651
9.25045840373262
95.0619438413824
11.8175842049870
20.1736029579581
-80.4796632447680
14.5852887893571
3.13940156961281
78.8510087625755
12.5459831941526
7.64692753505669
-25.0469021620363
6.40468865314247
18.5395563022594
-33.5789794605635
7.99657350336998
4.27748563970294
64.8509559341775
10.8412849781811
21.2062788884338
60.9320456922233
14.3693306808573
4.87359022973377
24.3846627983253
2.42393091371298
18.0640479497671
-17.0123881571432
2.52715514278149
5.80428806010882
69.8916418216047
3.04965204112734
8.49034163974995
-91.5193809359701
15.8552400420651
4.17123223053693
64.5425733943067
12.0636988295549
20.7418665921634
-99.3043239917854
2.02693573355461
8.75738517497517
-91.7550418540600
1.67743689020081
24.3021636986114
-74.3735427877354
1.65726610468340
20.4175781439539
53.2379415671905
5.02476773604308
11.8392268532190
47.6748983678022
4.82406457385865
12.4134043154265
-41.4623316433558
13.4136597482373
4.13538075973163
44.7966725020424
13.9348511238361
2.94992727048281
1.68858140264956
5.30097835263285
8.10918197060960
90.7256028632088
5.66530607673726
5.19939026769271
-21.6086430258289
8.82210036572121
12.8126574121318
11.9794813121509
11.4497972823179
18.0520208953270
-51.8306528829662
2.46162637071984
14.1352286883160
46.8325556054162
10.8169928626858
1.37382294448869
-95.6365970924369
3.12894245349689
0.846843698241445
86.3245065068911
12.9776176072043
1.89377939411493
32.1189511287658
10.7566125245019
22.7616055873378
-44.0599559077869
3.22821596526378
20.0554617986769
-31.5115745146824
1.40486742102570
6.09576928112691
54.2136050953861
0.520878334310472
21.9280546888280
65.9432466722438
1.04793128185237
21.4458595475482
-81.1490102664521
13.9187314293334
1.63700933577104
6.01476398817527
13.8924174050185
10.9490457120834
16.1284772684382
4.24287047766287
15.5940938155256
71.6461768110842
7.66509313550899
1.26156174076409
85.3595513382427
15.8740329519279
4.34473898497574
25.1900986358770
6.33634126644959
19.3756971342004
-3.41392321028400
4.33715154764168
12.5926345856638
-44.1024793884678
5.16350553890519
11.4369000968362
-48.0022562919816
6.89407229245022
10.5330443315290
40.5597440206954
14.3144203704775
8.02252256664562
69.9056454090359
1.91248625266183
16.5727023056022
55.7234193410359
1.77031176901237
17.8831391908498
-96.2954240967209
12.7177808422436
5.22994017560156
-29.7492052326166
13.9236132623831
8.32465162443486
82.1005428699967
7.54144588168141
17.5630163704361
26.9521931989169
13.9982060926601
19.8454275456795
50.1018714144965
1.21010091688900
12.2520103119027
-66.3998531054063
12.9322155413727
19.9346816863651
-53.2686374978793
9.15008290142379
23.0832136653051
-9.17115446482628
2.91507417740158
8.60102942897967
-84.6001690999557
4.33506135278090
22.4348890429240
-85.0927456962439
1.69161503724409
19.2353616654230
25.3091000229048
1.67787338023236
12.0829638852066
75.3350124262470
12.4307353735536
2.43209929709206
-94.2464449092007
13.0555068557045
21.0323323842089
72.6688657309554
4.79465808271821
11.8184276112548
-11.3946513207893
13.5062217239746
12.2773040395460
-33.5633245389595
10.9026879985126
2.69869615182741
-69.7401350983520
9.76449066639438
8.32289095210458
-47.5565543118266
6.07872611834225
0.0295776043263505
-32.1616346236694
8.02985196048341
7.90583640669572
-1.02922259845220
6.63889459477573
13.5829621121490
-8.52569260426230
1.28041745208770
22.8008639125632
-20.8973124401533
7.54138929733166
19.3538601210493
-82.1539171077535
8.31348412492719
11.5306647017754
-32.7861426832234
15.7677082580438
1.14057092256637
-40.7686147644362
14.7786135220686
10.1794333522164
-0.00871807606817043
3.82833748136600
22.6802413995943
23.8076063794639
3.08518848309238
6.34871022115022
24.0525863943307
13.4389723749685
8.12897053804292
32.3936144880677
15.2794518713081
20.2629526273891
13.3562792705038
8.26853488066420
21.1889432911485
-63.7904287488392
8.63635980808088
10.1257021024348
0.743904112581473
6.72174038844189
19.1695863074987
37.7140125536720
15.7756669835686
18.3364792099340
-46.8897125884140
2.04191778747799
18.3903958490488
84.1516745879494
1.00193613691154
4.41417362668663
33.7940689668785
14.4413942921763
23.4021623195980
-86.1034955096406
8.52374431796846
1.27116387085169
-38.8346043227900
10.9792302868672
20.6531884270718
-6.42150137837230
3.62664560092306
17.6770570124798
11.5838670509458
9.43218951849444
6.21531570246441
-37.8228239923673
4.26494669266111
18.9990283610267
-58.8403485507642
3.48111477191480
23.3887634394838
-53.3343596630886
4.46279388498610
10.6551287578436
6.42157131520820
8.36129473398768
17.7963116278725
-36.3693480966935
6.85842048328682
7.04992365989834
-60.8632938724558
3.62410526316114
2.87021195067417
36.7602407516651
2.42403754543998
3.59596827405567
97.8240194033532
15.4490324025506
7.77610098178760
-84.2820818462303
14.4754797428592
10.7777629706512
-25.8724309916223
14.3794930076938
0.828165862381308
85.7631840186286
11.1277817817962
20.0964165666272
-15.4926296560312
11.4175102747013
7.52541179952582
39.8819446807256
9.30462246212473
8.47081547728545
-48.9636956834566
3.61157959829722
0.757759283385919
-0.737104215893591
0.308672720729792
23.4445163408923
-11.3355321144505
11.7905097469471
6.87044592785836
57.9904059093684
9.24187445588560
5.09636212365540
78.4150285200141
6.90481349924020
17.6985443806482
93.1142592846557
4.28588137303950
6.57312137123628
-60.4607699740222
3.22039178941409
21.7939075076304
70.8197780778258
15.3849536227955
3.81618120060296
80.7108751730370
7.49085954081098
16.0811428741364
95.5856502685176
13.3626445851651
4.85914557934457
48.5863921227270
12.9798636243150