20.4898593096263
-84.2300599829893
10.0056971435914
20.0975981321120
46.3900948710344
0.454386268343717
7.63959240890732
-42.2029383413098
7.59979700875483
8.83389147898771
-6.83381538708625
7.92551347457500
10.7160805754831
93.0336533315784
5.22371203766272
20.6413761225787
-99.6322756457206
6.67976893687729
16.4799038369020
4.58981315039617
2.59004250749419
4.04148188687255
80.2131073829377
0.404104967017073
20.8203122563468
81.7380733642746
11.4584075803143
21.8272532168296
-91.2647578904704
8.30691670750103
3.15979409453125
-5.60166387938947
4.26726683347875
2.58532940019754
-73.5433887290474
6.62191713105427
17.2858815449193
26.2206463838961
2.68524494601097
1.40613056936657
77.6472648846622
3.91692549856996
9.51358713163321
53.5774475577919
12.1323498192422
6.94453639113761
-77.5321496171332
13.4046202498393
11.7429674847355
-89.3035939574625
7.64074175254136
23.7643874127039
-41.4124227818085
4.60879087152828
12.5844010750090
69.0170608152845
12.1259964411577
17.4833421163685
37.5350572037876
11.7395743897527
19.7000743956954
87.4244580040620
1.04757857022666
3.44742697293385
-41.3996472659395
15.8372062770747
7.92319561277963
-98.9280580784310
0.634881625737357
23.3100749692192
42.5129255992523
12.4465993978057
18.2003463468529
-40.3817047201705
15.5720425183380
21.8040954844878
-16.3782417942151
6.64204212889796
2.26727007413828
-36.1543270066993
4.97242951426163
8.15386629614596
7.41662549867674
9.66407954236836
4.91516633056224
1.66297098429224
2.15603237900894
11.5105567768376
45.7621432558818
2.91591866441266
5.18158782625665
-41.8645020179974
7.27577881558240
3.64230009225569
30.8803108805534
5.20032994459968
20.0813593039373
10.5534260351553
7.62903743806339
11.6495264253980
-3.99702751934130
0.730801732704453
23.9500852695928
-45.1203725018173
0.404076260197179
22.6750325326275
47.5136836741507
1.41510766177562
8.30223141125436
64.5367279392043
11.7749263744928
11.6709635340609
-45.7605953870907
12.8474170001287
22.7112043352544
2.48726692342134
3.18562188420808
5.04069979952062
-99.9720903618429
14.6825938797817
17.3314875564072
-27.2058499569361
14.3616944771392
7.87762669461448
-39.6043828806904
9.33878091134085
18.0165608787032
-12.6939498826613
10.8947252208677
9.35553868283995
-10.5126373365136
13.3568347031703
18.4243844948747
-30.3649069617639
12.0774406554960
1.61311814437301
-51.5484026627743
9.25094561242511
16.5348754067447
73.7381402980743
6.39929279946342
11.2897664830875
61.8939818194132
0.681955222079294
13.1096577634389
84.4215150439399
0.792424773482543
20.6570012484428
-52.8373343804759
4.85285308553212
24.5473927727255
-15.2917830822406
11.7666503661125
12.3402729134602
85.0381163876965
4.88288773556299
15.3919487865044
-91.5405481164334
5.66272308054851
9.78448220612018
-7.68310171431426
8.92718484943253
10.8238904932841
-14.4661688525643
3.06765560495192
8.05771418687161
95.2409458006882
9.41352501138111
16.5416679220213
41.6032681051527
0.684703522431184
16.5480953663748
82.9968158179100
12.8121215151250
12.9381852474721
21.1209387871177
5.84866167340958
11.3255576013620
51.1116154878635
3.92333520538625
11.5388631174078
-29.9950570064182
8.96730090693279
12.0945859565972
44.0790889886439
9.98796924191963
23.9201563690178
-63.2640899989728
4.83801490002666
24.8782910278876
90.8536537253673
7.56108413039867
6.56680363710622
43.4247036500217
9.40629965713643
19.4459809350615
-19.9979967388163
13.9342439906378
23.2455717224739
51.0541525664534
2.72055450463035
5.04004946344477
-72.0613122434290
7.74516013543846
24.8509910401291
-80.5756437192614
8.49140934394587
19.6817070546464
-61.1915508331312
13.3658698633688
13.2189225317484
-8.86105046468779
14.5530312170699
16.6456591314630
-60.1173888771851
0.0235660298883023
3.13744949290818
59.2408105714733
3.42895602759397
3.67709738250771
13.3677548779853
4.15992038506175
20.3129965957160
-97.3044988765537
10.3273316334772
13.5658733288140
43.1348719422287
15.3029278791706
21.6018302874997
-58.5950113875833
12.9566103227768
3.51579765060626
-76.3043611732652
9.79178497010112
1.92794230525486
-1.67571714778376
5.29652961285034
4.51637411495131
-23.8074992574221
6.57843917004140
5.20013365251383
-31.0535203842419
9.35981488553847
14.4811401979507
15.2021629411206
5.65708322353149
20.8951562075444
-55.9679413526479
6.37319726540174
1.01442761536621
40.9774653283463
0.0392758700853850
5.12034461291936
-46.0864377566602
10.8047447721267
13.2906085348339
91.6525384250444
14.7949566178207
13.5657087428052
42.2258991996407
15.8841237520386
24.7667503255091
-99.3441290046457
3.74385098814987
24.8880331802141
-27.7628523685505
13.9830030650532
6.59684837515720
-84.1606496430383
11.2229913090061
7.62213458832182
-46.2092129815768
1.44337222171647
7.83445667791227
-40.7434884743355
0.743771849053875
15.8610334138749
-38.8451241984797
13.9502157334970
6.23690449249204
-77.2621397290575
15.2612105997973
12.2483852052782
89.9471295688868
15.3952562312582
9.16937253457124
55.4681337672858
2.02153689601405
0.982546661954615
36.1963143280026
11.7932879757439
9.99591367510039
5.42298504757177
15.6092858554131
15.3757781533699
56.9951447994948
5.86841239480555
16.4079660688760
2.77350941876608
8.14359652820694
5.15484892216016
-59.1279778851454
5.04709229450623
19.6843155553764
-3.36962336983366
2.03897482836434
6.87975696237530
-81.1686216990645
13.0835871868167
12.4811861062717
-72.1021163594171
11.9285026215560
3.54531274046137
7.49644773786085
9.54312175999960
11.9056672649486
-99.8753636935237
9.20900290572670
24.2036923510933
-13.9252691283626
4.17367745677397
6.46857911738895
-88.5866140226892
1.03047613893045
11.5144536630568
24.8839327186460
6.98945534255202
16.4815680928890
39.9063038835074
8.84010676974530
10.4996180781457
68.1869581889991
10.3817401211104
8.21780629405407
-20.8131747736570
6.91794495444127
20.9806927935250
-92.0801215329456
6.66857370071882
13.1965888543269
1.42194159199260
0.827784830274725
24.0800160764923
-5.02307841898912
2.55698819417843
24.3402631488375
23.1631406980758
12.5325388309294
2.73387531580812
79.2185341965424
2.36555378891590
15.9362313899645
43.6319809046351
14.5464093080612
21.0483925099165
93.6387080814962
9.46294859707613
20.3130543320211
5.50592808579771
14.1847068813942
11.8470157834828
95.2316778950593
0.858317123962831
6.00083568069524
89.8296542482649
7.46081395085814
2.82132114322496
-32.7782541693767
1.79339031688981
5.31801761851873
49.5063944700771
14.4116481807482
19.1416356999927
22.0180006290953
15.2483368719887
8.56817784585124
48.2103381275899
13.0032729274936
4.09151691308275
6.43965594100984
5.31021762968925
11.2813692859644
48.6945171823239
4.33972461767847
6.80508864289431
-91.6492978698706
0.819815378940179
12.6993437089229
22.6526576099219
14.2285139429875
22.5908157924131
-80.0015903074006
15.7653208180537
11.0861635209494
-49.3938433946800
5.82975950580934
20.6506065074077
49.7856092028966
10.3412922698097
0.525549951528292
-70.3449044709347
0.462038187654686
1.16040027909253
-42.8272624556545
3.68516450370080
16.3368896667010
-91.8465152547897
11.5314607706333
21.1981360196173
32.0240894370361
14.7903144902649
8.25897100225897
1.97154031613034
9.07964977032750
19.8392314094622
8.06071644919086
13.4203185918305
6.28691939400178
18.7016372927912
14.8419172801243
8.88553821960187
36.6387712102630
4.02551933824995
23.7429630128109
-34.9578692614227
0.533294346340387
12.0718117030267
74.4824330437117
11.5534963983913
4.23385084197349
-98.1648687152902
0.760232152640073
24.2297415863346
63.9166748350122
8.86934767193869
20.3154578798111
18.8026451762299
0.909774919735133
15.7617219890204
96.7804673908923
14.3801023789219
2.40301879367841
-43.1526381189936
8.36838425665165
19.9019725496784
13.0893555184739
11.5679318990037
19.2709388972579
-87.3339895316702
2.22647856789708
10.0199830396745
-37.6051501548511
4.18784744868828
3.92535474272856
-88.0526328513161
4.06624742217764
5.99169479970719
-58.1071862537798
12.6717440307014
9.35065632916168
26.3951748190070
14.3085036869231
8.55770306129865
49.7544206696694
7.57002913540546
6.17461307696835
0.770035816821935
9.58739215146984
6.74462357375382
-87.6610265934965
6.97170152648223
5.65522416613596
66.0219749253235
7.60226525732035
0.672843662959776
-31.6906502864775
2.53190399879939
2.28933164221706
-63.5658627929093
4.71242879644286
2.15478160456549
-29.9691957896799
9.51996655160691
23.4708218729183
-72.8473759409415
12.9398305565905
15.0014335724452
-90.1134593322472
14.9160628473383
16.6533590114578
2.02881174429959
9.42226788041312
19.1846098552101
59.5108164097238
14.0527249950834
16.8370190762046
-51.1820279112610
4.63664714395249
14.4517546974707
-94.1358304212884
6.94447612271800
12.3306707944681
-94.0642821186015
7.62811795380943
6.81220489076197
-97.2174332925530
8.12042498934178
16.2601687872893
25.5610288522248
8.35061018227114
9.55533833030448
-60.5101034909100
15.9663744360875
5.29863005233143
59.6862934638054
13.9217698523333
0.296557798044789
-37.6888396520232
2.07977302825634
24.1247401310920
20.0303471718619
3.62281850932298
15.4022410349297
-92.4008593256622
7.56358995780709
19.4565395144113
17.9912833873792
1.95907324065785
11.3582374963331
96.3674742262690
3.25358115286241
10.9030506841793
-90.6807986581320
7.56260939180109
22.3332094513023
-79.5765313550785
12.0282615555752
16.6900088010907
27.6028348813157
11.1141626346134
1.32269046104250
-37.0710244977345
1.60990496706634
16.9838801818927
-60.9015562492134
6.10390333386168
24.9775377529865
-42.9624689714522
6.97637062798972
3.86938491532259
-33.7118000595744
3.96008071624408
16.2500309534919
43.9969444654399
9.65646607612381
10.5987641679373
-86.0502223882293
14.4487197114214
8.57519466654005
0.584808099414458
8.37785598010225
24.9358820146103
-84.1461029921486
14.5432077985322
12.4701593421864
-9.10408567894312
13.4877208206804
19.7199113607505
41.7027155320808
4.16872313498281
9.21107920127335
44.8363992462253
15.0029516021505
19.4927829231084
-48.2850866689032
3.94458146736557
4.72696909824239
9.13411340560149
8.42951012167049
7.45341378817598
95.8767048815335
1.28261929098137
15.3892922026181
-28.0230970223965
3.68396322866873
5.74420032560032
66.8138595714512
7.43226257286224
12.4779396338401
-80.9711443562744
14.0753718702832
15.0908707118979
99.5331030095265
15.5188666113851
0.511400765984893
48.1965473763448
6.38513636029702
6.72765882013920
91.2247186057481
14.4229656066973
17.4878855737203
96.3716546496798
0.879429944801458
12.0637477638827
-27.4402241364773
4.97891158718612
13.1801878834904
-43.7219447563009
13.7007680135737
23.6903735772625
51.1483626993356
13.7300050011833
15.6194667724806
-2.91658770161818
9.34815948934487
22.3715660242940
71.3407296468180
3.81729387094505
22.2370999291919
-42.9731862842747
8.98256318274280
12.9714767469492
-68.8855784740437
15.4247438399696
1.15393424740996
-97.6763771617056
9.54233413616326
6.60653876665464
20.1910449916322
15.1206557023137
22.5985880306966
36.2730003539157
9.08544004831458
8.82801868703939
98.2799705911377
2.90352008076786
8.03965001660258
61.1423548814269
10.7995630290473
21.3900866131172
-41.4450263734388
7.65353054924562
13.2266632542379
-26.4333307620751
1.88220236098560
1.92096941765435
-36.3162435223758
14.5781712060124
24.9324995238405
-63.7332179784026
12.6163303936604
3.94653620989038
-34.9050346601617
8.67923151077807
8.48491650379690
-60.0630543968367
11.9017622778045
4.58917216867496
5.49620045380796
14.7474386332288
23.9435095403642
-98.0476931042721
10.6509472130230
22.9725690326315
-70.8282909627364
7.89774055772051
23.3829605959560
14.9267289814723
2.39585770797985
10.1354532729891
-92.2255519168387
3.84060619488411
6.31767905939337
10.7528768463091
15.5875877255023
22.0410135672187
72.3246577860825
14.4537280062053
5.55165185701820
38.4165779186235
11.4480594125327
11.1147941569898
96.8516918566921
2.98584831840991
9.26729627635056
-28.4765086873691
4.06862920969460
9.61571134122168
-11.9391837513433
8.10156495330079
4.79709168462351
54.2052058947910
10.6286024409464
6.48001874093653
-14.2628850986150
10.5853422750561
23.8565639083123
-49.9338521847940
14.8816156162689
9.18999587000341
-63.0908168466477
12.4639671711283
0.0626236665265729
-5.93421721159690
4.53473876863418
24.4803809329580
-62.5863204863366
0.673563874615363
2.90274975733873
89.6783032438781
13.8170938525797
7.50734448331392
11.6876240697117
15.0881458797473
1.12920762109562
-6.28021316904475
1.19641250263475
14.3747185475671
-60.7912780348487
4.53249382641374
8.98303280238088
47.6475274262443
0.906329689087036
15.6356390578642
33.9303031133069
3.32704472026261
17.5272644847208
5.29105418458882
7.60461755924552
22.1728127383235
51.5360908623561
8.41560981795673
4.16881384604236
-51.1743278694545
3.40300539183248
0.412931713740806
84.0843858660580
2.88026104773825
24.7112508787598
-40.7410102425944
11.8090189857113
23.5236536618754
76.4660116583898
8.71424773173245
9.10340843904397
66.4172573438800
0.615091252299708
18.7923215739341
2.08280289766138
2.13021345616138
0.540022960988832
-34.6236156557940
1.26832065765289
21.7752506309640
-9.00565970559877
14.0011079822985
18.3984512773426
75.7749443370981
13.5392243339772
17.1830563955883
-35.8883041795123
7.98421430673027
14.8657739734582
-63.2699156875316
13.8309531340347
16.5987636167840
36.5588324182701
8.03960772317514
13.6323081290852
72.6504119004072
8.92423820677130
14.3591795947365
7.04305685296449
8.04582936298941
22.6295738968694
-89.3009113928022
13.6556029846990
1.07781993114293
-98.4910670299029
3.46080733240309
7.71117282903871
-53.3787740169645
5.14806443089599
18.2481044890798
-57.9738540491281
10.6965925976718
10.7704110595609
-47.4359537350626
6.75294625283047
18.5761362340910
-77.8784703552473
8.63216284866106
3.35505258669377
-52.1343546344724
10.6586857924967
24.9186118905963
-20.7685945049714
8.18268602087640
13.7516246798596
55.7410608643505
11.6575690616698
18.3178169547786
10.2929674429020
13.6703153274765
12.6714088691916
-5.83905702457537
14.4860255028555
14.3699644499472
-71.2304257424936
0.0503780637943727
1.58114765635486
-40.3029772087917
7.41072119613332
22.9881227469928
-87.1789485953526
8.58480098761798
16.5241774816871
57.7253359610890
3.73635941514604
5.31584158062559
-35.4432930742203
4.50295738835876
16.7731909833491
-5.60037965972082
2.70962175102776
19.7382277722080
38.7801986176130
2.49850390365144
2.12523488917135
-63.9019278149323
6.75286838509780
13.0423036873011
-78.9842269620440
3.80736946203118
15.3795544666880
42.9812304802252
13.9495644260026
18.3785302193377
-69.0946906634860
4.67074675143220
14.3844565953559
3.42966221873557
1.95589609486061
3.04842803200404
4.91177207936375
13.1799668485252
8.46540488690650
-17.1982695551161
2.41682743374462
13.5825298671249
-74.9607283687302
4.32058173928324
9.40829528299886
8.95292376969019
6.93756181307252
17.2956266191409
-80.3177924889002
15.3922602429609
23.8232980091146
90.9747520233640
12.7436547530570
24.8158102357865
79.6008250306096
9.70725920442463
18.9742611367581
-55.8207470483698
9.48475025398098
13.8650178760120
-82.2927292321307
10.2231969763688
2.32451085196019
37.3979692016825
12.9425825127299
23.7020458814909
28.9765831696889
14.6844967903241
16.5916605643835
8.96331987606185
14.3700106196679
21.0112389174129
-46.9434694470899
2.79732933014780
24.3282740915386
-99.4974210540095
2.57684192576122
4.33538568941023
16.0828350307340
0.536454198357854
22.9978160141299
26.5094550366898
5.41481377792666
20.8818653171370
15.2793039304574
11.8785032912366
7.14354341683857
12.8521349605537
0.566298382695276
12.6712961054970
28.7255132925188
5.57389298008044
16.9108031720708
-0.813614152636655
12.3929127023313
6.17384178732879
-82.1731137918435
7.79909886392000
17.6429058765078
5.32167738144620
1.51169693020405
3.21031221416720
-45.4011611913073
1.62561579435555
1.88271463090983
90.1276462420254
11.3421022915870
13.4608681676873
-85.6517926541324
1.54972895623156
16.9525152010353
-61.5497230932128
10.8314152151483
17.3930224334073
57.7589080183858
2.70392110063638
2.25867418425413
-81.1160579633674
12.7536355705296
8.43646707899453
-32.2409920129527
3.33334087823454
20.4099065049974
26.0069283621732
10.4202687758275
15.2297617220068
-63.8624514969489
6.35977666688033
5.05306997701094
41.6838736231822
7.66200576123398
23.2745521938312
-4.80402077281452
8.67380059096930
4.02805850545020
60.4332849239137
10.5568945595678
8.29359150824617
-79.3351089325560
3.11407192331314
0.00881301841234894
27.6356006970110
4.97069024208500
23.7923679144472
-87.4076597795094
3.32921892606906
12.3255505206054
59.4121094511129
0.745944386226723
24.4523243958109
-30.2631914722890
12.7954542509226
13.6341919137967
41.8201629636285
13.1668988987482
16.3166618384798
-64.6359317001138
11.8876421988317
7.08890543565623
82.7549417790627
7.84547631307973
21.4665687109324
-25.5515199454632
9.12365821305686
2.81641242139165
80.5457734016898
5.89444696166811
17.3701798228115
-47.3326871806316
13.3655690304424
10.2942904647517
-55.1411466762266
14.3956334354250
7.55282656714572
-15.4650071753832
10.5820624164145
4.47087073428044
19.2656856983778
12.4631010492551
18.8557635803635
-61.8364070115658
0.0450425553457112
10.2198936195285
-85.8227074181469
13.9203137435068
18.6614818768017
31.6793054886197
1.09614660731926
22.0463841914378
54.1298366420110
9.17259039278269
15.0150466814165
28.7477565091350
9.47208406577333
12.7392004415166
26.1424624233283
13.1273442609228
15.9910553672006
-4.99616327958692
9.81623087549261
6.12173751305246
55.7805024339006
8.60531629737954
2.30855812597964
-88.3733303525266
8.57449703583585
23.0165246956568
-93.1380187175809
15.5723930049319
2.95742433000924
-92.8641997890922
2.09834094486414
4.22733365669175
-74.5126205613558
9.11513119695060
21.2136650847426
10.0011396641716
6.86960859014674
17.1254933283129
45.1811276488302
1.14336602945508
23.0989237874547
-77.6434304352524
4.66063783125746
15.8923944073080
79.5709179975378
14.6964069588170
13.5899900707220
95.4931347250824
1.63337142480805
21.6683640622288
47.2862827691020
9.94308995114559
8.90691698789079
-78.4261342919639
7.39892139595684
17.2639124387454
33.0374343282986
15.4583911094879
16.6205690665830
65.3758558924161
15.8452031308065
4.11367595180789
53.5953124720396
13.2980826027422
24.2269675121419
86.3713592034741
7.97279663903071
12.1081904595183
91.0429593160431
13.5801627874298
6.03367390618970
-57.7327863129016
14.0750683481507
12.2585284909674
37.8714394452526
8.07691204074057
21.7004408132012
85.1117741386390
8.47752852376143
20.3277532845402
-64.1163416347468
2.63014096309151
7.95905794949963
-15.5745417798116
10.4234780385810
23.4090050626883
56.4422914189723
3.22028216474729
16.0402908398555
23.5170302838405
15.1008025993131
12.8286686583282
69.1928412798848
15.8838410372574
3.47224726672865
81.2392947582195
14.5076494503020
15.6219736998616
-33.9739049100084
8.16435331178370
3.02705081734348
16.5283065150022
5.47284822371490
21.0996189726627
-83.5266068101933
13.3716580010069
13.8133597304587
48.6749337992221
1.33046090133723
18.9716443980646
66.8285354476186
1.50306240748407
18.0034992457373
75.5629996295951
9.94786951765197
3.74724624714572
86.0050040114163
2.20902122213725
16.3691172098342
-40.8200535671239
15.7617717378781
13.7050341942524
-76.6075669805856
1.27539205730915
1.10023714674110
-50.0468237650081
9.19368109985730
6.75008517250897
53.0866858943016
10.3575560109775
13.5559944487774
2.14257574057413
7.75350433708696
6.47617559729499
39.6165396504806
13.6672385798636
11.5690099782701
-44.6552898025361
6.18416314569117
12.2908783781259
-86.5939330101769
1.01999086432983
16.3096297339753
86.9389914084877
2.98732608504412
9.17653591304999
-68.9189918602560
6.09504167906725
10.9051190836807
35.8434682771336
11.9777257784433
10.5509639218178
7.09629747420015
3.37203996928540
19.1582948970098
92.5757115504807
7.11420484336312
23.9927050913563
-22.1921035396059
3.16817236409253
17.6688655508648
69.2051228366567
4.63756880953527
19.0261082190260
-80.6490899978611
14.0111715419971
19.6342435586839
-38.3106458455514
9.45412106634655
2.93270053079316
-46.8547222131697
3.41249486473475
21.3902592850177
-40.3055760016857
7.74675507179021
17.3350883436751
-56.7529221221164
11.3214127542673
24.8030662788099
7.48371725802799
4.36784134658376
22.0079650289140
27.9058634522486
12.1385376366289
21.8599878838399
93.7698115801734
8.64319385386380
23.9355726642054
-68.8380361305001
1.95371331365337
8.67515400318636
86.3660678813392
2.09689794208301
8.60882753716258
87.9601975849808
7.93008774040756
22.1160075042777
99.4937321717713
0.390614151150563
12.5863755648611
-2.21278087247023
3.56670452395056
20.4403963403367
0.741649702427916
5.70224855945443
21.0953715318044
76.7526811288005
2.61593491196294
15.1376061701679
38.8172060216959
12.1391994817061
22.2014715957947
-75.4020766002323
13.2787717472184
2.80564249785764
46.1436210732210
1.69204459209631
21.5294304301936
63.9400921974607
5.52659614098646
5.05956363060049
35.4503322127689
0.139421287656971
10.9387598845715
-49.8938523873155
9.96841362389658
24.7414632777455
71.9279706458080
3.43704109278538
16.5608341471459
-38.5276748491117
2.08489939392410
4.72663508782389
72.0132198675264
13.8360802677260
24.5035839349064
98.8521186487789
3.02240007038332
13.7612982929101
-15.6133301578855
1.69902625019148
11.1527557273200
94.2231592401607
7.88696172886230
17.1044043744994
75.7447315876333
11.6868263378952
12.8704069827859
-14.8550967150509
13.9218089617194
18.9630700112519
86.1667415893428
5.85303194743969
17.9842038336672
-88.5923555406329
9.20230311791488
16.1699840526121
44.1620928345955
4.00234947778434
2.20070846409692
-24.6421217494305
14.0767211000693
14.7017264882506
-74.1842563181211
0.697225158551833
7.12997389049052
-41.8498795231526
9.57484597188317
7.23897706316445
40.9914254499087
3.90024694575153
11.4734045232984
-28.2054415984940
13.7247939837619
1.28121775380492
-76.6027938983885
12.4280900735889
1.62842256155476
-75.8732914114743
6.12988743769657
24.3968165584361
36.2855311980438
8.98177148896427
22.0474526656619
-78.3226392784806
1.40606437794651
21.0158134838691
35.2967429117260
9.43781401712841
22.5932160555505
-10.9528198365724
6.08548824587302
9.33803835755530
-27.9245654734365
0.890412305199449
17.9826232175668
-68.8352302281142
6.56936514561806
24.5844302250886
-7.10202080276901
8.13463271209613
0.216998665700915
-32.7753964504612
1.77179126962136
11.3074762509570
-72.7327527806196
2.55110094248451
7.35187919693929
0.980244232974137
13.4230145554626
15.3309287988926
-88.5391951170890
12.5903683655322
11.0891675419522
65.4978846538769
6.27804187131236
22.0237807839769
3.80129272670520
13.1263939377812
9.40702309650447
-60.1026450360272
13.0169604796691
17.9020702018442
29.0153919968495
11.6775327124151
11.8273111642691
-97.1223786240783
8.66307466283348
6.82332518395498
-3.58338238881566
0.424559773315600
17.0843490423906
-30.8610992488722
6.80809919936487
8.19502182035551
-61.9975564670372
12.5580587829942
21.7151227000795
6.84723099986420
8.10235921864275
18.3584917840405
-57.3679451066807
9.84603115790751
14.7253538232530
-95.2886189245928
7.42176523450123
17.1086030738702
-47.7420078229375
9.75774237099855
21.5361143908687
71.7650228550515
11.0064868086308
1.26606003840402
-47.0340810182328
3.96410800839413
1.17494464066835
41.8767180135265
8.52619641263397
22.5392261952852
48.4494687728587
7.07155416861932
1.79596162155927
-37.0416030873656
9.67483072228727
9.35258001764909
45.8798848520213
15.6485717102441
2.83564445887819
-10.9770700437956
3.26887422495818
17.3130521994155
60.7759671598229
11.2874746548010
23.1384580870306
36.6025546515412
6.59959111145315
7.04197227057694
-1.30163856570744
11.8990287973059
14.3205506222257
-50.0655078326736
10.7114553307905
9.84026106774865
92.8314933640799
2.87063074143901
11.3714660497980
-11.9658363038243
7.73087423136410
22.1593784829990
-17.8890325112062
13.7302934756674
21.8253350754808
-37.4577303231016
7.50243619693586
23.1958323101830
-27.7160770630760
6.67964987606842
8.90563640341448
4.03864925874069
10.6824936171836
21.4252416812575
-78.1708317536719
9.76437060525042
1.42279089127823
-60.3035629854237
15.9156932782562
1.84126151754383
-12.3425644659569
5.90215293808396
21.7580256174743
-40.2606597845656
13.6963681642190
21.6483634049838
11.6609452916594
12.7429007103992
16.0706110119091
-81.9140583723029
2.97122273465045
16.1395538892918
-4.68545495995343
5.73456197282737
8.78418943343601
-82.6613692935866
1.60133725402374
1.66744202192663
-7.36964036378378
15.0168497546631
8.06200682928198
13.1950471874237
1.14019893385909
24.0001731848347
-28.2567707370795
5.81607169630117
20.3788648767516
25.9922421899708
12.9936089286701
11.8969890514487
-18.2813901805267
1.26680430359711
24.3440405482746
29.6037015551121
4.56421226862904
5.54336165023570
23.9852874110204
11.3823301482508
5.11883102293252
80.4097030204221
9.67983025453146
3.48067588279318
93.9247530690299
15.7981506911201
14.8432718587093
-13.9081452089670
11.6719000129712
6.97661645048394
94.9436615298741
11.4769752880436
13.9925124249543
3.83678532463716
10.6942637140258
15.6981696597354
14.7656709763279
9.53961226866027
13.0541344453514
53.6087254199803
3.56548970730192
21.6752260555817
-91.8738496232053
2.91145784563672
13.7934720196861
-89.1584551179650
0.746654460837172
24.6444518814340
-15.9109263697063
9.91981036078915
19.0754640661718
-39.7769854492076
7.85729028416925
18.1485253277109
-65.5910655187228
9.72503130954505
23.0692563132413
-94.3207209036020
14.3000076896747
21.8339536279594
-50.0156986344258
13.9463098998006
5.42569605570987
26.9857277229565
14.7983619054541
16.7318665787853
-80.7136766880987
6.42251249257649
1.73917565633004
47.9773940975394
1.56937595200355
2.30413781408884
-50.9052639399933
11.3647656226812
23.3741264564703
32.4622801571255
14.9324354840405
15.3664149987226
-37.2556261152188
2.83887699201206
17.5949379966508
-50.1155743721958
9.39819102187412
24.0582452678419
-54.8953766003675
15.2489426430006
20.2792542715569
6.89638071251091
10.1888518553723
17.0528927326601
-1.89778972052188
14.0663876694589
8.75103995315747
-40.9989350468509
0.376492894425610
19.6767486375177
-57.2489074334196
1.33588731356286
13.6072122814538
-21.1942994503275
11.8427925539914
5.95744438726143
56.7461140986791
13.1318653711310
1.52237121234077
4.84526972438368
4.45184907091774
17.2663741185651
21.9126209119024
2.64537810084329
23.1086543941795
-12.4217344554441
1.66286335340960
3.69527722817259
39.8397291833653
15.6224150258254
18.1747835789216
-11.8488345385702
0.620678625094080
11.5030385777041
58.2879203369658
14.1231179765797
6.72097110939746
-57.9912258917904
15.3210641449460
19.4923901469230
63.3339582417472
5.62698895793297
13.7847771974219
-25.9895471108601
4.29983458730527
16.9531408707091
7.17594350061281
15.3219704339862
18.3159020580897
-63.5481262284675
14.1366546662259
8.42086412539646
55.0388577515194
6.74881024025014
3.28202965538033
43.5761384207569
10.3066225596716
2.10162778176785
69.2478289381464
1.04111184887200
19.6538631984348
-20.3053564067843
6.72387517381733
12.9597545977110
22.5199630517676
7.09463632298134
19.6717881651897
-7.89329642893679
1.97331262392663
22.8880213603231
-40.5907969061184
6.34119850359428
20.1493922593432
-55.1592641205669
9.19997902494031
2.91944587368195
62.9344024781252
9.04177094972502
24.0716308386778
-79.2240012694245
4.85370540794781
0.420559708941926
-81.0538614039460
3.83745523461258
2.24916554576572
26.8239418264618
6.89513901025943
22.5983907818895
53.7252830668339
8.57555509978679
16.0431950375073
89.9195467859788
9.34193331065361
7.95643829953356
79.2937247988907
10.0187072626304
16.3238186151032
15.7814691992370
11.4443678619132
15.8360483138559
26.4129446274009
7.97881717292498
4.27807433931664
-52.1176606046173
4.42993357287577
17.9144761471272
-7.66493748309038
5.81300533579164
17.0625815177116
-34.9911008017619
4.90043612813844
4.50293604386993
63.9433876799581
8.19229171880247
2.42513677122186
-30.3396022144826
3.19594911299267
4.64433663356038
-42.7756275593729
1.38322282659755
22.0688784996140
18.3652280062303
12.5920586438386
6.71799029811302
-55.7724413726295
7.90800206345212
23.3119836734684
61.9994915262744
8.94395843479835
7.44891043550733
-87.4027224382622
6.29900368460098
19.7628773121537
-78.0728283994086
15.7619874083703
5.70581835292119
-71.4490215418716
11.2662362902235
20.7040073156159
33.3692273180981
4.34772288304837
24.3139083452053
-76.9045381168342
0.0674986058287743
5.88325262021941
-85.2215951201016
10.5234189579561
23.8712228845118
-74.8882235104151
7.68050304849867
4.59121376876862
-2.89308718774322
14.2306492163399
18.4849229294345
-60.5437668269151
1.41293488153816
5.20318252897714
37.5340662952342
15.2163194615568
16.6429068894081
82.7498918849271
1.43082833697962
13.0269998850661
-33.8242020070517
9.04394627723451
19.9379290975102
76.5310250677788
4.91266310736893
10.0491838029929
74.8613861324063
1.76323754487595
24.0064125017886
-80.5714991077105
0.109293385091485
11.2299484111964
-3.43201346753970
1.38644260500182
17.4205532041994
-97.8399064206355
11.9528065971232
1.37168632704503
-5.67131642633194
0.795291093860879
12.7143039851259
-3.49119218475786
2.97438128462913
15.8622169031710
-97.3166948382676
5.36436343829330
7.43553747797486
-76.6550038125731
2.40793263634596
12.4201681502944
95.3312320557137
0.615482017019961
21.5709678065954
21.9628869733784
4.85147197868809
10.2371938900625
-85.6630152938355
1.75162896268353
12.0546084264894
56.7219946022908
14.8164745041729
19.9735199267018
17.3870856144186
12.6130734149918
1.27567371173589
-35.9958829507580
1.44676344795856
12.8737004092666
-72.0635619033561
13.9264902841833
15.4700542573744
36.5397388006211
8.41721831799509
15.6557963544536
-47.6893904205792
6.16042621076817
13.3411239405103
42.9673802976741
7.91301900140248
22.4029388313029
89.0395577873272
3.86170441099737
9.49977947791301
-57.4768914975685
9.24422609791974
9.18900539010200
54.3137765096430
13.6166379452821
2.85286458016105
5.45653049375685
1.79583481165584
23.7120508662671
-35.5936399621977
12.9359247969930
23.0471276143563
68.7933529952053
11.6619218333972
11.2906986590093
18.7067836560597
2.51405041495248
6.05749288748309
-77.6127977724753
10.4869327211806
12.6705184012991
53.8130516144610
0.916848649011865
21.9760110544114
-50.7477968825721
4.93591739608376
10.3721242854532
-11.0514116075660
5.66725111407807
17.8885345143828
-35.2759058170186
0.484383284945128
10.9015906177084
-99.1858258380399
6.32354652100485
16.1853788981745
-88.3137553771884
2.36343921564512
8.94405159726492
-88.4583646408931
2.56802050948466
3.37920979604180
-79.1399554642541
14.4994291681741
12.9348112072937
-26.7465612058469
11.9657532008469
9.63283447371468
-99.7820450919768
8.20700828443494
17.7829370679770
49.0295050309443
15.2056804041670
21.0067875384815
-14.5986537513503
11.5739650323368
12.8243194747383
-54.6453303934256
2.62897986622132
3.71826863840294
32.7633879912287
2.96506949307690
1.17967664872006
47.3465004160170
3.24460672537071
21.9038283503891
-60.3489102135447
0.660520546918384
15.7200626314719
-74.7482954179574
14.9399296177479
16.2228751677372
98.5233793850079
1.50420224136055
16.6775637539923
-65.3000708049926
15.3981424800268
1.72697720210052
-57.4635578713995
0.0163078704572683
10.9936307539915
5.79000021497063
9.69918718249984
8.79441736505138
-85.9696187006885
15.4366395370276
6.48505147649272
-36.9027765024621
11.0336214785577
1.16004604461905
-1.09322186234810
15.0494123901415
21.9897260277274
-25.2167288400782
7.94884460417259
8.50088203226304
13.7940655528453
9.65973124142230
5.14782082335911
-23.7071518673910
12.0098177869419
2.07074387900765
-20.9727301876718
7.84193924370166
11.0297649319271
-92.4639466689100
0.466785334413652
10.1756491333751
71.9289784950782
1.04273687951889
24.7358696804389
-83.1400247456086
14.2095672172179
3.64950315539268
21.2307875833343
5.75707738625324
21.0057103344951
-80.1805076370729
5.95123750700258
8.03926362789921
-29.0849237241205
1.99635303691884
12.7303845663885
88.4807905138498
12.1320116408860
7.86948780570385
58.6724267199046
2.57272774021618
0.197401301846584
-32.5837163874138
5.53367832019368
18.2589038811188
-98.7222274025475
4.11818109979185
3.25814668552238
-58.2544924486249
7.70913386062752
3.08813443647383
-63.9740907105539
10.2989967367908
23.1737008208746
53.9484447553021
8.44882540576775
12.8698355844183
-81.2691515430420
14.9002777862917
3.81098724272172
-23.5156483475205
4.22818567270594
22.2146634915047
90.4295871442599
9.81612947981263
9.94454188327311
65.3919565214033
11.6168306132183
7.15001141721615
5.52303459033396
3.31817462358099
9.36922688579532
28.0647548410250
6.35730834948088
7.68240404387975
-78.6982887216043
13.1666120427859
19.6546712541951
39.0993055772194
9.79064325415439
18.4636864199965
-42.0557555533413
8.07809592291086
11.4877910720467
-19.9878321329406
8.69865465940929
20.0474628450470
-91.2473585639737
7.87544915361438
12.9192129801349
-53.1693345732449
13.4467886626978
1.54853039410199
46.9542065360691
6.84204094545081
21.9668299775090
44.4853397917327
9.46105098241671
6.53649337946816
37.3855885138622
15.1350118486361
6.10587171857769
-32.1580145214374
5.15967699276369
0.0351087253171816
-0.517574493655326
2.01211198681473
17.4298051011278
-50.4576359644457
9.81581833321458
10.3645060868975
16.0325129594902
10.1450783173582
20.4867486657747
-55.9611770568170
6.26295369759818
3.72729871041105
11.4761062465804
2.97118536186252
1.59302984945852
-47.8393519619309
2.81167425824963
14.1712976207248
-91.9802154157546
13.0098452846451
8.76062108437980
-83.9482293813537
12.4421492211514
18.6709349083289
67.1561106684723
9.69819529409229
22.6348015306695
-24.2376538946178
4.95818058738251
2.12878349976864
-2.89861326979433
9.83892285737579
11.4774096391629
76.3743304041963
7.23021087458690
18.7584790818277
95.3037518155122
9.66115478570499
3.34713619465194
61.5943931847453
10.1149858436909
2.27630425990548
4.97719837410557
11.9756958531119
20.1954367238106
68.5574325230415
0.717416103532937
19.8509499129810
26.7735476334686
7.25614064714097
14.6072185536756
10.0979687069351
15.3383636680422
19.1312291459716
-0.524617549037365
6.46914041457373
13.2674151953346
-16.2979453802421
7.81849967221331
17.2101470239962
99.3865741647966
6.69794152484844
13.3200337625682
56.2814902659104
7.04786052676652
1.87837964708946
41.7580268437416
14.7966032522122
18.5324631034570
-38.7255084299812
4.92404971934603
18.0756055949173
-43.3278000635681
8.92414780654040
19.2452674271637
15.0445249050197
1.25113831435739
20.5186671386268
-72.4671801016055
15.2005726939401
22.2726566780990
51.0810704835366
1.95294897179500
1.38499614811443
-97.6275641818178
6.02146869733637
0.709013233174741
-95.6288302404928
14.7354556835840
2.13070053708598
-30.7475456784883
15.0216984910619
18.4937318435443
71.9751503444129
11.4113970999946
20.5326987535046
-17.1691147857522
7.78924363037605
4.52465882807675
46.9078556458758
5.67885053820780
20.8266593976222
-55.6342551339330
14.7780289051060
0.953929069611794
35.6557720622209
9.54232388728217
11.3402807705439
83.1155637812378
4.61114703763347
9.27738589112667
60.7990694334900
9.52070656294206
10.6491183317912
22.7476844340378
8.97450737698129
2.35950441268295
11.7394056431440
8.00419167132661
12.3137684789987
-25.4318624001902
7.38530097710753
11.2383405158584
50.5142937290702
8.20738056009148
17.9370425712067
-27.2807886747589
7.51378062486607
10.5882906617861
-84.4246062011922
9.01046156502015
17.1946249405034
-25.5485108006081
10.5896873749132
13.2300386849502
47.0518436687992
7.41148688217861
1.27585141278648
70.1219905380401
5.94349969675298
11.6663832530787
-41.4628155979864
2.71581867550259
24.0032646181345
32.2730338207556
14.7450176503699
16.8006425394841
91.8260607255033
3.17522026350298
21.2189021791733
17.8076096015946
4.39869189032310
20.3741855725844
-98.5692259896492
3.83013017151600
18.6784281267208
-38.4098681300397
12.5563040139131
20.4937884184236
-17.0907109090777
9.00499379999357
17.1435897316385
-29.2650592701550
15.2668573841389
1.94509251450107
93.9360030061749
5.94615008006185
5.15276615462683
69.3216144736537
0.871986404802952
19.5826711415421
-36.7495684709778
10.0060830795723
9.00712861377837
-26.1488603750684
7.44993687349099
17.7831604369522
-61.5950888720965
11.9321753163659
19.7969804406159
19.1763196570782
14.4192952593723
10.3942725859853
-4.20409824993959
13.4368310309437
0.101467115403953
-64.6034711132753
5.31722242407465
21.5244479342824
-90.8944375039888
4.76922820677898
24.5600173788244
-22.3213319376492
3.62755001756326
11.3109662321646
-95.6799644446585
0.287396117010832
20.6441294110111
37.2472545479527
14.3532586301798
10.5660350658000
22.4983227455895
11.6439311228539
11.7993853595967
0.0449791835784863
4.43284540527707
4.90398108330754
16.1439758363656
11.0302463058217
6.99189225856123
37.9410394032943
1.65871060174370
5.84184054268885
-94.6015316063630
15.1804710773178
9.97086296103076
-56.6600961216091
4.71139588963933
1.02249071430171
-72.6943749237879
4.82216165961131
4.63259355506312
34.4871208013692
8.02726285651132
3.92873936458803
-16.3578902792690
13.8721990792967
1.99466984727154
-76.8885534060959
15.6314267081277
6.89154651196388
38.7385179417850
3.48160447777772
1.97507104207903
27.1289849691017
15.9468720426444
17.9204152174496
55.6642077784106
10.8264458321195
4.16965526101773
81.1282875278640
4.60709203650087
14.6442109881039
31.5661172653661
14.8314351114643
21.1540889047030
-21.7047501025787
0.484482172884100
6.07485900384459
-23.8887572621161
1.49991939500318
10.0932779881498
-56.3392849328709
2.64119478785976
17.7134241987763
-26.4725372166032
8.38349314922849
19.8849666483570
-27.2879815674723
8.91435641563807
6.47407955351599
-23.6434171526900
15.8641098486305
15.6915573668637
49.9713835262504
6.22774620087193
14.9954161384706
-22.8207072406064
5.18348653386853
21.7803462486309
-70.4693355785948
2.45618680248738
18.2969279938808
-82.8259819390699
2.47636691909712
10.8418535905375
43.4527512328754
5.72939213828451
21.3131789505419
4.42686140457309
11.3791047865638
10.2465954586023
50.6530997609196
3.58531761403854
20.2603627136823
8.09762546094694
2.19491559508309
2.88362366327472
26.6406487848236
11.9392664094723
8.22167794336398
56.8665060631558
14.8090306434553
16.3055667281432
-74.9685365614346
15.9195964346699
19.4919874602726
19.2055913161061
9.18489157866322
16.8393265654966
33.7059589185596
10.2565973311181
7.36814534615561
19.3237906344085
8.93451221372511
12.3568730819325
-7.82850162456530
14.3909894757564
15.9696494306587
-5.33279199754948
0.327711892782306
11.1873279213792
-69.6893948356025
5.73269655854115
15.5744896194915
-12.8050630826823
2.32529562355899
7.10851224800810
-43.4908911158743
6.91870065020467
11.0658434396563
59.2733767121433
10.2394043867854
9.66671438695839
-73.2949434328143
0.0283165349909158
22.5680380118975
-49.8403944646697
8.12631042210088
22.2121405075482
-49.8929955779492
6.15950741349527
2.78793313094952
62.5398278784465
7.14818731885433
0.647748711530447
-73.0844681678414
2.01326839537475
16.6919379601596
75.4927037994832
4.00555847201013
3.22395639219599
-38.5027729368546
7.97570385329946
10.0528810953754
25.0781860952281
4.30329527049552
17.0283143965781
63.0229531934768
7.67391857879790
12.8313611602248
-21.4918159631093
3.40823564465666
13.4513415706345
39.9193014959125
10.1659667498602
18.9471157570978
32.9255247822086
10.2643276556566
21.1656999789904
20.9844612802026
15.9600773342454
22.7397166645644
-11.7934810875594
4.34996957449610
12.2829920668938
96.1958544252745
0.880482775914313
21.6835245250353
28.4712384145060
4.39222323865640
3.50812159804972
-99.4898679387027
15.0118272411830
6.49349953481088
-83.6087366747595
8.83842209938575
17.3323984017541
-57.7443745635971
8.76579134272979
24.7763762268486
82.4820591890523
12.0879448731650
0.903220725590437
42.2079701328384
9.57494300398746
2.24710929600432
-30.1943809403632
11.3513204706043
0.646597906202274
-48.8432520516137
3.51653173679853
17.2078844208945
57.9121162685553
6.73922586045002
15.0630165491499
-34.6571502659804
4.54869257926969
0.179494271496338
46.4696052628665
14.9162575170338
2.64171144444016
28.6167077809380
12.3797507576319
22.2643443078355
5.22898807027341
15.6279941461509
7.03027541636328
-45.9446658490535
1.38467266841264
24.0912197471510
-7.06413147528440
9.53540631496239
17.8295434317415
99.2888171367801
10.4702833455663
19.2763733483732
97.1547470431057
9.57896953191004
12.2136673711872
35.0126117913209
3.47679089063789
24.4337302497431
83.9077438223884
8.05937163926920
5.29972888479143
94.0687086487001
15.7728266019339
24.8201569571636
73.8145544058185
0.0893774108140875
19.0079723306759
-91.9948596793814
7.66084284858418
12.0353649063003
57.8314793451092
9.57291977713802
15.8046233449859
95.0904088162552
7.76569112992146
19.8148216080607
-56.0592912732260
14.6008372812559
16.2424826332313
-75.8234925371294
3.64849479503281
4.83960096794494
-68.0902342402282
5.17362268792026
11.3656636671769
-26.1186569782806
0.832703939220563
7.59920762084204
40.2198913246566
9.04437080412748
0.741689214816466
78.1776803620957
13.5996542974772
7.90083331791560
71.6900019019775
11.9649816412990
23.5798620001938
-38.0885453371925
7.71854379831840
6.00983028527288
39.5931269411296
7.55946611097982
14.3307606090014
64.0682635648369
4.42563014212469
22.8431904652679
22.4221444229646
9.08376598212892
5.12677659487576
-39.7464222053956
12.7824648421724
3.49910163380608
39.6159578088498
8.20602721526183
17.2267054207351
35.0447558753998
15.9279399038893
0.487309100549110
-50.1897167913475
10.8549937830420
17.2238969294020
-43.6520828954463
6.86894837602895
22.0443994513991
63.0544168407014
8.90219650904652
4.51181096046116
-23.7156825405305
3.88081208938316
4.20011014360316
-27.3637790946192
5.24666928351565
17.6482976273433
-56.8812705164019
13.3963042362103
11.0967873083533
-39.3438758914638
12.3331721826132
24.8874984657439
39.3576148037250
14.9983137572109
9.84097787667526
-19.6301845112913
14.3354610286756
21.0525638158596
17.3152181355285
14.6568435648453
11.1444803137741
56.9454175578676
13.6900205108425
1.00385503557393
99.5937715631569
15.6580857595153
7.09885041806469
-57.5002345752549
7.55891962448452
11.7219380893336
61.8288913537713
15.0204574697557
10.4888087399710
38.1113805225193
15.9197440610811
5.13643050713498
70.6522820652307
2.67855490778777
20.7337859325893
98.3624891515162
14.6820197299051
20.3852953209912
28.6796668630639
6.13212457711235
10.0786714748020
92.2879455341200
14.6441886615209
5.21566266583927
-15.0954544095893
0.556314683531834
3.01516975752553
49.1544160483045
12.0555749978412
11.4328237417668
97.1359210010157
2.80059590120790
23.8390944110505
-68.4730678704734
3.00431597492731
18.8221369365114
-74.1471362722093
2.27372800450731
24.7489404503515
55.7897026163186
12.6697696394465
0.351557582773147
44.2416297991299
1.68250914664479
13.2120070722934
-56.0927003078784
12.6315385669065
11.8697487483152
-55.1089683027112
3.46530543246016
23.7536117772607
14.1298377995355
6.02032226128744
15.9228501739957
-93.9259191750289
1.86306477937900
22.7231305935569
-1.89872807359488
0.0819543545553749
9.09061798589645
-53.6562622194188
14.6943238512093
24.7344506347807
-79.5956523378534
6.14631514044070
15.1612591834844
82.2552432782879
4.03005130904693
4.14954274927632
14.6019530188703
7.61550264380847
2.66580038073500
-77.6719472720551
5.26210637837611
24.8060408098272
33.2895764042092
4.90811782121085
6.55516599194615
-54.3702602325276
2.97076779650763
20.5955691142984
99.9818138748676
7.76949491356754
6.03815645698528
21.1783384921949
7.96156137008928
20.3870688158544
5.72934932522982
4.71794752133448
15.4232394651144
81.2885286898491
12.9474754296135
7.76080131814218
-70.9325845532026
11.5949144260820
0.505848532576781
7.30828282753473
2.73219231652539
15.7762623284692
10.5749366954518
4.94388274202053
24.5018168524150
-36.9782986140192
11.0103436180358
16.0848000903828
-36.9747442341193
5.65219074649456
20.3441583658805
52.6669065560537
2.17917119287365
16.4607757381648
-54.4395759598099
2.57918744453450
15.8330859273707
-18.3314453189643
11.2255688750917
14.6227656694530
85.8239417044132
15.4096688054200
1.07123747117646
7.89018370705332
13.5826445739257
14.0753399690416
-75.4060771091365
5.69114050500597
1.88056378731963
8.34128008881569
9.66442193442818
12.8110325606647
78.5174304242660
13.8113323340026
15.8143405743289
-18.0106586109500
13.1282656340648
24.5295617363187
-27.3849988044315
13.7076161061963
3.41651081903068
-73.3409076210031
7.66755673372329
13.7709788963966
79.9132409670129
11.0920058404836
4.56182373734803
-83.5416081697124
2.94711504584430
1.36903234436460
57.1099859415217
2.56060996161777
19.3894941136084
72.2125282699879
15.9188797413801
18.1753375485139
8.01951640880130
1.05791232680749
17.6337905724557
-19.3617175891838
15.8816966569606
6.29633245590470
-0.286456728628082
3.48268932769585
12.5397613380372
-24.2292866171456
14.1690212021464
10.2042815376945
93.8243803746887
5.39546448809389
21.3953509020501
-47.4143962205870
5.06326081857548
18.1809696120289
3.31648441734806
4.96740711207214
8.70635683348596
-9.71876361003734
11.4098057354984
15.4815376414353
-67.5321871731190
10.6188771141095
7.56216203191785
5.12391516004580
11.4875378151275
16.0495074837303
-56.5782629488800
1.67424550223649
8.71500222512976
26.4726809189306
11.2076643331871
2.05199215617257
50.2051591822733
1.28938287651846
13.2863237644265
-69.5840413154939
14.2591283700032
16.1597385559705
-91.7611870985174
11.1020825879363
9.27521749979858
-62.5768533786808
6.98359838936787
14.9146381305594
-89.7296200082897
10.5118577514740
10.9316840037701
-65.5543370470844
15.1695079473349
4.58406542396129
12.6826168535439
12.3368618333335
8.94537542423696
34.3628358233860
14.1336477730552
23.1465805265660
-54.3430648558896
5.48758825628983
3.54614689250236
93.5052471512000
5.00263676987703
24.7562496218066
-67.8592745576743
8.12302109141187
4.86247089609344
21.9210678814859
8.20036880442136
9.83950550689376
-90.1782455055692
9.30954917425158
9.85269913967766
-24.1850469717615
4.84457918624841
1.49865164226746
0.704072665905575
3.85151512897637
6.25725994593390
-97.8700305550580
11.4629689308011
12.6462031449494
-97.6800468098363
12.3184520899784
2.14657940818057
-84.3961375137451
12.6598421438021
20.5298815546699
-35.4151315982950
11.6801877445597
11.5464839355239
-61.2261549631167
0.775346604893116
16.1994690497205
-32.3959608218142
4.58108569291303
5.06102575936751
-41.4604075403338
10.3754217975873
21.9488946427766
58.6126217248120
8.83159229367576
20.7809591079205
92.4977076693439
11.2763039678050
2.63538142815633
-26.2866998370253
15.1875480607543
4.18531679992159
73.8066629693298
6.45879416136004
5.50127473304912
-55.5197227060682
13.9960931773551
24.4395113520620
-86.9679500045729
1.07737614775617
18.3456011182502
29.4083647219300
12.8618761209608
6.74447089865391
-89.9820477193260
5.39855137189636
9.78949900391260
30.4844029605606
12.4069218522712
15.2103541007194
28.0596510582702
0.991770114527849
14.7761546274760
29.7536472419379
9.20588991692424
6.07584061943210
10.1339449004614
8.81225137699101
7.33748302809017
-59.8314778143898
12.7910530014313
20.4368254608854
58.3426120324597
6.05496620884672
23.4900392717657
-83.8624264728752
8.54800817451989
1.87389892371850
-64.7455097406844
15.2013254072574
6.45973381581818
14.3351620663781
1.93769073708332
1.11173673508283
-47.0501523053581
5.78016504301895
11.4442737307681
-41.3511089099705
2.30647390258628
7.56388660877053
-42.9934129917381
9.41960388723517
9.75001537022912
-30.7100579053646
8.73458231324534
7.52452695977168
-58.2095131544955
5.37612062363654
0.590701393174673
-37.0664719128905
4.71300901268906
2.48556234696299
-58.4209986370853
9.12272297843022
14.4151983043897
-23.6478535492000
12.8382753749234
10.2010722982988
20.0788240407864
6.37160785056620
5.77142967621664
26.2434272548194
11.0187137134510
9.46160943443130
-56.0573529693906
14.5394828116207
15.9902976768183
-61.3734125228593
1.82005446596312
3.93684216410481
67.8727482295701
1.82988880294556
5.46440286489834
52.9885314216927
10.0523974810136
7.38973612228382
-39.8224110476156
1.96030350873624
17.0724862773027
-81.9609068723312
11.1394886376934
20.3793625535562
-83.4772982757841
1.63025071104428
7.41082264610338
31.9855504351352
7.86356530855231
4.02837117129099
-8.39034433081836
6.56483317067407
20.6823166315451
57.3421663035418
14.4129394353555
11.7653613579903
47.4400406978881
8.26124520747271
19.0704977124671
-50.8775576576129
10.7524914735969
22.1002847790808
73.6371283681275
3.33953425616863
14.9381924223465
-27.1902242594711
8.50277058845945
20.0717664171396
13.6907236045350
8.28808009276022
20.8129657604317
-46.2995258319110
8.85079615418601
20.0992848511449
-44.1339817423184
2.23148614680452
16.8970631055692
-12.8516322602154
14.1233366960034
13.6284396658860
70.4205308064149
1.97331134388655
11.9917616701082
34.8327863060916
2.65374210000597
7.81890740914173
-83.7772845286294
6.66426851669265
12.1301785890827
98.7289093509671
7.97567885100091
10.8640437996894
55.2295357799840
13.4666380008339
14.1408853129270
-37.6604239780404
15.1430009693225
6.45743809688095
-48.6023557818632
12.1680691152133
2.72223594695254
86.6309506424074
9.02601459160946
24.0936135819783
15.4092028509482
9.05832408647261
1.73079037030379
-83.1187648563497
7.79359322353692
24.9399068661527
83.6759490649112
6.04089815996874
23.4397754152164
33.3381475053517
1.30238060656869
13.6262519837142
-7.24732163614235
9.52736553598930
21.3190528775623
1.62018312320309
9.17396754437711
15.0495593591423
60.6964041210604
3.20328472545218
10.7820267114405
43.4407142798637
9.95882914265111
1.45259719322887
26.3067413813008
5.33307692636730
7.78549799304709
75.0058540669081
5.38147263211113
0.109287279539741
27.3677290910930
6.29642948605558
18.8188826748168
-40.6827953675390
10.0396222883748
23.8470102729777
-65.4696813573195
7.06341208504213
24.2332090145013
-25.9578474405705
3.16458183491248
20.5447859015319
-22.5353799011832
4.04848548946030
2.07392128107418
13.2901831604604
12.6492509851227
8.95642231476360
24.1514507644087
1.44359985354663
6.58053232998495
35.6795443367791
0.901696582943719
3.80625259394130
-21.3377846138675
5.63486859688511
16.8253493515777
81.9854677018912
1.39349774004121
1.06878948564576
16.0614240220752
8.17671413225609
0.951579094505760
16.2478513510116
13.1685516321325
1.91286209889784
98.1690810437216
3.57502337825213
5.43542949059262
96.5457782699502
9.57212891723942
17.1839611110553
12.2731066612335
1.36598545303326
21.5559857096421
52.6882156527010
0.645457160373111
4.72527219026780
-48.9871113228193
15.1029088460992
24.0158870208124
-1.55000125886215
7.28847835650790
0.663475854347340
-86.9390608321977
15.2621632813598
0.0627668339243570
-71.9277066408686
12.9648083962292
17.2934687521155
68.5201987120518
7.48480896656739
10.3620131568445
71.8252305398889
13.2725022702894
18.4195097602058
97.5624631180787
3.52169082000710
8.68282134836336
-30.2789183772277
15.0480457663507
10.3248408896278
-26.2500793214067
4.73765913378453
15.1750119992677
-37.6361829323703
14.7226244692443
5.39839568879650
99.6376483412447
4.92446567954261
16.8086367896706
-68.0954451652920
12.0659412601959
22.6779191690714
97.3517308838228
5.54014985409757
24.3072283218484
-75.7274179583872
3.48043755204068
24.8801398411254
-56.9378055868235
0.0399094109872387
3.20657123366784
31.3614769811594
15.9949699639567
24.7415291402052
-44.6850268587065
6.65542230250297
19.8097956954804
-35.1912549648373
10.4172138769204
15.0145435937150
-19.7979715324036
11.7165384428720
12.2152820996969
13.4692371786334
11.8566201671967
17.3587728190629
-77.5842554553847
4.39259962139357
1.43321829944018
-74.2650753697001
2.36314050587752
16.7406294410668
-85.2297060681002
4.01821475663922
24.8052114604419
-64.3714213468572
8.77993598563973
8.16812320383068
-62.5039378461723
15.2186479545189