16.8401489086473;94.9109262007075;2.98119387906859
7.34718644898681;-83.7622786721019;10.8254692085509
3.55324444151162;-14.3994377094095;5.71681495776311
24.0836175772914;-83.6880697180713;2.88286205280591
14.2635811249057;70.5629256880774;6.61541972102965
5.12270924994869;76.7804284109691;12.8153936459145
6.59494961028330;-54.7493621313751;4.02053236156763
2.26927577511468;-4.22785863001711;10.6398109985844
16.9630946077744;27.7253753718707;2.83143819096398
23.5370299681188;-18.7610448446780;6.91336857326754
3.82997025239473;-81.8099749452883;1.53312363529680
16.6827131097959;40.2790260054604;4.81525495112214
19.5412039466418;56.7573459899384;11.5152587757211
22.5301191448187;37.0131616587230;6.13665003569981
12.7290700729135;39.9015396492163;7.01433231749452
9.59072954653050;-33.8468060165275;0.145471137171279
18.7961850779479;34.6606933931872;2.76049238720458
11.3335587676222;64.1757810794404;1.33118844040270
14.2603674854938;76.8442000348001;10.4820505549124
8.08574922586740;56.5334573471215;6.95853418845211
6.71051498728304;-6.75120739875763;10.2797568586133
18.2716969254380;57.6096599579926;8.28663709998666
0.181710825358866;-45.1794243030508;2.10596408504467
16.2071806692997;-86.5246103313903;6.86862224332259
5.11318100329730;96.8713477588483;15.8951907328178
16.3623387151443;-6.84212409540375;6.09050430626584
6.91663381097047;-70.1344116816638;13.4230236785955
21.4647873421951;-25.4593890079689;0.779034638477539
9.78119598054237;-19.2933631498275;2.87681720643045
18.1306452756787;11.7324359186186;11.2513512468969
7.06331151434723;58.9604468992123;4.76567866790938
9.79398068389811;-46.7420461569511;6.77193821046225
6.99364421955284;-27.3686493925080;8.54038959199213
14.1434082894378;-75.8890058174816;12.3461403801649
9.42474700013819;3.43163295142208;3.80824396010466
3.23526388936897;59.0423598916247;10.0097108147175
3.81434730551206;80.6652639912793;11.4880292255637
17.6844776421552;-71.8914024976197;3.50191121074237
6.69358208408219;-54.6851757837770;7.82849296087367
20.8787021354527;-38.6711488809670;14.1745870716116
4.26738549924447;0.730692651148623;15.9931384438488
16.9273493397268;-55.8892807469998;12.5849639366948
6.07600315987727;-25.2889274465413;2.60529738160962
16.1845902538832;-23.6167747613993;10.0307564098351
8.35640335846150;47.2237564856376;5.22222415922081
11.5428055739658;62.0882797711330;9.59256094401318
17.6629138493381;50.2350090358420;11.9776887234228
8.91633413299249;-59.4810322889062;13.8005111156381
7.68944459037549;-89.5996428601380;0.984439924627983
18.5208381446936;94.2450177239386;9.71689501468629
19.5985859953304;-97.8395491833689;6.64111833500144
13.3906791404647;2.27278723902278;6.62510270506360
5.34667257006309;-70.9096936127047;5.96842008736649
9.58744484350590;7.49807701508143;3.88169776222492
15.0325112495507;79.1001559955101;8.12197853308076
20.2165363193201;-9.21607739705350;15.6489368726707
2.37670185589064;-66.2637951501579;7.32616719506739
19.1933484360089;-24.8287841599607;15.6208814308007
21.8357963706525;-46.4731615340444;0.697216586642812
20.7743633389388;97.2130771586642;8.83441664284541
22.9277521497996;79.7917958518001;14.0060438762623
10.2296495283124;26.1317660817924;4.79164552415223
22.0871762382012;-37.9344187170555;1.00710328072745
11.9411332207512;11.7866205341688;9.50385118640007
0.783028681120168;54.8413962436429;3.05158200401322
23.9443142585746;-83.5664311712657;4.73194905451165
13.8225705079305;45.5627467591007;3.76632319579631
7.10197557839029;-9.46799271262957;10.0928406374442
9.97750987500962;-71.0405323841644;0.604329050112122
7.99719782324424;-82.4277336746272;7.18540497084060
19.6003907823332;79.3905279384925;3.41996310997933
0.141911508517486;-9.19358261742931;6.20459342514487
18.3703393623573;77.7429873825085;0.538579011284520
15.1494609041494;-18.9393522111079;15.1125773681195
16.6472824521898;10.2650942252697;7.34978396211914
20.9110714905644;-82.7123658297420;12.6482363362974
2.10905853308023;55.4183289874199;1.71072056883003
17.3760150934955;-74.3394839003565;12.1676065267740
8.57499364709052;-77.1084764580834;15.5638620455299
18.8261275145869;13.0182652850118;1.47400449291260
3.28315533366466;93.6341548331623;6.01100997803096
18.0239622166561;-15.2675819124870;8.25274557207418
0.625615350844026;-0.219836616250069;0.0633244806604871
10.1154317220095;57.2872426759489;15.1581466029519
21.4540167335060;16.8039205459863;7.22438759223419
20.5371488429436;-6.01451162864362;15.7302757139311
8.33848164067357;-5.38319207863234;3.73000236429304
16.3017389833922;-32.1101981103027;5.87827636594797
9.76374353425458;25.5624750764995;4.20541623375544
11.0518362856710;-74.9264448723094;0.211965190224955
15.0285271699330;11.5405681880191;1.12603702120621
24.7217772655373;83.5741872668809;6.05227501271233
1.86400936966435;-32.5357795770499;8.95803142770820
8.90767110627046;-34.4606212645937;3.77679025684162
5.15176802143305;15.3189539268203;9.45390630239705
10.0801114162660;37.6370612590112;14.2961578526915
9.02998507244746;25.2154755572970;10.4155562223069
19.6695578996554;85.9527822831662;8.06225305091170
13.6341114334428;-33.7239206622834;10.3102703567563
17.7428838419877;-16.6253500710712;12.1481664509834
13.1243984074741;-32.8374242023893;5.26278440108949
14.5995839284204;-52.4439029165410;8.77088591186111
5.50829940195133;-19.9554119980197;12.1865387947768
17.0647627417079;90.7812651569086;2.42367598026170
8.35473133405295;-61.3542656220703;14.6484018903894
17.2372874127163;21.6401438814949;11.7808458955017
24.3775642629407;-69.0873314988278;14.5381097631693
17.6431747948406;-48.6544107898756;9.74209295025563
14.9743633000432;59.9184445657550;10.0094726672583
4.28263699355778;-53.2494899318236;5.72300574522551
21.0754706934254;-26.0105098430113;14.1688550544635
12.2498851224431;-36.5132174859168;4.22254066139162
6.49005520673950;77.1417490387982;1.67386986075634
5.10057216024132;-94.4133942092849;5.19688941632416
22.9319373756234;26.0369988318070;8.40463985599295
19.3518740434371;-53.5323361566543;2.89588184414891
20.0228776152756;42.5930206128130;8.65597434366736
3.21701007263055;-84.8223273427011;4.68960620870793
8.33507008611911;94.0656731960443;15.4398008217151
8.47760181184686;-19.1764596217190;5.61710838523369
5.64032204562828;66.1371558537172;6.93277453233425
24.9146269705758;-42.8310639865247;13.5209592060296
5.69058390032854;-97.0000741039197;5.44531456098173
6.80519105221424;15.2117784743213;10.4259015242742
8.71040838549176;-88.4874161096336;8.43834758009283
9.18294075375490;20.8952448458847;1.07950645678554
13.5197763130183;23.4358365623982;4.84102431954666
13.7196642694938;56.5474049706077;7.90399168256220
2.66195309599525;9.00463350466778;10.6946783491738
12.1344856143574;-5.19798378527863;15.9409991134368
9.38021297154793;-33.6540001203337;10.1665739083660
13.3581503314902;-43.9061157696171;12.3375057761516
19.0494454612346;70.0704170004989;4.13674373688303
14.2705000773216;-57.7333450432886;3.18214864476457
4.04979619744874;-72.9620376390989;3.81808772375800
4.91275921147651;12.5566585198106;8.30710386470767
0.756664508901494;37.3893980714145;9.89900486097512
12.2796346555013;-27.4721970307169;1.59811061009901
2.92599655582355;37.3873116098181;6.49983834580478
13.8414076095430;-31.0829517953993;15.5389818975219
9.22670194862386;65.8297321549050;10.4087492988468
10.3444573627654;32.1828400120177;12.5265943456808
7.63434041066540;-28.9354940915194;1.27971905867633
9.24211656260214;-83.6767540364376;7.68897851631074
7.29177267100206;20.1330702909308;1.06431873341183
21.8406270266928;79.4398798284868;6.95429099298480
16.0765824588328;90.5918479604833;8.73813125553593
18.7821764225844;-13.8120534986490;13.7164097712770
20.4680812154058;84.3438382646959;6.27541296706442
20.2509542439762;12.0456893113542;13.2699687911313
9.74495384167682;87.0855372100486;4.13722093822302
1.10575877978618;-99.8983591095566;0.810591765418431
0.603361613149026;-13.5238578155205;14.6236360725732
21.7965238884098;21.0422908908651;11.3391514267133
22.6497483556804;58.0338035351871;10.9381041436444
7.92240567728905;94.6664864065300;12.1640924274019
19.0234513233864;69.3764675579326;0.493304792031649
16.2226871209960;99.5448006571849;9.92213987572275
20.5746686392479;29.4602432783517;8.26790619217333
21.2879871361569;-68.7070479464586;9.13576764925695
6.93196699840737;-94.4511810228100;9.27895511099310
2.86245677208174;89.4798269769028;3.35947498510601
15.2331631185603;-79.1620834841993;13.2322454836323
3.90461561501562;12.2271478506418;5.09371967921258
1.33196221964397;53.0626187653408;7.08024325798459
9.38805754120859;7.93749093154887;2.94243713120441
23.3944480535550;-5.61040435219782;4.22909528685337
5.08269924738908;41.5150794730003;1.17341601516194
10.7407982002936;-44.9452432576923;11.9923950598367
12.5856307826509;-6.03159798195678;6.25489371118589
5.00723063422858;72.9031735630226;9.97257609303924
15.6888454747032;17.6672752341299;2.33816379498886
0.468072759663096;97.3426579559262;5.95490095257636
20.4459842962564;88.1276822164084;2.36165694995684
8.44449116585104;89.4465188936974;5.69486901896464
4.42843333091667;13.4034582507238;7.71335535348026
6.81917679696355;-97.5544909555241;9.06174054541111
16.9458066056634;-37.5769978241639;9.11750905339205
11.1900087759322;74.5537262427693;12.8206330414997
22.4302918333586;-66.5699251318399;13.0757628247523
7.09287397326236;72.8753407549520;8.09697195335726
13.9508683643574;32.1528713385915;8.04961066273864
7.44638236422084;-78.1547451870939;11.2978530024523
23.6260017364873;94.7576928346733;8.58294807172619
18.9074922235674;-59.1274890973109;14.5056010858338
14.4014809713393;8.55448809789849;15.1851472252791
10.8999514985296;-96.1846989982248;9.57884509864101
20.2524850608915;15.7438332132534;11.6230253442094
15.5455257199106;-12.8411394842350;6.83652537567857
9.04248801007193;-61.6431774612627;0.139153694771304
1.46456338970529;86.1018558238660;8.49538584293952
18.7190162786727;61.5333685718131;3.43626367920280
24.9761792796337;33.4891741631518;2.93282438347695
14.6070416006961;-39.8025674763105;15.2567407878509
5.11323965626983;-88.6149767180777;11.9110591203878
19.1643002669894;-85.9650504507357;3.92644106343076
24.8489993712623;34.3922155242747;1.69767690196580
8.11547133035792;9.03979902083238;15.9874712481206
18.5152289967797;-2.99906963458325;10.6202102692249
18.7828023387728;12.8570143555758;7.51294313533428
18.3805127897796;61.7596725877427;1.07858649992098
16.8624139560644;59.0980984996714;8.14902911506560
24.7571680048166;-77.5590184640119;8.84610482128969
10.9975459174004;0.213325697020283;5.00635642625464
17.6002286113448;-86.0467927729773;5.79781524209052
21.7321517104312;73.3849748073615;11.9877732007007
1.60470733548770;75.7559281141657;12.8271024552596
4.65689239159841;78.2355227200824;9.61114847860618
0.138925052909206;27.4019721803233;4.73639204123655
21.6278436634904;40.1665965490746;10.8379284007725
14.0117517717865;-20.4839339699683;6.40328422076929
2.23613359377134;55.9997627758713;8.74459888346402
10.6013796109753;-44.1943166681038;10.3336337595496
1.27469115015221;-74.6458071785517;11.0228810899824
5.03447429870884;71.9772239569307;10.4913430037391
3.60940732431903;97.9087137640807;3.34916627704080
11.5147547374560;30.8533335745003;15.2728564371057
20.0302912521482;-89.9901986617461;7.65370600883236
2.79205467474366;65.6793869201830;7.38446540829353
9.58858159677868;83.9352100203400;7.69853953306265
21.0777338321387;-82.8541787028420;2.39659720173858
10.8404752998379;85.2471152869248;1.85970843016463
24.7817378182032;77.5718769716131;10.9370846036860
9.08441795957006;-51.4668469323899;13.6883805272787
19.2757597880058;-20.0362727420167;2.31447801687916
16.7177463180344;-79.1478276818665;7.09136620301205
3.50602962773244;91.2652029603726;0.279134563115459
2.41576381245994;-65.0241067526832;1.46471440266579
24.3517226266036;1.83477013720990;10.8825120921014
3.70846621017193;-15.4152484576144;15.0816535044870
8.90359156795015;26.8835905809648;7.42163318960195
4.25458991419957;9.36438605372263;15.3397968662687
19.3354926118193;-74.1812367912510;7.97884437114525
18.8399178601152;-0.963450791532794;12.5371607710360
5.02080536356407;0.0723126341196201;10.6915317304927
22.1639152556877;-14.4952283504259;5.99996954562862
11.0017332925533;20.7489407508345;1.08477708523331
10.9680050357882;-82.4783486834379;10.3527059305127
17.0967370192678;-56.9183442256172;7.09419847233983
2.79108095930450;-27.5297189840630;2.40180667483789
13.8455200538713;-53.9641405441389;1.15899516285596
24.2520459159233;-71.9520156882693;12.2922229849091
15.0813093834999;43.5795628391906;2.84460898280255
16.3486723473583;-43.1948585790704;3.44451444327526
16.7151994661395;13.4723991076716;9.17079476131247
10.8528434510565;-79.7074809662736;10.1833950394484
12.7499346367522;89.1800310378648;3.51442162002701
5.74948189233441;-27.0287478585610;7.14518945107393
13.7846003867809;27.0139224955749;11.3469343743424
14.7570272064823;93.1844950821977;0.291684439144383
20.3236305136665;6.86359870343389;8.91955847778774
20.3980947443415;-93.4709305033642;8.77331861468335
5.37438178228345;-33.1971821784920;0.155697829154866
17.5517045612254;-83.2217614057163;7.23635368887533
22.0061044294711;57.6064037270699;5.37771895679146
6.63058305541166;-19.4256651532946;5.55895545233741
21.0574726372065;-73.9403170477122;6.98003015568589
20.1258836218770;41.7249641196432;6.16998564283613
9.14553579556420;32.3076888235514;10.0407781184243
18.3008943227484;-44.2470536768517;11.3102945755293
14.2215442370028;-1.29666991853583;3.83761412092338
7.92424313212536;48.3745295528522;11.0935331089746
8.16682058586051;-6.16387377073042;3.12114106584940
9.93013213739448;77.4535579550153;7.00507804265059
2.53210470755281;-28.1405312174721;10.4689796227152
6.78040994574356;51.8225435655167;3.12460370278054
0.764736269254335;-85.1974004032399;12.3926728515427
16.5474106520099;-97.8402777277915;1.03630937364945
22.6613826379164;17.1040682696315;0.488042648262486
9.39149604808413;71.4042889534261;15.9707884175781
6.44558974121336;15.9434164542035;11.1005938853443
21.8903934647808;90.6505627519207;15.1739170654266
18.6542043558542;-32.3683671445415;14.2066228722523
6.66300891213442;-36.6654761135039;15.3978689905384
9.08454026508896;47.7058079869410;1.61058398252090
19.3630018170538;-70.2332700970091;14.4096479554096
21.2552793916857;99.1595757400188;8.47932983016148
16.7042375523094;-45.5706442629334;13.1073654582539
6.91535610169425;-69.8729052810743;12.0111777714340
5.36882741365764;49.4048712262809;14.2109199218884
13.3986762461242;-66.6698928284199;13.0146907631774
15.9553324118133;59.7123511395236;3.56421921109287
1.00097191044170;52.7526043023363;2.42730549310242
23.4335469863249;-82.6345304244381;12.2102295263864
19.2428036475651;96.5517508056463;15.4817840156450
9.84031205184333;34.6266421603322;14.4832060119637
15.9437478699025;-42.7470335929418;3.11472201220206
14.1128932967269;-46.1127796741316;2.42547471056167
8.79524517381888;1.24513580604937;7.49484653662295
5.37316960701613;14.4156747800349;14.5545132880358
24.9036372516056;-61.6432214033839;3.04263956202873
17.6152862833213;18.4772977141428;10.7011478993048
13.1315366309910;-13.4039846607224;7.19800619510940
10.3495483595477;-74.5770375955692;12.8169164624757
5.23918656485248;-68.0828743064227;9.76783476591066
20.1323244974427;-56.6109117904172;6.77967021581400
10.0932125797817;-41.1993790898911;7.40208099870935
2.57235249440447;56.1167801871954;15.0031552587201
21.8329975195281;-35.2491721767551;14.6021957716208
15.3971134313210;14.2246934340101;9.68958656454441
15.5963889182224;24.8665344327566;14.0705643722638
7.42448341093591;-32.5274795789250;5.16932148755229
17.0989618719213;99.4234922167348;12.3521044245126
10.6195763006531;42.8613075923392;5.63176977144715
18.2722294870099;21.2004611073582;4.98881700914030
15.8236352358564;-29.1068545475160;12.9482121351146
22.8705727725602;-61.2675049255683;8.39828765480967
6.64502528777339;-55.9448004967001;5.81784864638170
0.204535989767439;-87.8362354047503;10.2255663955980
18.1966887408958;56.6587998998933;3.10426107378366
20.2433416933043;-65.1591660429569;11.7082626669644
9.41505462547131;-59.5821585507553;4.20597264958140
7.99147377103569;-86.5646967584812;3.80993078142886
22.3330341518341;57.3574354907515;8.35768411362011
11.6914934996366;-57.2436995229070;12.9514557204246
23.0514702799962;-54.4866664437416;6.76946711671931
16.8076633853560;45.8487399243984;10.0340149706181
3.11714985612781;42.5423857753450;2.88246788015298
11.3910261341632;-54.1963372448855;10.5198847121090
8.42953234192476;-20.1079887456537;4.74951596196796
20.1257099631044;17.4588811446715;15.8280184135918
13.1542884993874;-0.981637465830310;7.20338927375892
2.44037948780768;91.4048355149573;5.62208222412118
11.3637102091993;78.3548631734765;9.35935456436814
24.0461415758590;44.7566195841749;14.1375973360854
11.1814712234806;-81.7828433218327;12.9977527297177
3.96599366917995;-36.8768376464061;10.9243779682107
14.5803888798811;-63.8698816103955;15.9064805281754
23.8646841892622;-79.0703797256170;3.52865779882655
21.1800694505815;-43.9258133709950;14.7050591544665
2.15642237526521;98.3905629667039;14.3210904109742
21.4356356117096;-12.1862760248910;14.2550026423534
23.5676051797900;-59.4023781093019;4.52294036292130
24.7827319656807;48.2321647996402;5.00424269881305
20.2637099852661;95.2347183429402;8.25812128513271
6.19940874439339;0.879225846914133;14.8146217156752
6.65810114433922;91.6151653516495;8.54663454715931
2.63746572565116;84.8207275423777;10.8732922518134
7.24145664256288;2.85403868793745;1.79935789457095
4.03339176952619;-29.5462259736293;9.70545772501420
18.3673466802276;27.0691930937454;4.47491964577395
11.0679077340659;-45.0559072740583;1.84535587157619
18.5382978687118;-32.1085839875469;13.9716640247183
24.9792302940527;59.8134931014355;10.7070082920986
20.6177624527153;-52.4147380789446;2.30635677815249
14.4216266937295;-61.9603704463721;12.4833090557659
12.3157875627811;74.6439207964112;6.22613345636477
5.84205034560978;-97.8565220814940;5.03851211235838
3.84325430572025;62.5426701736953;13.7777859771466
17.9540535027500;-7.03580321027006;14.6430466687178
15.0141422142327;-20.7362769782981;4.35737954142921
12.8540164001266;-16.9099373224228;13.6711960545055
21.0389601109276;-38.9607948108652;1.05992936603907
7.09179170786823;-4.30481827903244;10.1479385100655
12.5243511491866;-39.1037996184240;14.0600841166289
2.67167764507496;-39.4744489559797;1.86821647969260
8.19789968123334;66.0461880205715;14.7451991770367
16.4179414101272;-0.453770026038325;9.67783616334495
21.9193815087750;23.4940703398183;0.721042455552121
19.0525692751669;34.7791918378234;0.555421294968989
20.2963445041352;-60.4436471947047;2.03017020430948
11.9580237486500;-17.3080447826270;13.8457089566205
7.12075879026506;18.9682496155162;8.38535404764079
11.3364672345224;-22.7264607212880;3.01054149741395
7.18349302328352;22.0502702342863;1.33347456106096
8.93456666778634;-96.7683162322033;4.42624829141630
15.3278099883993;3.36225798357253;1.61022319755370
10.3632184348323;8.09088865533520;14.2601610746391
23.0344609822600;87.5141628396631;13.8427949047339
8.02695860127764;87.8832500167307;4.61344978729399
18.7752835743413;-16.4829054422673;1.94920779285071
5.13491557712613;-41.3614399017153;11.7175845087043
7.59151642498585;-98.7786334339674;3.86410915934579
6.71646186639711;-29.8328597754656;1.10752373898769
17.3285438075186;0.270276036970984;5.67156889139164
4.17127067630008;-83.0096043979023;6.76903562522819
13.2890329547528;-64.7051094597069;7.94259076920782
5.03271375944731;28.4649472085957;11.5920998923359
3.92926113740827;85.8503111748802;14.7503621500772
18.9236262216867;67.1966529695135;11.0613971680392
22.8685792056382;-32.0613462803080;12.7407889753930
5.49392401617470;-94.5788729422806;13.3959572939169
4.21745873103319;-54.0133147051342;0.752797068766080
19.9795907375469;28.5117973682818;13.7035373828012
15.2851048884389;8.83385098774543;6.44868151650270
19.3373505553182;-43.8189545132628;9.01055805091358
13.8474492770675;-27.1573919559386;0.203255597559393
7.34042912807745;19.2830381469123;12.5659685080803
14.7650688029011;66.4736073808864;7.76865975469013
4.09267762309634;43.4873229929192;5.30943742702310
9.28578779939129;-73.5424459459869;8.38803378822415
22.5494506566536;-55.2761025856747;12.7412159057990
10.2613469408067;-56.6492308798160;10.6968389570903
20.7526258203611;-48.5396986022092;13.0330750563924
24.3358889789154;78.0089521863887;15.0341892705259
14.0262010875882;47.0350162753393;9.66805495782294
17.0959025140026;2.06152242915374;7.04522042515463
13.6446091701976;-7.13132086903812;11.8382118561864
18.7271919816333;-94.2235279924118;4.06806910874471
16.0838620377680;-15.0099609489884;6.40305549813868
3.64746166095377;-47.6487974069218;12.5316472459250
20.9504105347537;-26.5042259417452;11.4336000039792
3.25320728010253;-66.1202217515269;10.6650441002227
17.1639659444654;46.5830496445882;5.87441458729346
23.5076494995980;-37.0240939461395;2.86866370197063
11.3839547236283;31.2839539559016;7.08310812535573
2.78460391791606;32.5602794124832;13.0175822169254
1.54033780592233;5.18042453924670;2.41203415392982
19.4047077315533;14.1501203213939;0.331084197251762
0.0678508773380457;55.0860113636365;12.9381645670962
15.1691355329820;87.4987918468688;5.64185219666040
8.92252096731151;92.6274764569655;3.53826992467173
9.86474996845430;-97.2324112655743;12.9780326562613
9.91476862269079;-92.5430440843617;1.67043014972444
10.4837466986178;90.9207887545882;4.05167525512734
20.6759637033246;-25.3060143443212;12.8840303439104
18.1514556933805;16.8502169811134;4.87591533451086
22.6308396730407;15.1861063939812;11.2328472345765
19.5656976532668;-17.5060519421774;10.8632045217729
8.17262624210212;5.96222700730504;4.50154105786568
5.04143321049833;-25.8667580978193;3.11886095906692
16.3752309167889;67.8081669369666;4.31237606137360
2.72270924878039;15.5987486152507;2.54964887026662
22.1491010455849;-76.1867594761330;4.17220586397981
14.6827046857910;43.5990385549043;1.84878380283404
19.5321408037511;-82.4994556164661;8.76669338045388
14.9157669328704;-46.4271844898745;10.5609005054130
4.36231755896288;-80.0360746995864;7.06181924893932
2.01155203726691;-20.5336955183211;7.82641727368864
20.7187988313222;30.0793581722728;15.2367926979740
3.83677498493261;88.7326079891578;3.16431334166202
1.53715352061270;-50.0364999814869;13.3942419987935
14.7470850852176;-37.9107105931052;4.78387442272586
11.6389693064475;22.6096691216171;10.2890511078420
11.5591980751533;40.4368631938222;7.69039092213006
22.7334078094813;-42.4717084563615;0.980227122179963
3.98595333997518;-62.5814690192791;7.73195384808200
19.8495065087479;5.69952940561129;10.2098719568618
16.8182844808378;-44.3149191142565;6.16240187184620
22.9748856860491;-10.2289321305561;4.19186470944724
14.0437446819172;-92.1229942991714;9.72484314566244
5.03474636623187;87.5213707671730;6.67077362996504
6.37767764119012;-76.3824241323507;5.82780095161183
15.5550175285150;4.79847012445323;0.801269313698441
9.40033515646984;56.5300389780992;8.07703191886975
8.97379934970438;-34.8931980141088;9.92597970620701
0.716265659156562;23.7746658004848;15.1471418117498
19.1843657615481;-84.8881112493211;11.9436741850220
5.93459887250667;-92.1740224587869;14.1644704279651
16.6478256739309;-85.1127615444712;7.20617685314929
18.7122637765102;70.0962406800671;9.23728457445637
18.2109764137469;62.0189522646568;9.95938120387589
20.3571883378335;-36.4528038535022;3.83037930950763
18.5020690478909;44.5539639115624;2.08275802254695
16.1129249160120;69.6400552092115;4.05614482792704
2.47505436015045;-87.6754683336255;3.71699808368240
24.9849666076727;32.6885796393837;4.00285711214922
10.4523967902087;64.5889108474539;3.28117754208006
1.89950636020119;-79.1282929374501;12.6253624198555
18.5313229709749;-81.2540717679648;7.44001466765643
24.9927252290800;19.5146301764964;1.27697329974927
13.7242305919228;28.8725387761302;0.903211176622810
14.8284974871422;-85.7852331221043;10.3749856115267
3.86029299732375;91.3423959798135;1.90253659961371
15.9162559982439;-77.3138373472633;7.97456190297133
13.6518505870881;-99.1380279222540;9.90095531906914
7.11037188218150;26.1553349172258;3.63161796969039
16.4431425234302;70.3769023135343;15.3960635963353
24.8556924947653;-10.7736320987150;12.0000201688808
12.7471919586976;74.8378406188864;6.21396503207261
5.13095950585426;63.8371218635981;4.70364965782852
15.8109209280610;-64.5196679541633;14.3716748318236
17.0771339674282;-77.2310491658509;6.17595713313180
11.3782087857851;-9.31928898331364;0.193205077232628
2.11105461734718;86.5226975214278;2.13801276119158
24.7622629214101;29.7203162289640;10.1193999887777
0.983736493565669;-93.9147182228102;8.82540753945869
18.5330361687761;98.9428809537489;4.04442554912113
14.6733809649488;14.3005049063929;6.35076622566409
23.9152687679168;63.0581221046793;2.79043150103678
9.99677010429938;-36.8370271798071;12.2007828473135
12.8410489814946;-77.4629155300562;12.6886410316330
19.8334974899525;-88.2773663843319;7.65382932787269
9.88530097909389;75.7780260409278;1.36995557329682
4.01648029829119;-84.6923189267445;9.89075685990760
14.2363220568277;1.01181991969150;15.5447142835683
14.9291231157277;-65.7890526275165;8.01754356458664
20.5213807869282;-81.7996247983016;7.61299751780565
24.8345584717242;-83.4611876640019;15.9879026440616
8.56530633531096;-49.1033821602346;11.4733060692066
0.0155257653902225;18.1937998219153;7.51656992837954
1.57619931857158;-44.3286991963730;0.304170779190539
11.6489712475024;-53.3688729664377;8.24443092309224
24.6808063487463;-58.8524328136387;11.1566045442897
0.988607378706281;-36.6361708024465;1.19575524206682
9.16433771602600;88.1684951313198;1.31114157634266
4.25075086725122;-26.5629789416843;9.97697989339466
21.6664846258709;-92.7638655977683;6.60899701571577
15.9546262379720;-41.5023896216209;6.69927708244263
22.1767810552770;69.8949292609957;8.64236571220344
19.1214799483395;-5.30020775178739;1.19709353432799
12.1319674615821;2.54469800470125;9.12645316925600
1.71181239147195;-57.1344926115366;13.2945003823373
12.9467011901700;84.7477130871782;4.74056660734799
10.1541365733724;-66.8975439165721;10.3049506392522
14.5426142758098;-42.7809869092247;2.20547940308323
24.1591605556765;-99.1981093919049;13.5124633496288
24.0638328714219;-12.7509186936210;13.1861672679670
24.9599352189424;-23.1042229349271;12.0426827532384
12.8381856095263;98.4076873069126;14.6689936044738
18.0501019541562;-47.4117120103433;7.22239753872831
3.64586417058107;-58.8870627098939;11.2946553760910
4.67107011708580;-81.0457327386190;10.8217326700411
5.94261226234572;-72.2117141782969;6.51298618602099
22.9906195884390;85.8915701295181;14.5534527607464
2.04150883576299;61.8761585012618;13.7831041076355
17.3978613680927;74.1814403853770;3.75708896950962
4.71708108115279;72.3952875206006;9.03372794573260
20.4267565597081;-55.1378266097129;8.00599586258700
8.10952756127455;37.4753950968597;15.1610961785841
20.0100440686205;-40.0383469074192;0.261161360311792
20.3984610894998;53.8097110912233;4.95388608868137
7.92611284409476;65.9057267220707;15.4627521059344
5.08205028869705;58.5246417975481;13.5741509725359
4.03697738900255;22.0492654063323;1.58888684044521
22.7840528712113;-71.3252991360013;0.664320671511026
17.6819334030951;84.3098414050346;14.5459369366214
3.01695582583685;-15.3712926231073;8.86105899135343
16.0095665586297;-74.2704964300166;13.4775374802143
3.72374717250042;-85.3227131568231;5.01593213789412
2.03752556855237;13.9984968566359;8.32046274640655
18.6196804447871;-72.3847698184388;3.12565120650691
4.82276341449462;-75.8621725645697;0.209941250668317
0.0176847429584690;-23.9851110806609;15.1448263922678
0.540791307225538;99.0464271048894;8.54353090288719
10.0549457720847;-29.8379733461847;1.60711600622373
14.7777400770205;81.5054033611538;7.22236980283470
1.17833917978411;-6.08285164314992;11.9768240440259
0.0791858199717019;-47.1251569580890;8.51338761824015
14.4094589140470;-49.1419774195885;14.8553748981204
8.76364578494611;-68.0816101939741;6.31869235443502
4.05754804814861;12.0110819604301;2.56253257725440
15.5810345968226;-61.2420896647680;13.5438431247558
13.7760036713064;-80.3064299928784;2.61999582831916
21.2355636741409;-39.9468640980096;13.6649237016148
10.0348693081541;-53.7376656627272;13.4905609822568
1.35054324406332;21.1769694377831;7.75152859436567
24.9535895107545;-4.35738369484040;12.3832381338287
1.08144159291090;85.7907242071440;13.5269398598416
3.14936652722519;-13.6246935208169;6.39579908087188
11.4531192934112;22.2520200755092;8.95887280860934
20.0580916911471;-84.7669819340990;8.27634643125136
10.0936961260430;-94.9737767252144;4.67560284291758
18.8694760512332;-73.2741059039811;14.7457076267153
8.49506509681379;-70.4095645263150;6.44808830178925
8.59859168181538;-4.77778718249533;14.5498810577757
15.3034302068033;-17.8283058924365;7.73740871680310
23.5151895825145;55.8672980396012;6.54614366880556
4.42896277866420;17.8568594181073;11.1850323864267
2.93898848726089;-56.1457653443444;13.4423748467017
11.4680195457708;77.6630815380258;3.05311113664510
24.4096088041198;83.4514354963367;13.8629629009474
19.8375658224306;28.9385048798312;9.86811076366440
3.92608838989193;-22.2655943222748;7.07604566168151
19.7506891923815;88.5801159606720;10.4633526547758
17.9297461009127;22.3901047844174;1.89498162778486
7.63986995508154;69.3872147433960;11.3924245344002
3.58939856510225;-64.4156824303731;1.64705046978333
24.8223583362763;82.5279838743987;9.07530980414074
19.3269618272391;-67.4878418352520;11.7972739947254
12.8309103747592;-73.7472918816737;14.7034860966764
9.45476086501160;-44.7142111724531;14.0738008913240
6.65771950741594;-30.7300659075948;5.92402093766739
14.9205873824074;-82.3138166707050;11.3446277186649
2.69712590996157;-61.5905088256922;6.09244027008735
17.0860124271177;-34.7627789622487;7.12177514871672
5.15598675588997;54.2816498373591;3.71183288660172
22.2097299011716;81.4826334675555;9.34239715506542
15.4648144439653;-29.6709408865280;0.227746191706713
0.891321830942504;-22.3355873580635;6.53678582184237
21.2356241163013;-68.2455474158737;6.13393947303953
3.49775878919124;69.3874485423085;2.29842721626108
5.76812059720132;-57.3820056464336;11.8376488580471
9.38994943617334;-99.9000204666279;5.19661814823189
5.07737074580893;92.3090674485057;6.12710544835968
16.6841043451036;95.2269143492700;15.8247528830406
3.13179021472222;58.5620809366623;9.96800819482877
20.9339021342867;-63.0413398562954;6.46362429541101
17.5700192263164;-70.1926736447267;3.71699324163669
7.35206186664795;-48.2865361438158;15.4499488601632
18.8249306044126;23.2382786754602;2.31700546700878
20.8912217681678;88.8734540601708;6.41627899038671
6.79123600733513;-9.26570729567409;8.51280281739636
13.1193554095596;-43.5998821742789;1.61512258039366
0.249788255174815;-97.6428956843139;9.29243151745369
18.5567689539884;-79.3235509070378;1.67179753924649
24.1863084442989;73.6391566462068;9.53395803320470
24.4023741675935;-70.7693126495204;7.64975605205922
16.5876942889171;40.2299276813775;13.0606768524308
10.4937501187591;29.3664654434546;9.17923618067622
0.211865630461400;-58.3787099678607;3.36997527998003
9.07357487170843;-23.2838463566760;6.89684965708722
17.2411072496561;58.7602055660420;6.92470829965779
10.1159320577231;54.5857699888517;13.9397463434662
5.92144047981340;56.3417289683019;11.9519217129359
23.9186101410482;1.96369277139774;6.34627606628873
6.16368662811366;-48.6101169864602;2.66340865526115
0.951775804180432;19.9662459842689;8.66932432241952
6.58264799311682;12.9117197382425;0.324073828958536
20.1767596877844;-29.1076746825018;1.92544614423583
19.9153353531700;-67.7877383852503;10.1458257365950
3.17084776867947;4.66868882462734;7.75658367569416
3.20788282128562;-69.0321261763659;15.9173156053440
1.63051944167892;81.0103963868523;10.5434703375942
20.7491280448196;40.1024539338028;15.5572017195989
14.6651100535680;86.7811899979229;14.0912579199275
8.48292391665707;5.24748675161142;11.2732143338492
18.9424104205022;-45.0516401838350;1.33372450343427
16.9530446561109;-53.8820069376750;7.06842475508917
6.75972735822191;-37.6825355068052;0.00835176662562098
15.3416087851306;-26.8666141291562;10.8579570409157
11.9051538200857;98.9092558764706;12.3973622051904
5.01946939788562;-69.4054241419761;14.5900371438847
14.7123837723044;66.4789479641078;5.66799175393019
21.4965051038967;-45.2498109528192;8.70132424857344
18.4896574564909;82.5389178760054;10.4506182687606
21.2098301102291;-5.65935864460776;2.84056824541288
12.8645671120906;97.2229950129647;15.7565950500377
8.52756363695679;-82.5443378633838;0.0437197277563133
4.52997674228290;20.7410789649871;3.13231321995872
2.04573959451941;-92.3337262020557;7.49200076296798
11.5767338868617;-41.2287989930087;8.91018356555828
2.28371672894002;-2.93545686255197;4.06566165437844
14.7380178591829;-66.2679924117303;15.9194312373105
21.0084627054575;21.7861497022263;7.14627609521508
1.01380983389385;0.929764798559440;0.884611273627993
9.62124941737368;57.1299911203367;11.1428369286607
13.2476444201167;-71.8151737039505;3.80260120023135
16.2085942893210;-31.1505403135250;4.79502026552232
2.73134658728866;-70.9348513331182;4.09676396811701
18.9434457617751;-2.31570532217005;1.39433919074534
9.85151933078889;-6.02990799636303;9.07876354565915
0.882900114592241;68.1090284856376;4.25818614428249
1.56435459481095;6.52017395320321;0.512397112699020
0.249769478414521;63.4666989730626;10.2413881856378
14.3976444502007;50.9058890337033;9.61443063371656
19.0326682843517;-92.1944834295866;3.05706053577558
2.17654617874552;-79.1264542044602;11.0065919124838
1.57275856937490;-41.9786338313265;4.96773237886556
16.0034011227226;8.94052045853622;6.82396341058329
22.6220967724340;-75.6940565484929;6.10428253363557
10.2506031497313;21.1330656038857;9.99490683223722
19.5423280851378;32.0143644721449;12.5527603400008
12.6498516345345;-27.8808861416565;9.51403302756027
6.56015943336655;-46.6898856239116;10.4252069181866
9.47999677841742;77.7835246705663;9.43089486469650
11.8135424698268;-24.9758075835235;2.54644325572902
17.9943388242955;34.8744299237237;0.674126387112311
14.4867882090951;-35.2367527728738;2.19239573857448
11.6891449162308;61.8439506271018;4.52266275272885
6.46892279386343;-82.1648942636796;12.1107983233211
16.0838908506674;-31.8508333921398;6.64035109287844
0.957392999643608;0.163115250224277;2.33040304516608
1.51596140333845;-73.6418516404631;11.7442674051165
18.4913792684959;93.1184351260910;10.7120177907360
0.545537329223000;-18.2839180403542;10.1675097671227
16.2276861502796;94.2469564998647;8.68553275434543
22.2011316662083;27.4179873886178;4.03308758338415
22.4949330638068;-7.87599775683248;1.18240626526385
7.35203291202340;-49.6877849571027;6.19490596504750
20.3196281907929;-64.4076420049459;15.2747760012845
14.1873610910858;17.8045472335031;0.386769212320862
23.3261663301001;-68.0963814744638;9.46151124051046
19.9627588460349;-19.6617305877608;14.1500013112864
6.91680074764124;27.6354771609727;9.31045410173934
24.9609913304559;40.1415924992458;11.4610705244065
18.1693075348155;-10.4158665292841;11.4652500591047
7.16526871107284;-44.9541927341987;6.06637692607040
14.7887979316429;-86.5877993387730;2.46828288726354
18.7278517506725;3.82747407501125;2.52002966255015
11.2559044277653;11.1877223933521;7.40098002849998
1.02755932670745;61.7442562561333;0.560261885555669
23.8922958540142;21.6692474141575;11.6239065128295
12.0776577027450;1.45398813003697;12.0299624097269
2.08009459094372;8.41827592777953;7.20944006513990
1.33033057358020;-9.26097342612875;4.58980750423175
15.7721162544956;-45.7437613550608;2.27725420859491
7.62166402765044;65.8364093828600;7.89927110467272
18.5057013908219;-5.43243589181175;5.84175804210253
14.0733114259888;28.7126379466167;12.4940255235813
17.8116751923766;19.3418422404523;2.23078298819092
16.1416249327370;-72.8100086676535;11.9425647836223
7.67131645718886;-50.2770099834323;9.92965085290841
13.5894969402499;-34.2342383684610;14.5240835560695
19.9376616740498;-89.0239374569354;11.4860340887395
16.9517663854716;44.1138094417493;1.88085096634410
24.3475721660916;58.2851862873288;13.9308121220965
16.5060999673643;95.6483415028105;1.05532405339187
6.16379331007513;-80.1626522367184;0.0215493666891664
11.2700413759373;39.8219435850528;4.90665934006884
6.29855123736087;-72.8368509546117;6.34112548221117
19.0124659796473;-36.8783658416881;4.57468363361273
13.0552868226218;-17.4221793699689;10.3848705547528
2.71535009740874;-94.8551347277924;4.16369079101833
17.1574746131734;23.8067654077083;15.7766994036629
16.5638808796858;0.177251921777510;10.7665536078629
22.6435861763389;-31.0426041412247;10.6759726909991
12.2451431082650;-98.4407328251816;12.6296996775636
11.5835213263147;37.5880380929661;1.11047553897043
16.5854283572311;-29.9946644673680;3.89192940819675
23.4377248697365;96.4148498880665;8.15794127879857
8.17163502798357;63.3100178996992;13.8516390469150
0.580310192106296;-12.6863044428981;15.9582486976314
19.3270769941741;14.5299290863894;9.75733465773766
2.12174554964308;94.2656671092902;0.370876789693339
13.3912221913269;87.0113842022183;14.4901438027331
19.9591186320596;7.61527179137773;12.5980224612563
13.6881046674492;83.5618375936601;8.13682812443036
20.0705857249087;52.2402503118353;12.0738644493368
7.88942725674008;95.7367992321183;9.77610591721905
9.91249338141900;-16.1624268372454;6.75444238692108
11.7665562773244;-63.0558940187856;3.94535883626302
6.60071606445777;77.4607232463929;3.30090927612805
19.4334271764042;94.7238148228461;5.17623263877478
12.3522300816288;70.7804071955615;5.70925364039468
15.6728540652511;-90.3741416950763;6.52799903470414
12.8060369667794;-59.5114511087474;8.23046248413000
21.1121018890869;66.1042132574738;14.5407131191450
20.0250236981958;-35.3266965109326;1.87105609833300
12.3918222868443;77.6522364203178;2.88058994055247
21.6784082145390;-73.5893916620098;7.50583688865970
12.4277627408122;90.7697033831073;4.99426887180153
24.0449698674138;-53.7884652905276;14.9113269690571
1.82082562448284;-89.2044112980614;14.0441065352616
9.43566025462091;18.7550459204175;15.8304858121194
14.7730734583128;81.1299112876939;3.11002880372133
5.39628054544544;65.7663278482257;13.1105226510450
16.9108975671487;84.9225168955200;9.82735511821055
16.6777141287079;-17.8098971703136;3.76364925155025
18.8726115113352;12.4822341097544;12.6738208023534
19.5309997190700;32.3459463619919;6.93490236713410
15.3959825523116;-68.3577587530594;2.07490412384162
20.2477323156169;72.5093764456911;9.12400027717885
7.25210020184008;-18.5673136158471;2.04539314239871
6.50504541466067;60.3880630503852;3.48684887168631
1.50615142825602;-63.3616327635911;7.48410366115846
18.0482036230370;97.5442762600739;7.83579971554338
11.1513911837109;71.9895210661084;3.09526566273538
3.09696384862385;64.7670764554133;1.92211505579212
17.7129492932766;-18.8788223690170;10.8093536135592
24.5480371622943;-86.2739600724962;15.8425548616368
10.9793205104857;22.1434435170357;10.5149923769882
4.29202279394556;98.1960792531421;3.62258322765301
0.199005690364571;-12.6722317432332;13.2479033948075
6.92993951410989;-68.2830336848048;5.96278515713546
11.1798506118570;77.3667602516868;11.1594650742868
1.00795021188492;-67.2599395035221;10.3192477541019
1.42660622010771;-99.6528121085037;0.405290777554191
1.09717305774399;72.8718749544956;4.76374428260429
16.3842461795398;94.8071995107402;14.4899907844955
0.786136379185217;44.3149352127138;10.5316774842681
21.5308259325168;44.1310004111772;4.83178287809279
4.90234228266521;9.98827259824966;9.29342895099527
5.77480632777460;20.4038973703446;5.93042511152692
2.34170938913164;-78.7881418494418;2.70515117545343
22.8876427745857;37.7272001151101;0.662720040354499
4.07135552329958;65.1106016730601;15.7179834522501
8.83622924521193;57.6010697005634;9.35831075396729
2.03558429011240;-79.9466023103656;9.89013075105406
14.9145600909310;83.1004589900215;4.48031637798977
9.65770069602796;-27.6047453860582;14.4357787989237
11.7783967531086;-35.0661918311412;7.03960452152930
24.6673965760491;91.3302358699830;3.88308651550165
4.09379572365809;-81.8362447660029;0.695803117544726
23.6186678843315;50.7648190202068;1.95040393963576
11.5512900933725;-24.8589055970200;7.95804864674064
23.5535760763656;-82.2578439858856;11.2145043568348
8.26256495292912;95.8961328842498;5.16922515226086
22.2234971770565;35.4351504599385;0.205824433044207
0.795152700142824;65.7686120037851;10.4124160672006
17.8038822344791;92.5264624786711;3.03852236766635
21.4031000085185;26.2441484874300;8.32395756686665
7.22843395099914;-94.3017611660171;14.8223924860260
15.5120595884070;-0.851176797069986;7.48054364166428
24.5071421952010;-63.2545194846937;13.8862634945410
12.6890488600062;22.8740505110414;6.75111381833841
20.2895856773986;-24.3178054489786;14.2018621399233
17.2278159837007;26.6017910385905;5.94389539406922
0.916061624879550;69.4279406507311;2.11914348575947
2.81698562560028;50.2722024631228;6.86991012369944
24.6739665116836;-24.9040606344842;6.24002103664158
6.49045533821614;37.6059780016775;15.7205435864250
1.79414274194312;-89.4660542381127;15.6732050959358
0.398434522388447;61.0119828635416;4.91938439108684
12.4812612260722;45.0338658696739;14.9100135238462
5.32101778962738;-92.8721500627477;12.7918542115249
20.0681093481199;0.345140871289251;14.9985261224196
14.2372538688276;85.6197458799817;9.90848911119503
8.24535536767951;-50.4009888227528;5.88497477081494
12.9043248278656;84.2253029561484;6.54875787950788
10.3348091192715;-69.6120479180743;11.5131886230724
13.5749100123585;-54.0299124446105;10.1325258915837
24.2366957783242;67.1791320307320;9.17801808363786
1.87099090012428;56.4863594984923;13.0308865487984
1.18000763100536;39.9812995140237;2.34188489340762
6.87637068605371;69.5772524803700;4.26203857588144
15.4281282670395;-74.0719652059908;5.99171433046722
9.92981569394517;-67.7062328326306;1.64896442938009
17.6711971619303;-59.6631354891213;11.8299964031418
9.68681315158417;6.42926381020541;5.21626792665632
3.13998636852134;75.4969279934764;9.52650999660603
8.90005194671702;17.5708309962183;14.2702570918688
20.9505761821244;-34.8290797882755;4.60637578611344
17.9748444996715;37.1436968654969;11.8645010359864
14.1661715837080;-84.9026448576661;7.62504187162870
6.99206361442051;-42.5631274603567;6.63595732648337
14.6333190989410;18.5487330108338;13.2431141668245
9.72882194949112;-65.3621143382713;8.39116609168339
4.33033541672679;-57.8030395646188;7.61991925343607
0.606169563568354;78.2989694959931;13.7725861560183
22.8650195381861;75.5928250122862;2.09055995969878
21.1558443826479;-62.8884949166470;1.99310180354574
21.7690753059078;-39.6495389026386;2.11466303376901
18.8085509299765;-30.1399732184533;10.4434116453447
15.3019689479395;-64.5995522060372;15.6516309367207
5.02560860397495;-64.0192871342312;9.41814641527365
6.42726879751543;56.2893419892896;6.67573760118768
0.239700417697158;35.2441588959086;0.143384555306952
8.48235398834382;7.91038822875723;14.3334789141440
18.7347330926523;24.2619606514412;15.6045726093628
7.03991473530258;-47.5478309997535;15.8626655611571
0.0963902172788771;-37.5636806683439;14.7564775203328
0.762297024899340;70.7420468374267;2.91450575978716
17.2862975171569;-88.1820623101983;8.99323209625581
6.80510445230372;-32.7274084971187;7.99910721039131
2.46665245808981;88.4978105206892;13.8305416752581
9.53673347256838;-73.9520628662470;5.89754585494574
15.8336230794024;51.2869691192648;14.4563309122151
8.52557178268550;-86.6803972817041;9.84485915574464
15.7734600046139;89.6023577819348;12.3536273196634
16.3285965488955;30.7341344862041;11.7051370771648
22.9166357471696;-79.3507141140067;15.5768985998262
17.9547332227976;-19.9464886762573;12.6625533658056
2.82350465242744;14.0418009548852;7.36254102232743
17.1256348364026;26.3981982771916;12.2387845362218
5.94584033114566;-46.0463829356685;15.5536490199221
21.9553117397191;48.0188732605340;4.09649840082731
15.7396498085128;-25.2497935264208;14.6518330863556
1.41357475163926;54.5950925233590;5.35343788479348
17.4913076589202;48.5471453144529;2.90325159556497
10.7626660157483;88.7952652536513;6.94941162838048
5.86523836833361;-80.4394301043527;12.1691737675005
16.5930505241158;-36.1295229572194;14.6617357315758
14.7846404278447;-99.8778016701052;8.02858693345601
18.8889488696077;-0.413971153779946;5.99557110308019
8.17444369597632;93.6742451417714;12.3452517067447
18.3123855724620;-95.1918183175602;3.03622461016998
0.734398780621987;-0.0139636767582996;7.63191120230035
2.71453058616402;-16.7513961328378;9.29856238802956
21.9581922243901;65.4357516537547;13.7177149565991
8.21068682474919;43.7430147106819;10.7432947789831
24.5384988134366;-91.6054309341811;3.09516958642992
14.8045356500429;52.9136656007087;14.9362387109827
6.48766407263289;-63.3945139651973;9.58291270215390
8.80731292686899;19.2116664038858;10.4623250827029
12.1850433259627;19.9062922251875;6.00685948842374
6.91711665434306;69.4635824647439;5.24912597729857
20.0516694943007;71.8755614003680;0.513822384938770
6.64784790863397;-69.3710045571451;7.01517407424041
4.75889679187249;47.0972662355766;13.1377344118052
18.5808224911088;72.7235439036045;10.4367746467743
16.9883186571429;89.8792962746321;15.9115363185596
17.5223169813055;-23.3527036909354;9.59796318787049
4.09946721015634;-81.3057300013868;8.29874396639799
9.63220579632906;-60.2070804952695;1.15529526079083
15.8854399586625;-27.8248439311960;10.6072407713467
3.82508679852614;84.8284771194169;6.56175162357547
4.08141317471410;-12.1853915394607;4.15739845411060
20.2822786321129;-24.5768461426959;12.2180707602461
20.5716006800815;-5.03968420271757;14.0913917937610
21.9390586047262;-83.0721882788056;8.77377853191650
2.97377271804010;-4.42089362870688;7.22341267721576
16.0294159930259;54.2572611451979;14.9641937186533
14.0606855407541;-70.0387563923227;1.33461486946699
21.4253019279714;-39.2888115555607;5.88866093930055
18.6916640825563;96.9784916700593;0.530109261661686
0.771108719464891;-20.7686236995988;0.736073012206301
21.3386521028476;32.7405396060762;10.2494393475134
11.7184002807869;54.3769298920724;8.16298354178939
12.1469908833304;22.7618565132718;8.98876656613053
12.8948754375160;-64.4096510461878;4.50318682472536
9.71152582687653;-96.0979569414541;10.8596532856826
9.60743551127638;-60.4490941541798;10.0298121442655
5.11998634671757;9.87183575116186;11.3431216282428
2.71893885319707;-37.9036295106464;9.84586614188077
17.8760367632959;-59.6378645496508;7.19314807295025
0.557731978121872;-0.110309416622023;11.6397887029344
24.9418686370947;21.8322978570252;15.7570279939590
1.89803821878946;61.5564241583295;8.55161695360210
9.80789479011251;23.0849922781306;12.4781061544397
8.30149228864994;-18.8755027439866;15.8644475075374
16.3410636191431;-5.77554139622680;10.1853948473664
12.3320831845326;-98.5386969797817;4.37237804314967
0.582937609109777;-12.6785089501519;9.64927782348437
1.01829094915898;-67.9274927804039;10.1766456715437
10.0986140464539;-6.16069092764080;14.5773728922175
11.7284584520189;63.2877608633828;9.85027691912006
23.8454747095322;9.41887642543080;15.0986381309988
7.22418729296454;-91.7282524633364;4.09174465984480
16.4591808128135;-44.0411284932100;3.17129433943694
16.6787670302495;-89.4517809411689;7.10192141423982
0.249036298285413;-29.6831955803280;14.0347472698553
17.9022307682255;-71.9277787201133;5.57424235463118
11.7939442186183;-28.0332092011244;1.72035217710146
2.20211883241394;-59.5701730803596;12.2357677061560
11.3662737229028;-41.7478119721536;14.3404279403497
9.23881673895743;49.9396588199290;3.01828637954858
23.6413849332959;57.9972579039564;10.7763597636165
6.14627190849681;98.8299886517909;8.25423681327949
19.8345182986941;75.3798677786749;13.7914143879974
22.5938911453881;-58.6584588453964;4.77047895545034
22.6861425843260;-57.9421296119585;4.85275046261146
5.63939473358877;88.5251297246021;3.53767028445059
8.35340893735142;33.3808172688311;2.23734479087806
0.421463999531065;-82.0376755538849;15.3441877627783
10.4393569800736;-2.19477685900500;10.8909259098721
20.4056671620425;-69.1083545909801;12.8767089461486
21.0259521423402;75.1055595926725;8.57929928428236
2.10143930520061;76.9646521450986;13.1432931378106
24.2447286310841;31.8536274111396;4.19893159216906
3.77867280338356;-94.5998066440364;11.1312817813929
19.3999618137616;91.6091431255633;13.6165044195444
12.5604082871354;29.1912523769131;1.39445398549116
18.1297184554255;-81.9988994163390;15.4525885352697
19.5382135773566;-43.5999668830652;11.2146808632211
23.8028427577096;53.3906914833029;1.20856828021119
15.2148259915309;-60.8194682241827;15.0854349726048
7.60729361258481;-95.0141167841867;15.3994034560341
22.3859098818488;-73.6521131075958;6.22004500852353
8.94526937193348;-30.1986497873538;9.23107176825939
2.96075624178479;37.9065563850569;13.0745847973982
9.02935604931596;-80.8787004629844;1.22469642969705
10.9155998739389;-0.156085425567598;13.8450075493803
17.6630931269602;-73.6052295618502;2.90194565988665
22.3623346997716;25.3696021893598;13.3547853216216
2.74693173022320;8.77196918946939;13.4565688573276
21.8070485093882;20.7589152676543;8.13788001906094
2.18313210785802;60.9082438008812;8.32030427590076
5.39236003634755;4.47893912354944;5.87032474702616
0.188579220554253;-79.7906139943371;14.7776234305229
9.87091601387437;35.6812947862074;11.2036429445819
16.8500749476026;63.7088698915765;15.8516584835931
19.7391250187228;-24.7964981368394;15.5034598901664
12.9801321232504;-99.9855942349980;1.48364466282899
13.8880912426688;-96.7429388265203;5.92954018530151
12.3383907838151;-48.0942812486454;8.48261519487082
23.3837370049126;88.5532542415352;1.28948193490255
22.2938387088697;-19.8294765749047;11.2688829375474
14.5891393931500;-70.0110801166327;5.55154541997730
12.8654927019999;-39.0073901196538;1.79667189790745
8.76036054030055;-66.8618242633464;15.0704106813393
4.22509160204036;-25.1708328758528;3.31753341488903
16.1814657652698;32.8459281414490;0.156877144095896
3.77109250307168;46.3319295343145;13.8970084254769
3.31044292096150;-73.0061417783267;10.8581534092145
2.59648531162815;-50.3144147875892;2.74727965931303
20.5155406382962;95.2761299711942;2.82657736621673
2.67369236085755;40.7691102896965;14.3336845247443
9.00946391798894;-14.4815499222413;1.29563389341938
18.9452696869959;-71.2381417922020;1.14949518970952
21.6990128917944;-8.29206442630299;0.374965300083996
1.91798566096384;20.0509539547471;9.16013768526135
14.1652604955278;50.8275617782419;5.20625657135026
8.64869818284862;-62.7519044981623;8.39861309388220
4.28770253249571;64.5948750478892;6.43052450547188
20.6940644073358;-54.2309116205094;10.0676958563401
14.8098032581435;81.1849544616918;10.1059933312017
20.3771973831749;90.7051936551502;5.48281871392969
8.53674221011583;0.303549545736792;15.3065535266065
22.5476114768760;-33.5761960574571;5.33351576937425
2.90861865363710;-61.0960808487986;10.7366691501650
14.7878804513624;-84.1769518819524;0.418778224443784
16.1335573303991;-67.2723268932492;13.7883696812811
1.51248401347880;26.5724196790276;5.36277408308130
20.3320293371969;51.6761017721301;14.7211090143376
23.9649408724998;-2.78566673613181;3.93727418811474
18.9675157650140;-46.5172569184383;1.24253471656476
12.2974850079415;24.3035461653419;4.53510735712804
14.8237676316511;67.9960718468753;4.84706492458127
9.31988160636860;-60.3555338963534;9.95452562993289
3.70148426908236;57.3966018447673;9.30854078131846
7.29588391378113;7.67819522864548;11.0770761650702
15.9232512829099;1.80688158453388;2.29698079644469
11.2323976668912;11.3931507410065;5.56807201238335
21.6719280859957;-36.1940918725622;9.97428890929631
17.3413901140568;-17.7405650986356;13.7436320819600
15.0944681309266;80.8900881011581;7.54508933634324
9.76457413854119;73.2672915161052;11.0515140246977
11.7969170916257;84.5067924820343;1.50014120755561
7.22347438612745;12.7474966678770;0.921564053802060
