20.6300397475368
-41.7975800064009
10.8182901487733
2.26975580158750
-5.23580486663622
6.13556036540770
5.15946015783603
22.0486536220339
13.9471466952710
19.8310004913511
51.9090029243834
2.84668495455599
17.0432888172113
-29.8941698643081
1.68807176966737
11.7497646229749
87.6813825152954
2.32606195323402
22.4442157324194
-71.5108425693601
5.25233477046702
10.2132469342479
-29.6721296103310
13.0585301002563
16.4637102305284
10.6769995172908
10.5674259794687
23.9604858676601
89.8733845016037
3.79375314440913
7.54550918629992
35.8464026997426
11.2769067027134
18.1213947592342
-56.0648884155084
12.2596226858328
18.7975567572955
31.0319150100748
8.59908580253725
4.64076948445455
36.0684812717359
2.51115639100883
14.2094971501836
-86.1710907171820
3.79520376357909
1.52781421548861
-78.2724542377563
3.08790900870113
17.0820397015848
0.786609509135672
12.4636310212648
16.7181475552411
20.8323612909892
15.5242557266402
3.35499371823796
-85.4868044326233
5.73801477129569
22.3274178436540
24.4665059934229
13.9798274544674
4.24160899196333
-42.2509769550938
2.52948351852735
13.6027489463037
-92.2259410201466
13.0411555977400
0.865349010703358
-13.0390077076244
4.61625398044611
20.3641028330300
-66.8917386074282
0.828630982763770
14.8775616464200
-57.7365754955376
3.01406356396534
10.1450093204539
34.9858143874389
10.8091687127533
16.1008802440181
31.7227515391493
10.7825238088902
9.15857751544259
7.98557007342648
9.31385321825236
24.9992582551890
-1.76591098832228
2.12161795771145
17.6511307009819
-96.0638854466244
11.0524696770802
4.92004054222499
76.3718108842385
0.302999072594973
20.7393285171207
-35.7145366173765
1.78825236221954
7.56221327168333
29.7736210718587
15.2080370328437
13.0754417078548
61.9863529862131
4.08892508424850
15.6216152680781
84.2985705537810
15.2538207239424
0.118779469329930
60.3436412965694
8.11954564898543
19.3842625078223
-24.3663190489707
7.01373746335733
5.30989232252471
61.7707340433741
3.94437679773722
5.09946381379113
-92.1640310247009
13.8802438703918
19.8700536078279
-59.0375214319744
6.22950098877126
6.74751091104812
36.2838471932992
1.45231465118476
20.7697804103757
24.0982014048890
5.30214197316313
24.9315350294638
72.4960219556401
12.4206450225907
9.88440395278827
-8.61169114914087
13.2452786822325
22.4910664273037
80.4303833285329
0.895606631109530
13.2710848040595
-73.3177416894852
4.89200079969350
2.05626572279129
-59.1354686952465
13.1439782801822
10.4637350119406
77.4948628170125
8.32407646249609
0.472606067377827
-34.5271083611610
11.7750944319281
22.5380323572448
-60.3399493415577
6.63170370612658
9.37397325330075
-46.1440064366824
3.73487675157668
0.296088149388035
8.27675697655834
2.32124205230219
12.5287495001941
-85.2827991831676
4.45483834695609
11.0845932055268
39.4477100040386
4.50179380929242
21.3110952390415
27.8015704190484
6.69366808355017
12.5215707099687
33.3309189650103
0.507428162292158
2.80488727439028
20.6829564241989
6.83026000442155
19.7850329791541
-25.9652872786220
0.855263322368286
23.3706719992324
6.59579815923153
15.0014411003759
21.3971921662286
-37.6496208509649
15.0977294447694
3.87516520575261
-62.3378591931649
9.14425522096976
2.03251451415484
71.8730091602994
12.3284875533209
15.7065554044344
-9.61396808345141
4.65438807034496
2.42391857904465
11.9926424317257
1.49307992472163
0.835818099776875
37.7558420194795
13.9431848305529
8.09025118824688
57.4802490602983
5.59672169441140
16.1262768281400
59.8994168184988
10.5932954123477
14.6069023463516
86.8156457038489
5.74808268838460
16.8044246443779
40.1516472282646
2.63993411907782
19.8172205082975
44.8349082693108
9.80586448172981
9.50485727675116
-61.0944787618222
1.29988371543162
1.98233288918523
77.2611486640553
15.1655225183018
10.8547962587363
-6.12253120993938
10.0064977285718
19.6368461199363
81.4821663006640
4.47318196944969
7.62204324188695
8.26172759483550
7.99261013428082
18.3507965633103
-70.1720556033655
11.1887537326190
2.50492943732587
73.5599013530018
12.6951784973506
4.31917700936030
49.4796706311580
8.16708130410373
23.1278890371228
54.0390522869385
1.38344893565381
19.7105623216211
-51.9337983019416
10.7443401709586
19.4706559890279
-72.7141757940680
4.87330617693589
21.9326564193192
57.6009089080431
15.2211154925879
22.7430233880787
77.5086495028651
8.66013882052997
23.2596500769678
-29.3243797383161
2.24841082843756
10.1001429878776
7.59900775175417
14.6167471002941
7.22873579958057
-19.6481295513663
0.915860700062950
19.2177330613698
-80.4300987868643
5.00732141180991
23.5970099929882
58.3636743461057
3.65265933618714
6.98491661072602
-50.3232655729214
13.8628007644451
9.27826100510604
-7.60632686692240
13.9395753467985
6.83036439149607
-42.9168553742567
13.7947812342586
11.8384804492705
-79.9432153870435
3.75824277653084
24.0136050792921
17.1849027669589
5.74521264777522
2.54391927929017
-98.9058162745259
8.02321798218470
13.5161168912934
-52.5123560097034
8.76468183390587
7.68827415598556
98.6749081324570
7.68124348794705
3.79126989177691
49.4398545736649
13.3778894543518
10.5655626593498
-82.1868524258461
3.17028142308249
8.10528678944611
-86.1855145308729
2.18126582080196
13.9101713906468
58.6778847022826
0.535638363196624
4.61100329053726
-99.1040854000954
12.5412295689656
5.37257626821230
-56.9985139309355
12.7020543682349
14.1315402089105
-45.2940368340509
10.4529064767931
22.7161733729140
40.7220984472975
11.0723011245647
17.4974925371480
61.2192246484490
0.674357103569109
22.1365551042182
31.9253745304932
14.9541036196443
18.5798649438075
-6.11592635728280
9.58007674635473
11.1170380344443
52.6641388067598
2.23068884820627
2.96507992221479
17.9265222150234
12.2733984890616
23.4817403151511
48.5000640722391
9.85460946360075
14.9112986725331
23.1407319409292
9.23824077135306
8.27531649830741
-42.9697494241981
8.11176853034073
7.32503388822945
-75.4685445111027
13.3018244100659
12.6020405376116
-4.23794187506574
5.47572003528012
21.1195275628183
0.676322062937507
14.0560909850413
23.6416052593463
-54.5508611334931
4.96168174109368
21.2077781005242
15.9497803004494
10.9250851861690
13.6004551900581
-47.8011132561414
0.0794496513866179
13.0209891908844
-89.5443595821395
5.39258903761373
13.1554415542573
-43.8190970725401
7.31818290807226
15.6270652177600
53.1947784793693
4.63182787583146
6.97021750437918
-26.6439809855010
12.3042656145878
13.0471694693039
-65.6021914509245
2.16058470823228
8.25604024463654
-0.717893566779893
13.6326251548363
6.87737266261399
27.5435755655137
12.6139903521776
9.32278295856028
-32.2773573939468
10.9114894476769
24.6580504088303
99.4843798657226
6.21811184067139
18.8338386589827
76.7078744067354
13.8752875547554
11.1497498148197
89.1008521027314
2.90176666189563
21.1444516759800
90.2779043099740
3.40059051207648
12.5356095547540
-95.3768281879372
15.3984982682649
13.7967915892853
-7.54800258798818
6.94045012530732
18.5689720075611
41.7545664576739
9.52893730148552
6.81046214219210
76.4921548927120
12.0727695869093
9.65873281881137
-74.4744881236377
11.0768020728574
18.8402585368241
-33.4422088413906
7.10281450528931
12.3367758733601
-42.9653213031279
9.85200393751084
16.6294856499989
-54.2661349393798
2.67520137917207
22.5467611615852
11.1063004769398
10.3803927901453
8.35727671801091
-6.03634721710040
3.96551077122002
7.38926614039727
-47.0875463444893
8.25068426244261
15.4525272810730
87.1034460572946
9.06123360721554
4.56197989756406
93.7769695605694
11.5463095160598
5.30367677080000
-56.8553502621888
5.29977098327291
20.1588167878439
-67.6148097757084
15.8494579502266
2.71796845794417
-8.78208948320845
5.09688261783984
16.9328026422081
-49.0357412504745
2.74381510955826
4.87211489154060
-46.8133972525767
12.6712155126156
9.29473958285248
98.1593669278620
0.831274021556300
13.4929438214494
11.8140313481026
12.6704380053924
6.27846052655827
69.5613663720232
13.7861981281448
17.9787447494316
-34.8128051825064
1.70282307555023
8.02910506214322
-52.9224742599357
2.78190511758476
0.940963228040012
45.3015560006207
0.237357650022908
20.2965307133813
-72.4579540226663
4.57028091124131
1.13276148415141
17.8050118722078
0.117887606720357
7.43811201713294
37.0712143106634
12.1921774882216
7.59793773303549
88.1276426911231
14.0788193509307
13.4096278241251
58.1888211516688
12.7265983061080
3.00497879881863
-70.7543153741482
4.25041791978890
19.8816708135860
51.7619974013556
9.97417723407587
12.5637688871137
-18.5133157431722
0.842838621128708
5.69962886419044
-27.5659401189791
11.7943569096071
20.7820503199416
79.8708390039819
5.40096871908421
2.83608400550616
-8.53125067130678
10.9094936966998
24.9831235169279
-66.6202714806094
5.15183209204213
18.9575581656037
-31.1088367789102
3.41969536778772
12.9614970493978
-89.9209989756839
10.6024187911929
11.9156186755836
-81.2827527658491
0.0187013835226821
6.81270400048578
-67.2638376532530
12.0274107334001
24.0790614652995
26.3633759845582
11.7946267217935
7.98617059006416
48.6634490188507
8.87293877492725
11.3238070531946
55.8442972016224
15.9372787012169
13.3304585289835
4.16166810825895
6.10852928516745
19.5845005130306
-95.5156689281315
13.6254194814095
10.3083812133738
19.8988003276140
15.3016044014836
22.7449004070655
-32.3666656141096
2.94668392413388
3.01627582112554
56.8766998653471
4.43242198258328
21.8116635151914
79.1745144247083
2.90430663739450
16.2847051752671
-14.8187076471992
14.9705319057353
10.7873922574811
99.6290037251727
10.8689230506110
3.42907714603854
66.1537000485715
5.50167021550581
0.460437192838231
25.7683233127108
7.69222194259974
9.14346571510336
57.5585377006073
7.90945896917304
0.432722063262176
96.5660275799272
6.04966974000892
11.7860865291734
-64.1355874136709
6.93368468831955
3.29148144432881
-13.3410065202382
14.3625953258850
21.1213219169353
-16.8487809606198
5.06271717673051
23.9351648359875
92.7839048755513
11.3568849166020
4.90326065519927
-78.4898833789220
12.7729637255720
18.4435445856192
62.2524361784249
15.5218514109174
1.38969980347977
-8.09478626401423
8.51004087251660
12.8623445905652
25.1236107521925
6.41674462509140
2.96962125314402
57.4390524035796
13.4506578229559
16.0662941250895
84.9403766795771
2.66003231726513
4.06647892181669
85.5560997784376
7.58809488751459
1.54180264523779
98.0135896624005
2.68722997249853
13.9625874777366
84.0678004180239
3.41738498109893
3.60944961627599
-13.7743919313983
7.12403152671775
9.20704499634765
55.5341738283137
7.83125060411043
5.02979437347474
-16.1553385312902
15.5649687301666
0.00450609766379984
32.7705440348352
10.3413861997427
20.2500161598609
-60.9119874542639
15.3988796003608
22.5767543547486
-65.2736824657903
12.3546285516890
11.0163348141537
91.2912558543619
14.4788151817472
9.14585878323012
97.0073228558241
0.395477453686292
9.12012620260932
88.2755663173622
14.9066878311637
7.19686980932434
-39.7053460279810
3.84650704130455
20.8773428854702
85.3242852117275
2.58024889163274
24.3970102759106
6.11682892901464
15.3810578247637
5.35726323175463
72.0541402701367
7.42029999670443
16.6503117263724
-45.4110124986387
1.30276164969168
11.0187209406746
88.5153926424830
13.7959954549483
10.3196951185147
3.98298366014058
0.421307022827486
21.1638104700774
-3.69812664345599
14.2399192769619
12.5591130949040
-46.1367484901686
12.8954002772120
5.72544933598052
24.7433164378213
6.18375104063604
17.8010672186811
91.0785717528274
10.5088522617391
10.8045573654346
-12.4506700327486
5.47127795508490
10.3986502547045
74.4845871333391
3.48122869268938
23.2816256373752
40.2819441334323
13.5754007634986
3.67800952088721
-4.54352837238359
1.37803097047122
0.495954979284068
-22.1200884624126
14.4437323980276
10.6004370662934
-21.4899930709874
10.6664607968610
23.6700527879276
-66.6684031646342
2.82297075198645
18.2692594658700
-22.9846468293700
9.78374243839180
7.79771493710426
-51.0249547328379
15.9057567291137
3.87687806341431
62.1132461852575
5.33515374430821
24.7278150616816
-36.5638022452460
7.17006112578249
21.3224630895978
12.2683137349298
8.05281974016627
16.8399368457963
-41.4512468248620
0.879350259074503
6.73803524038095
61.2062097050640
8.83427805890142
22.5637475817574
-63.0904397261496
7.15611972726141
6.64264775647241
-95.8121566472923
2.95999019352800
21.3412895920420
-23.7895393957437
1.84668263377085
10.4782270892556
-74.3050556597710
2.16818142700905
2.14216842519460
-94.8676997952195
15.1897616441145
23.3864505735392
-15.5849885083083
8.76659341189144
20.5892019500449
70.4808968984594
1.44043330837518
23.3113135279562
-64.5066558469575
13.2243709775197
15.9257670318672
-77.3671950244523
7.61671813208140
24.6628808607190
-73.2095261734975
14.5422863292584
15.7312892094271
-69.4317200347340
3.11977271954947
10.7271804471165
4.75665200001623
6.96204899777188
6.92543317585225
-0.311932168143203
11.0135569351635
20.7332607685523
13.1195456576019
14.1247602464541
23.2365239693914
-11.3946184175851
7.45138354879034
23.8643890599474
-16.3252329099689
1.30779959088150
4.17292559060854
59.6475337105382
10.8906261831394
4.50918347964647
-22.4688290764054
1.45775073727865
23.6926290479209
15.5710043666919
0.899089464304314
15.8017734868597
-28.8943673917375
15.8041378059086
13.6609096076070
-8.88936344857871
3.74103735132898
16.1651512798934
-20.6225926415648
12.9965738669476
24.7558797562552
-70.3956385026237
2.26731667932910
20.3273588296232
-68.1567367001480
12.6087310720242
22.8339646270278
-95.8526889826091
8.59591672579047
13.9780537147295
-6.72341070984575
3.76966661056633
7.82157020432537
6.16701973022362
6.54674290493024
11.0989164290153
9.35595866327397
2.61490286638030
6.64895151302218
-91.5655128675192
7.05724487165678
3.56789694613767
62.3120186481507
6.82928573221552
19.1762909061204
30.7487188541918
5.02572316597504
15.2252045464848
18.5918288754101
15.0700870377141
5.44433194001193
44.1424220464780
3.93886117477439
11.7338620052505
-20.6040398303534
15.9700150442935
19.8669670101156
-57.0123009178034
0.899638589207068
14.6518264257030
25.3403995856488
13.8176918639496
22.8391824289917
64.0188636532322
9.37849647383263
18.8003307536337
14.0697900129261
9.38828416349818
20.2332128377754
40.8938283279440
6.30056432919087
18.1753618569092
44.6737159590446
7.76743714262095
21.1345412641378
27.8143560576444
7.94909821444941
15.3971988865816
9.17915613989186
12.8196849405593
15.3380093574641
-74.4940605191024
6.86354033269984
0.242018660172590
-96.6485000765085
9.69642278111939
14.0786270007675
14.8876228214824
10.1220172337921
21.3519299955529
-19.0708410971078
8.41108180227046
11.2972728629263
83.5850140260374
6.46491649777217
8.45763951290953
-76.7422733594010
11.0333472116453
2.12921253580697
10.5235651981980
6.80371650035940
22.3720735169139
-50.9816758634785
3.81922462413073
11.1176562762157
-64.7927105924990
12.3910073505995
22.3395483217849
85.5018543843015
3.19899139730778
13.1793792262677
-75.2926326559112
5.33424034477646
11.3251608714869
60.4275244758576
5.53719385909705
0.353392543997719
-32.0311919424718
7.02847889596208
6.69567723474369
-78.7283585332390
13.4479155777527
19.9665647086381
-28.7548819264903
12.7700456823391
5.13420674004124
72.8356316054566
10.6522531674653
16.0704175755951
-27.9552756729632
4.05366658165868
17.3417701578214
86.4095354030080
5.58808736022871
2.42681877811529
50.5675607161323
7.28335326564300
18.4836455486386
28.7863030173847
11.3075839925548
24.4026648957584
81.5849538881086
7.98499968823134
18.9349528653577
-33.1392283780450
5.57454772443973
5.16357906705472
-20.1227667234461
12.9035305232646
4.37530360753471
39.3323686389492
2.76999821608820
22.7705465898898
-51.1685743114036
3.43852420534396
6.74000356100212
-36.7538403990411
13.5260879315026
4.73577327269628
41.4593953732371
6.93160179814791
10.8861453620756
5.85894555674846
15.0405701028674
22.8102119840445
96.0100745844936
12.5181933706828
4.75303361263004
-26.9039957372146
13.2493082745739
17.7254675574051
23.9681278386444
4.40468375408125
19.0910964209350
76.0536152713193
6.21041193624528
6.80364878891925
6.58678774929384
14.9375449557461
7.37684795302823
-75.0571089539494
7.13496724411693
24.0305228344410
62.0754534517029
4.21076381050781
5.33493123541077
-11.5359790148990
11.7936151609218
9.51470340411785
-14.1969020485606
8.88817827600005
16.6932832010512
-70.9019307451070
8.12355099526431
9.35396356268907
-55.7247192859597
5.54667748789330
17.0782707720126
-24.2698714631969
0.0721206020590834
24.3830111400469
25.7477837040453
4.52323941376498
16.7230922819663
38.6239052941335
13.5241390461856
17.4358213457953
-30.6051348470010
5.03704258041952
6.18756209056023
42.4817237326295
15.0611195351272
21.8131534353705
-56.8046638211282
10.6922491681920
19.4141855306624
22.8630711623206
0.164094969872842
3.50201420538004
-4.90752408761763
11.7857522333566
6.31954974988268
-31.8309903520763
6.09202748064968
13.9269952835309
48.9737628037339
15.9838684909333
12.7461330306011
33.9348644514479
3.24289635055843
24.4003295759326
11.4304743648094
2.39618546095483
19.4978381207465
45.5625850191880
12.8177254627589
6.07369570678470
87.0487985905344
15.4460799794253
2.21698912516250
-47.2966888607884
14.7421930043499
20.0861557569912
-62.1428432190351
12.3062632369138
17.5798617381795
-45.9260278819469
6.92946872704107
23.1413115301111
-70.3455201896352
0.846188446736242
10.0620953344399
-67.1277711156837
15.3604905363966
6.37935445505494
59.8718478586033
2.49301704213124
18.4982261879975
-54.7514108201699
2.24696872038769
10.1403172942493
-86.6304054765231
11.4410957106500
13.4806756505936
-59.9687478611901
15.1296324046805
3.96885669725096
83.4313286757296
11.9187705757691
24.2403366656756
-39.9601396241261
8.97815407433830
14.1390433928770
3.90946985025877
2.32577257280848
3.25346182607046
96.5285093746656
10.1454331331891
13.2750315350942
4.22007901030808
10.0410744832412
5.93567505586042
13.5171808918446
13.5723570845532
21.5005746424053
-55.3946138470294
14.4447271293295
22.9972415084771
-25.8718104693072
1.94232754184504
14.6259628040727
1.16793808923119
1.27435768410199
8.52467070082620
-8.78764117242530
8.66485790829248
24.8544864012594
85.4065225531726
13.4951626521777
17.0279113693760
42.7211304576260
0.878783155687433
4.47144999625541
34.1909082792054
12.7624676720887
5.89609922835501
-67.1053408675545
0.189964136228028
18.4099188681944
-71.7358611540187
4.72613206435102
13.8863876310929
-31.7655955410992
3.51654686104529
0.990656543741478
-97.1012385702450
15.6813809059706
13.9288726248961
9.01936768211611
1.48251539018050
24.3806370388602
-25.5968189840792
11.5463529074676
17.7208531598553
89.3734599251685
12.8922143842895
24.1601410950138
48.6490212956640
5.51094623664911
22.4905942219807
-77.0957385803066
15.3766010250392
14.5042822312961
-35.0949201687601
12.6004739977747
17.8335326554895
22.4942354158676
7.41174678046342
21.0921812751643
-3.83562280654519
6.59826281329974
17.2071754736629
-63.7220980582413
0.175270169662735
4.06174234311728
-57.8611577047335
6.11099867946054
3.50993981893980
-64.3332020507616
0.718183287121658
8.63939254145039
97.8092249783527
13.4804857573468
20.3184233181784
2.24635144418759
0.969047433962983
0.124026244002822
99.9859680088630
2.76894399145037
5.94334322434077
-54.0971104129217
15.8205783897862
0.796650935988655
99.0251104281321
5.47225525722124
16.9235668415551
63.0765881538254
8.54249543121899
21.2902788969420
-66.1346472584648
15.0522349711672
19.2353346724116
58.8675525047575
0.613451651497693
14.4111782112421
-24.7347398480394
2.78516615947110
6.71995989759126
0.809224553348775
2.71792917734290
22.9029729588827
-62.1627243625727
12.4344930338049
20.9161751881853
34.2116035296108
0.543875422747570
23.2580952853838
55.2940486341118
7.84592561413976
22.1599824931875
-71.9501384072204
11.9514297419139
19.1139134267288
-93.6218631341511
12.2671579261869
15.1975940298165
13.1121114196880
4.90325907510460
18.6917770232251
38.9932844618989
3.15230134200380
7.45496844725154
50.1785034011249
8.02180473404365
18.0315328093072
37.2647700052507
0.470834408223427
22.5365053426625
-0.408645762831039
6.86148153891876
1.10173383920904
-11.8349274494225
9.31636744627311
8.56220357659380
84.6298222377033
1.12965798343196
5.96001653456016
-34.2516660992025
10.9137658934472
1.76731784112158
7.91383319698880
13.9554687824130
11.2106857819641
13.0176491054796
0.781196119669517
1.76594183041786
-30.3078809593853
1.12712978627248
22.6009492473338
93.1682197659914
5.92524485300574
11.2768719030958
-0.596910941765771
2.91561388742424
13.1960900437995
76.3050950999832
1.01044146407240
24.2848368267691
-1.64674304900296
5.22614575745794
19.9669042379456
42.7250976016916
13.7690734605539
13.1115462779437
-24.1588938227948
9.52314629052989
7.98884633497260
77.2911237325337
6.72650010847480
20.9550696239697
48.8888492579800
8.03230610792090
1.52646593141291
73.5955306049128
5.60325438337526
5.13166964959880
-50.2608431743607
2.06200284632019
7.10480147594539
86.5365868042609
8.56395602770428
18.3249947090204
-95.1239259420943
6.35998481600615
14.2592091385261
56.6989674516784
9.55883903549434
15.5981347094374
-69.0681048955096
5.49070981228242
6.41797449571750
-85.3489776454133
3.06288883072784
4.23924127562210
71.1181033890415
0.0809600016139633
5.98366648533441
8.45418683876624
2.12960941616331
2.27586953718639
3.82294435005586
8.58736443681016
21.3711031865707
-71.6878796008507
2.51228793679291
21.9865056949363
-86.6209234323145
6.84159509691716
17.2844428461541
-58.3475434135648
14.7452777292650
5.90976390375549
-31.0986367282601
13.2312594103522
15.3945912824777
14.2070856146204
15.7778522348666
7.78417492641662
66.7287860139106
13.6984166883506
11.2973922696644
89.6063022481496
3.21792063367387
4.08588835986230
9.23866185649149
5.21702622455527
5.67968730141268
78.5650276961566
13.4879758970064
1.07689676136635
60.5509916082145
1.07774518826536
7.45491928742576
-71.3268122012924
12.7533991536540
11.8350493400045
-18.1208268850535
11.3798000491317
8.59266834950071
-64.9582422733436
5.70967181356238
20.7197010182633
3.33243369114502
6.55618261421093
3.56850639512375
-94.8886119576677
1.05655592390185
2.18608636389684
56.5192694305045
13.3896976774343
22.6596632433708
27.5763879218644
4.75192043292044
22.5938871592844
6.16452412885347
14.3503430246284
5.86405160822496
-73.3879495224383
4.90397176260842
12.6951072199267
-45.2760102681293
6.50488698755562
13.7656871038327
93.3028453197618
13.7080701319490
15.9582820605749
3.53244462051143
7.62687969689305
14.3197474345539
-0.369648435934367
8.06230502382774
13.2867353307293
-42.9307829244996
10.9088969773856
22.9775754797968
-35.8368020968342
4.46089517936714
0.398519485029713
85.3853962973812
13.1300405895197
5.18332726221145
63.1675449603035
15.9663713669504
14.5689186882073
66.2653090607594
12.0284737494643
18.5306348010257
85.4794331001190
14.9222804595165
13.1607348482925
52.6495054254499
11.3927511423597
23.9441766766820
42.3882331668880
10.3026877183078
24.6488430046558
-97.6565788210846
14.8155472199148
19.9602528510454
-24.8409007344357
12.1709105912058
18.1813164833122
87.6328841818925
2.52809445048577
3.90966266798884
2.33829638392808
13.5524586809028
21.2249488884642
-24.6317090165206
15.7016454026551
1.28876625420941
16.3390089296460
7.78953276859551
16.1064699501384
-84.5853972357809
14.9221247316530
11.0470535386189
-15.2901825143848
8.52246132555273
0.332971193362639
50.6349328042686
11.1973893454273
3.70096983164833
11.1535358107940
10.9504948130554
15.4485044541516
-70.7538988198379
15.3910895341164
23.3411982978579
-61.0903407115476
11.4326853334351
15.9647755308041
89.0934003341703
11.8722590422131
22.9983425796739
54.6984147273182
4.51586667960720
18.5197146359126
55.7730772678586
13.9228842074930
9.46633861321326
9.75537965524360
1.96325534795856
9.03537435919882
38.2035076787007
6.26229849648581
23.1665063555912
-16.5478987567011
12.3602173981535
10.1987295250381
41.6528153450790
13.3471180408566
0.402331598468400
32.6069050465878
8.13406823161707
2.20028961270540
-89.2156873444896
15.9722066748684
17.6475365590459
57.9140405066429
10.6282642098012
22.4852953895029
-41.8684398527248
1.52637775646066
20.7481885723434
-77.9771833702240
11.1179283770198
12.1258764411661
76.9186183811917
9.72038964536078
6.87215002068425
16.3970444162334
5.94739053339545
11.6151024781974
24.9608960821593
0.308096811120844
17.5754573000329
-76.7535564827962
14.9018008558526
19.0752802331659
-52.6157477332008
3.52918390320582
24.7890364601398
98.5569397785409
1.44528177648513
17.9950367232294
70.8800815313411
8.74603370888600
11.4243705348593
82.0464212686587
6.92955812772384
12.8466669074192
33.6962129253411
8.46810050042593
8.88028920270792
56.3136131923518
14.3282987271192
12.1144167128692
82.4556331035505
1.12142421261226
17.7805752021132
-60.4300291342611
1.23413537410619
20.4538153395583
43.3997472428380
3.15442717738169
18.4365217326822
-57.3202149023338
10.2476329127326
23.7014587257306
41.9899321254069
5.12522625181897
8.77633015948412
46.2895851952743
1.64841719044248
16.6968790552000
-11.0909044312027
8.96743119108858
22.2041734641523
73.1599612443251
6.86121628635748
17.2331524614604
54.4847168697342
11.3608212941497
19.0693336583609
-61.1423386536907
10.5202524736967
13.8080150488451
-14.1925677000826
15.1970071923593
1.68780716764811
-84.7471007014932
8.88013469131945
14.3734349877250
-65.4981109332295
1.51564214726080
4.98478386694498
16.8606753473537
6.86847178734539
12.9548458074453
-34.5726363590644
4.95997699030917
23.7862359892647
65.0179484174357
11.6748611850183
2.95671023280768
48.5308176704646
3.15612626763616
24.2152465844788
-98.4971022430770
2.51367599926932
21.5156708094635
53.7630212345839
3.63498013072092
1.40925463991514
-68.1684705857964
3.35846127409171
20.2544481229343
16.8032786316901
6.35511283054617
6.85726803690554
97.1778456893374
0.0530351246865788
0.454585766706680
-98.0329064197169
10.3058570395113
8.86086347058057
-13.9927086057106
8.87782457788982
15.8141020753893
-10.1222542158201
14.7091925721849
9.04882220895932
-85.6387339106867
8.54481639166772
12.8315262064906
-2.18919946542584
2.48864341950198
24.9665860440724
-82.5991119023076
2.94306682325354
17.9645438582283
45.8511449559124
15.9191264748172
21.8723503151011
-33.5383883788790
12.6683270628344
10.6631842068586
-8.65375407216638
6.54029289494416
11.6147688473886
-4.92675648735204
3.59480347775748
3.35306786075099
-4.60072986609403
6.24083423153160
2.29369558130521
-24.4585809512228
6.89401449360624
12.0438329246912
99.8577713539446
1.17115842842861
23.2572872522066
29.8817726651576
12.9235909528285
11.1777240378923
-88.0098691333068
1.36617225302033
7.76845193116611
-63.8514216470906
14.3275059175448
6.10494038807143
-23.4944624092724
14.0711456305821
23.5064048511498
1.18544194291232
1.75006347642526
8.56742076647677
79.1986402720699
1.16147640038437
21.7241027226742
-43.0781279286519
7.00260051900559
23.2550194622425
15.7921670820579
14.2245065370843
8.43631071625724
98.5406154523145
9.26586206825835
6.77917769440984
86.7521429782371
15.5529224218672
13.1530427896259
8.35013163780321
9.15045234653689
14.9687145550863
46.6884089191636
5.04904695989398
14.1156962327966
81.5239501352636
12.9038326852659
3.10362677094363
86.3628387117342
7.64271489806042
14.1753572442020
-43.8959770026855
10.0220705860986
11.8207793582529
47.2639087646122
3.38643318288329
6.74267814162806
-21.6711866648547
0.672262240082484
24.5986307662912
56.5412599346531
1.46534345297726
5.32485374900221
-95.7309771422986
9.65546101950989
6.24881230498279
-83.0021203926922
10.1663149094238
23.7781210374951
-51.4502165598573
6.56240536767674
18.5768092659951
-43.8884901373706
11.1200922360915
12.7914074524695
-43.9326663032612
3.44474918658743
11.3777870318571
-34.5605114263370
1.22944031768782
7.71317752642194
39.6745708929789
3.77030856462803
17.8319710732689
-36.9160876067256
2.54630726868335
22.7029954524027
79.5013366081007
11.4739684079938
11.1153243771866
22.0902616190901
15.9815313100609
19.3614935021592
-58.9106339394933
6.29734030857996
14.2016015782604
89.4834196939088
0.322205825747572
2.63857667641088
15.0918113809163
10.0712361775839
10.1356240478012
-71.7310470975439
2.83295248599084
8.39945938966930
-34.6392145768166
9.42141575519656
6.47742907181389
-29.4780212050144
8.48392150430602
11.6496344114683
14.3177746768635
5.49438181453117
14.3948560603089
38.7448804818659
11.4466556557181
21.3591772239085
-8.29799045135760
5.60938823464956
0.717020244188699
-40.9030731637478
8.69075256905851
18.3530980952235
51.4236679506849
7.49920792685296
5.78582377909143
96.8731498673656
0.208738928761301
19.5227372188367
-9.72786255686184
2.09810506748098
16.9554511094243
-57.5400910294692
11.1516559252130
4.06482708022399
31.7132879305120
6.39346397500435
6.25085243472836
-67.8154810392006
3.53335032114485
24.3844090747238
40.5293708418426
1.79071916185957
19.2969521084543
15.5478308496022
6.90693302697151
21.1966782145084
-43.1343732410929
4.78343688292570
9.24119607522137
-93.1605286379579
10.2278126920530
16.9191290973217
-50.9809306136846
1.32157102794254
10.7918694770180
31.3962772350324
1.31640573570486
16.3485934334287
-49.4962580372759
12.8401893745733
16.9777951793189
-6.48664889042387
11.8457215626729
23.6871977999491
62.6002165866025
6.17732873805232
12.6611741581437
-37.6966047616416
15.7767541163713
11.0811750572818
-63.1699190730295
9.67996638302588
2.41053707492711
11.9841711602040
5.78891506106326
11.1965713840627
-55.8919303256529
12.1765177311630
20.4254717099589
-60.9695524432705
11.5073266557397
10.3231673974034
-37.7150169632714
8.28976339799437
15.0002409039425
30.5561510629977
1.74585756002363
2.16695479565271
-25.2500408876118
1.73596582366367
2.93292809487697
65.0819808360912
3.24438553750484
24.7868787473639
-3.08188043266413
11.2787792517422
16.3469930323333
73.7977694319256
11.0079894337025
15.9044438084305
21.7644673403973
13.5631703434584
21.6663387950577
69.1959680820352
9.88083932561842
6.90432739639715
-92.7897317711417
12.6126785972534
16.6495396275028
-12.8034720652517
10.0373334594497
1.86702943000503
78.6339776998928
1.85141927814670
1.37170733008672
-39.4275455988245
3.68736890425847
21.6740532191995
-32.5009136921626
5.02394475075908
22.2017247346355
-0.147404718863786
5.01018443872183
24.5345908691283
-39.4063211774757
14.7286740520551
22.4551017943070
-62.1197498903378
0.931813713170408
3.19510761556242
27.7704173227824
11.1908118286227
3.87659021042954
29.3029115490675
8.02072234218711
20.3364551404872
-93.9739622034237
8.24247177297519
13.0020632404473
17.5420315701023
7.21366692746269
19.8052667275512
31.7641438240660
13.3486000560130
15.2099117059906
-85.8555920605687
7.56866127655481
19.1786699004478
76.4587645462230
11.6611556177360
23.5319195376921
41.7856519645835
6.44421257226923
16.6006195551614
1.93621211314847
1.85649500901481
18.4060850397624
63.6212560422929
6.24392731772209
6.27944428378239
-88.6360129941191
8.30527781408766
2.41274368711960
-47.0639947944687
11.2746488756201
19.3781361856643
-52.0995999012495
0.701265155008175
17.6747686748693
58.2207109857024
3.64816111953185
17.5488156584971
-61.2009899672258
13.2756928092768
5.68478067549978
70.3741824199663
7.56845973130772
22.9606962050477
99.8239245001662
6.02224445605064
11.6988164407741
12.2340967369249
6.81004400227985
14.1129232028785
-25.5398877097065
8.98374313168886
15.9201266109460
98.8438685567904
7.58199903766631
17.1854690241102
27.7842374641534
3.14936240004358
1.79865920677236
-9.96989830106290
13.4817212355947
24.4990670012598
48.8558804329108
9.14227854459212
1.54317217260029
-50.4170061462191
5.99627366432062
7.03909784977212
62.4975330542607
1.53182054139525
11.5119227719726
-7.95272557752484
6.04951501683002
20.4467324902709
47.7878683060394
1.21682121535051
4.39508034907711
9.70644486248955
3.08323900290010
0.651589951948756
13.4833897975933
15.1510840139109
23.5693895492855
77.6312649730001
12.9233974675050
9.70675972305675
-56.6610428797381
1.99142318982608
3.30294041105366
22.4925548105223
15.4586518666745
20.6327246314489
-56.2334453169258
9.64804470143793
21.4495804023272
52.9708699257406
10.8256486985816
19.2128295997624
46.1273652733880
3.88330458366739
22.2340353273212
35.3631832356951
14.9573718711842
17.4398128590304
-6.66852800579731
8.53023176721839
16.2818509510579
-49.2299638119754
0.140364356673249
10.9193967483284
-58.7191539755615
15.5273730973524
12.4125853413740
11.9180239534107
14.0826329754537
11.8226948860675
54.4870972230446
10.3573316427064
14.5805234481382
13.8027973908331
1.42770306859374
18.0347277277472
1.42739679825916
10.2708856236599
13.0913399264854
87.0764346488586
1.17096806468192
7.55242719841666
-12.7740748289412
4.79519804984832
10.0632485843399
51.3423804551798
10.0046141520469
8.47374743685256
-17.2354874440079
0.460576545977640
6.68888680964258
55.4368147028546
2.53804746725102
10.9709313837052
-18.5330697508323
11.6570895183413
2.58376450264372
-29.7906417803839
8.51626963880321
3.61662477498763
77.7781335871002
3.14699127137326
21.5125025654017
-89.9238882780446
14.6925249429561
14.1184380448662
-3.09299633935427
3.44431947341287
2.51383350260793
61.9942069679334
5.64617537614074
15.7679861934082
-11.0651740664106
2.53180360584290
12.0384253089050
8.80850264421451
5.92115708266947
21.3754320608116
-6.51404068686423
11.7935014517562
23.0331564604903
-75.1209095479980
0.479966919197382
8.13973769235055
-49.9823999254954
8.97399018720672
23.8144810920716
-10.8530053445570
3.49137940755991
18.3357999137761
-62.3033250958221
14.6906841059707
2.24788942694067
29.2968685788990
8.28902320945620
9.08419451195580
-53.4136534362855
2.50886316566641
10.6179515662022
-72.3388865016150
13.2852522513517
24.6441739210183
-89.6537302865940
12.0233564693035
19.5037592037054
54.4623172812390
5.49881289578055
13.8847683884579
41.4046429983759
9.94218703314374
15.8187299127240
23.5707334114790
9.78162820989377
2.26414787502239
8.78678219264661
9.74390621792082
16.7724185026698
-93.5507115811160
9.53655105809094
0.769473042181708
14.2922829988243
0.469316223247596
13.9470522037652
91.9195280183051
6.19603075492029
24.7704681739135
65.9472724762204
15.1018835739893
6.63394050278977
-21.5901326433203
10.5560444156169
8.21736306097297
62.2855704330904
14.9013107407610
24.9606138194857
82.1839519005482
14.1747460274350
16.5453687680313
62.1102668064809
11.3340798630566
5.48382987356148
-35.5520996662366
7.07978073527244
14.2121904785092
31.4934795979340
13.0180990547370
8.79818890749292
-78.0091486636041
13.6841084982770
1.09287148395363
65.4522242022361
2.97584608142442
22.5692499282500
14.3627216363352
5.65136015465079
6.22057657554555
-45.3688546126870
9.05776799710473
0.862462221281673
-80.9967382048739
2.95699709207624
3.43181044367182
-55.0004539600920
7.44951479991496
6.25384387718798
-72.4189864533625
2.93235546759385
9.50576029598648
-62.4207529730889
9.46272423945239
23.4485725991127
-69.4259306757086
12.4959530398390
0.867763098204527
-44.4196427462141
10.4875331354295
9.45406236284076
34.2548477970165
0.960770150256350
4.45626923325581
-78.6380069536584
10.9992873200592
0.871074377528149
-1.24173313641476
10.5896905285569
21.8904019250003
-87.4423569369342
0.852486161745723
24.2753700815160
6.83881050021900
12.2131723441273
14.5203190628632
9.88307377966700
0.554400304017417
9.23447421681838
67.1403603807163
14.3638413386697
22.8320273047515
-8.60086919200402
11.3157393039205
15.9392882274086
30.9619101362449
1.43139716419464
11.7572731663357
95.0050952497247
5.34119723388312
22.2516045624587
44.3928974589208
2.21369130216348
4.48341201669931
29.3310832168991
3.82766165681355
20.0080516568419
-91.2947636975302
15.5372329609222
22.8070865402370
19.4335971072535
15.5367008705479
19.7735351097037
-1.65267515748659
12.9111679502969
20.3130185369643
-63.5514352848907
14.7691808617834
15.2382616036398
78.7594909865787
10.9159200278795
22.5080680997099
-69.3761654798158
10.3040769432629
0.687346985271855
-8.15505778030379
7.94798818101190
5.78770451496688
90.1826242623521
15.8699786600964
23.6111360752564
18.5715627765203
11.5851437053109
16.0014333587108
-49.5408787626274
6.07845924595596
12.7370344583607
54.0509590895901
1.27298192963452
15.5422601083080
82.5768122928335
11.7213968421833
12.4290705621442
-19.5877158722213
8.21975250797446
15.2834297740883
86.3439464272597
8.35756476478055
2.77440932173330
34.5029680787011
13.0296984780909
5.91205729033541
86.0064693508489
13.3539546777647
0.436334867961591
45.9748966861337
15.1496402917745
20.6701617018271
18.3625573803896
7.78485533969458
12.3152836472703
-77.8690121896681
2.88383146329402
12.8138141467397
57.1561895589479
2.85740998647107
5.65519869523070
22.6613252239810
9.56312068271565
4.55974303562765
-29.4806436823071
15.5956294120083
23.0483858266769
24.6634807296402
14.8404918409080
23.6323200164595
-5.10298034263021
8.86279766091911
13.8993478198885
25.1884680429362
4.62329265259819
15.6137778187464
28.2483563301674
3.60860315665319
15.6422802340620
77.5367552404738
12.2671522703338
7.30776050197748
-85.1524269020263
3.49128823830973
22.5268999128360
29.6751691801244
7.11923305714472
0.501493238266521
23.8115619551845
5.61925513417712
4.20732970494944
-13.9234147434895
6.73578220492643
13.5676365842944
-58.5985888812277
12.9062643603162
2.63263530750607
28.0017776257590
0.489752106127719
0.977206699449983
-88.8104132661990
3.73007701526521
8.06600198240158
43.6507907500511
14.5278228384084
23.0220815034079
38.0981407541467
13.4567311297628
17.6186749709331
-87.6624084250340
13.3045661145344
15.9699117927827
25.0094160822925
2.48853115057838
2.15952326153573
56.5608788641981
4.88894961604953
5.76011109757384
-9.92768513374096
11.7952684876378
8.03022094137362
-68.3738730350213
9.61966290190873
10.2346079530107
84.8064948228126
9.46147770979508
2.66383440605506
90.3411931813743
14.5888839380270
17.9043137252693
-22.7619479221098
8.07117209068191
20.8507738658187
74.0993172967583
12.6782091721383
17.6639697314819
47.7785024751680
12.8751619169843
18.6169904919213
92.2192943654187
10.4162818923437
18.4127589888100
66.9137736642560
9.58462117964823
0.309190434766505
-19.7829525918035
4.76769347160261
14.5910660775040
1.04817709088394
15.4520952217220
17.3936590862477
29.2761997727846
14.7580981593265
0.150158925195562
54.7931655879887
10.4045698405397
13.0365745232524
82.7603228850371
2.81341103008040
20.9327774871114
40.6214534081054
2.86154972517457
1.44068112435685
24.7143736534873
5.20469560667520
9.53889623559245
93.6221454468581
10.1367183404121
12.9953467165921
-84.2345687249330
4.53530444425556
20.6978673561095
-60.9525420298167
4.85429654887547
23.1506427428627
50.5175904126004
14.2613816739112
13.4809161152080
6.11377964697655
15.6615761390361
11.7332574132297
80.4401836188856
13.6322699564203
12.7947063739792
-3.08729424609424
7.93694646728415
23.5409420458308
95.3330544037879
14.0075524421350
1.69129165626228
-54.7123522752065
11.3538260474886
4.05975306106922
43.1459504350144
15.2531577951435
19.3442666477945
22.6738567855460
4.14394169426501
18.0335553708878
2.86345669168437
14.7806381060789
17.8560769754998
34.0861891902400
12.0889808784305
17.1320648647924
84.0043793499386
10.5445080179473
9.07193645926245
-66.8758957753665
3.59152243825692
0.848676052915604
-53.4106702768390
13.1142840150932
22.4521683376287
56.8453167978703
6.93179150607776
0.0281714876945305
-45.7777046345485
6.23644422863988
22.9593947207507
43.9281126134017
7.63038797453855
8.60328480908881
16.3843328591121
4.31348028853346
5.66208061089045
78.7314003553100
9.42123978455383
9.13531815140430
22.6112488907697
15.5153066440859
14.5078292869261
66.8087864392392
14.0909921507132
11.0663857002699
52.9433897949633
15.4151811789958
14.3666367219476
-42.0215341546422
8.24009974390903
13.5975357950232
53.6080835332641
8.15837387541445
15.7603465038038
-59.7822154401263
8.88959254790101
22.2307276824767
73.4229286139381
13.5946578934319
13.5421848229943
20.4580941912930
13.4304467266245
24.4099066202457
-13.3696946014626
2.05485735219159
9.80951012661039
-31.0951453352553
4.04477897048416
8.25133067377051
-89.3169279700873
5.37403536666989
12.5677790557312
-36.2753174616710
11.6935463893595
19.2808771843069
-39.3362565283140
10.8986372297222
14.6813365942905
54.3633746006906
5.23393871668199
17.2185850308054
93.7758831305275
5.76662808447193
3.36338636946777
-79.8851631169374
5.27894352073769
24.6308603650892
90.8056523876908
7.46147222580258
20.9764563467734
75.6262104758903
13.9371872933619
0.864279190162765
12.3304050898727
15.2581511198808
1.79581723497174
-70.7621755561005
9.02747241776593
2.10516226328694
44.6362914077728
15.1147794934749
8.01546448956672
-80.8471868974635
13.3222240680398
4.04314800774137
4.86380896191567
4.33505721827242
1.32223312830509
-96.3435493137685
5.39911972688007
24.5418816272914
-75.5337481328312
2.67965955603914
17.3909329524347
-80.3156799142117
15.4473879486797
17.7693826575625
-71.0842988723396
6.58019324340876
5.86645294759128
-35.5354904259946
13.8550057554038
19.6358569854617
60.2776267689136
14.7305001953252
19.9622986300795
94.8360379768277
12.5957641310201
4.22531817256410
-26.5269657795917
5.51985280995862
9.54232843350309
82.2030269194148
1.10889680807505
9.33032737521402
28.1431821174580
12.2148756473052
19.9431342013331
-82.7780668416697
9.51959559903909
9.00914985241199
4.66797823353664
9.02890160128317
13.9003721140545
-74.4009509017092
10.9463701189859
10.2007408394081
-90.3891269684313
10.0162245304111
24.2021157958714
-55.5860605044067
11.8614796222136
17.4452425969085
-57.0452225526032
11.6115852246707
18.8718870835146
14.2908441356565
5.38244961371265
3.58247396894573
-13.6147669547473
4.11063753467541
20.7445873982686
-56.1773720702407
3.72645114303122
7.86046642531702
-2.90499052313833
14.9185990656688
13.5191983751830
-43.5163005619096
7.14107537809167
1.62686753518358
-3.98949481851616
12.1376445421804
6.69416154392369
36.8333435054726
6.58229183790297
8.89419410043302
-60.3936346589828
11.3321858265778
1.34306368529600
-68.1419083033386
10.6751150319084
11.0893578813426
75.0076378303889
14.6446286452133
14.0499528517867
29.4973579189980
11.8045344573409
24.2550523102609
15.4955127069573
5.09879000487502
2.25676699222060
14.9371133936274
14.2101540038568
0.431070225873082
-24.3720441116691
4.64146936542694
5.77943656374104
52.7883151603281
14.7010546634332
1.60363151453352
-88.9231814259713
15.7932075355289
12.6026364029124
-23.5344857517621
7.42496220604284
5.84458264759467
15.4471568033551
13.6251111321015
24.6249148601396
38.5657609357012
5.35077311097016
15.1408709115352
13.6852678052065
1.33237326538400
11.9663604572293
-17.7298546207401
15.9467469925894
19.9908100224645
-42.3306692549081
4.33989979982572
9.22338884508613
43.8529454756768
9.81402706796155
16.2907349841076
57.8443222526307
14.7597111967789
1.81411914595055
75.7377999543677
4.16997741123258
3.12548905838202
33.7296574731391
5.61239023223624
4.43999747721750
-37.0292307781988
12.3046389788029
7.49490588079569
-26.3705008345894
8.33889187020567
20.5641387014721
-9.63470860345934
5.66925478614798
17.1937139949580
82.9970000447543
5.70590070610514
23.6749176705899
37.4547200415484
12.3320598811966
18.2839694149050
57.9888095938034
1.68773180226423
1.01261576055702
33.2465271527678
1.27693952642731
23.6261884406640
-88.5966951276431
15.3323761186690
23.6014304897133
-87.0877320436978
14.5337935121109
2.25589491581569
-58.7833008762876
5.92913175781873
3.42433570237234
3.58455882988360
1.56183577715782
9.14304850355002
-82.2833310780279
5.88324692636648
3.34823626068373
17.6743352610312
11.0460635427608
12.5544804059064
30.3557432700750
14.6577758589728
17.9038053082220
-27.9070939594429
8.98690410654513
15.6164081687499
33.3360325348175
9.45063009754324
2.70658431554717
-14.4720576420055
5.59247894711602
9.16034535333360
69.0217660889939
5.10395101356965
2.46321872987022
-96.9402468059382
0.248946469202036
20.3496018355536
50.0195134257378
6.64977205947627
24.9775354565000
63.9955604226563
14.8735124457622
15.9656100072827
-77.6477330184426
5.34167501803779
7.62674405714002
92.0223966325394
4.84039331088665
21.3527983245387
-16.1601911748514
2.19166174811068
23.4168503449592
7.28771836858446
9.88297819738439
1.65222297652960
-6.60176135714921
8.73072511146133
18.2412743191352
-43.9961903971558
14.7851082483276
20.0872311922432
48.9677803207234
3.38404284081944
1.96836931284217
-90.7444488601549
13.3124149408810
11.7014145926346
3.47997400755626
6.14331909438588
17.1928599519030
-67.0761317170768
12.3429519508099
2.10743077249981
64.2105882581608
3.46322608393587
23.6051104243091
53.2885982834506
14.1379300891453
3.04082262537982
-69.3072546958927
7.15321747264874
17.6131277496138
69.9615478496963
14.3076787118503
20.1989424461447
-41.6386376665680
5.74842629855354
13.0249846685192
44.6040828591191
11.1101497348343
13.9931270382632
0.752326838721196
9.41799789832135
23.0380854723844
48.4392710872498
13.0951762460556
24.0884962299867
-60.2573267733568
2.63703449412396
1.39791596378318
62.1825333440465
2.66547179402866
7.34772865558590
69.6453370518140
9.02938452260684
24.6107905986557
-68.8236898680943
9.16210711702245
7.25161050669432
39.0429058238487
13.9924982732031
1.93489069817797
24.7218900513269
9.56728079212324
8.98355219626726
-99.9101058026513
8.02648237603360
8.23380723751330
-0.910525374557314
4.86061464627152
15.7355461798149
-17.1466455662053
5.80452494173827
10.3401768702975
-89.0403867493999
13.2337890503851
14.4596385003636
13.7046068785413
8.35806075900993
11.9378340947279
73.3757054371418
9.00128028459988
17.5761436491353
91.0253591039354
11.9396853562212
23.0674737745627
4.82482086739895
10.5317875723018
7.63064137008985
56.2446031164559
15.8501330405164
13.4101147368562
-92.4102585527317
11.0088499691733
16.8713524648433
-72.4430947458476
9.52057858327781
20.3758977467927
-94.2628455030032
12.1147381172500
17.7826622849608
62.5998792420516
9.17080317190930
19.3709605394021
-34.9773034493292
12.7696508437531
21.4820275202477
81.9946556516236
14.7727209602117
6.89465642879817
84.9313001384522
12.3398797645012
4.55370281878364
88.4052546254708
4.31104404885480
8.73237514815140
-9.32058197718833
15.1610414685370
23.1326227338992
-61.4133040401369
13.8144023800761
9.50403320073157
-72.3505051994144
9.42782191852435
12.7568533424828
-3.88483343588297
2.42291055886970
10.3564821117009
-87.0170921843487
11.9386033063434
7.19590522184021
73.3081236087488
9.37733849636966
18.1105170227792
-67.3946071501695
12.0985018252167
18.3080331611444
-19.7687799075689
1.00943311366040
11.7349394604306
41.4702722586212
6.61522816492269
9.02221422053835
-18.6837719139671
14.2390720982681
21.0081729022550
51.1766843936044
14.0181650114769
4.04193135670451
71.7845675976956
15.0381881771039
9.32019936829898
67.7099459540319
5.36858105794252
15.4434988043464
35.2517619198483
1.49635960195574
4.83317195022029
4.13080586965053
7.94038698840851
11.4686478693141
90.4505050812143
1.50678713285855
18.6155179042681
48.8517131964593
13.9154185189439
20.0604622579654
44.4807678674986
1.71271218847767
17.2032155795713
-74.8703225575061
10.2373546041710
8.78825841595066
17.6069418463414
5.38588772497283
13.3624450994742
-56.6630539343806
5.05184437140998
7.52279885512732
-93.1032789574245
13.6571562501916
24.4368174598972
99.7622761929215
9.10484703577656
11.0664326053062
-24.4727894986394
7.69048774426962
7.09450118573388
91.9614905326937
10.1807848475448
16.9110867623242
-15.2958080873796
4.08129011486902
11.7811424498593
-67.0477009432101
1.66748004618420
18.8050865099372
-47.6758328157792
5.76611464540837
7.25091218071070
-37.4344402098752
8.29453210940805
18.9818102664392
-61.0824736144531
2.44834364927876
17.5387716820319
-76.6450468299055
1.99635572749349
14.7252716529978
89.2124421540289
13.8106215330915
7.26067631366845
-11.9785444097544
4.27473580233387
2.18530276934117
99.3928350853256
5.27689551128782
5.59628771028972
-17.0529914410523
4.51435843122965
21.7146584897411
2.53756777128022
11.3764908029453
5.05151365482199
-69.6265223930959
0.393569542709459
0.851167341278201
-9.23916613221396
0.0865647169014814
20.8047967720560
92.5563386987354
1.31398230343476
2.98774038720457
-95.0454047783977
4.66254069735024
18.8164993733918
-99.7705655283695
13.7572573784816
18.1560623789856
6.32444742786640
1.42606078100603
11.0035941989670
57.5267285119479
14.5608407508480
9.15996820373829
-51.3601167292487
2.31057884535384
5.09812784265454
83.3411940894217
10.7954008804804
20.7952863512747
15.7081746700092
3.40473639670237
13.9468977703560
68.1323519982452
5.18509517359919
23.0300662034173
-99.1244706412516
8.06853068312106
18.8837135561325
30.1184616200269
0.0626324462244252
20.2168406509570
-48.0786544281232
0.725858845365003
15.4180394226149
45.8777812444770
14.1259207374845
16.9584525233042
-32.1623011617898
1.11465239240229
24.6717680632240
-70.2123730559047
9.51377711295092
0.363543623015714
-27.8461443309201
5.45063025033964
5.76507246513267
-97.4487073849001
14.6249333708660
8.27464726601993
-98.2173374237832
10.6226942348122
6.18479342460776
-22.2877438346676
4.37488853558526
11.6593238679859
77.3949205249857
6.29764613849664
4.28908284515354
88.5386526926928
2.51085043468359
23.6723867110626
-33.8143807270724
11.9799591598349
9.05710619620109
-23.2035659413202
0.577841549106537
2.14419938028538
-2.48377086523062
15.6764050334269
24.1885689347862
23.1033096008216
8.08905832795495
6.44119439050891
-77.3082317342064
10.6442634046602
1.22624625926864
-38.5000347344153
8.64696053317688
2.42157907486071
59.0346260196780
7.02625521368587
11.0390451468284
-5.31739971449434
6.37747904667626
15.3435296991651
-48.9875228082433
3.64014975807615
3.90926426663836
11.0753930453274
5.19449278081327
11.3583297180815
92.6520595511480
10.3006573976494
13.8267200390089
-67.4628485651202
11.6049017767004
21.4104179167131
13.8906383094657
0.418775409910493
5.96653785661353
40.0916295374786
5.64729774265614
9.03767734227069
38.2906130062862
5.94207086098060
11.2678269279703
73.8495091228711
1.89242942177698
22.2326101637449
-93.6526277650858
2.76279803317964
7.02438825342224
-87.9086814857679
7.03182614733472
8.00297925298278
5.15136517980461
3.43271279724511
17.9334783942078
-27.1992589419503
5.77097754515505
14.3118172236823
6.92751759650752
10.9844605116013
20.1384299489934
40.2541746931032
12.3371138614203
14.2076438667757
-32.3412354793566
5.43434155869751
21.4566118108102
95.3158597040357
0.289652713863202
11.7533249972844
29.9301618592576
2.56163553266313
19.5515908820569
89.1635038915152
4.62192273301635
24.8592110493819
27.9429332710405
6.70824383330832
13.7018015087836
-88.4140896838597
4.94820216277219
11.3927940269071
-14.9179456918227
7.29699468454814
21.5311148762799
-5.43899959372409
5.34274601399918
18.4108603402872
91.1735500251790
2.29355028495899
9.13092490594404
14.2777832734772
4.41480931435226
23.4764656621141
-92.6521766366294
8.33569664531730
16.9904458995823
60.6979043578590
12.8667435274310
1.55698308715663
-32.6033209602745
15.8168236729279
22.9772870306564
-37.8816355292597
10.8663200777623
4.60832209117194
4.19031188787677
3.15488266575837
11.7201713076954
16.3300115824797
2.21014566278851
9.06637417448475
28.1977356924969
9.15532134005855
12.0130949511869
10.5320355909302
1.65554870752487
0.580309153111264
-95.2398321984726
13.2770598204410
4.19872256789143
-12.5650665821855
13.0971758381918
19.4637554782548
-55.8280667654697
12.4273574903648
13.0343760855269
38.6196283401992
12.2597872033617
17.5482864722417
29.3498495974210
12.0712550797691
17.2824861003277
-16.1380167576048
4.04475614776453
19.6849191188829
77.7542949187086
12.9901797469776
8.83852647863184
14.9493918935667
6.82088969356181
5.24719194715133
-50.1109678784907
13.9079910169871
16.6835962265953
-12.2552179301666
2.31386979303776
16.3413698300312
-19.8530626041840
15.2221175552988
23.5809632799786
-1.15459972164618
2.44646446353839
15.1723244758245
-18.3876576860674
0.638758465562338
13.5852427783366
72.2585469616652
6.19441699087854
14.9970146082860
81.7623799524070
4.62355643609566