14.5307416109147;-53.2627307937941;5.48825102896585
1.76509818129632;95.7564240724871;14.3174870316183
9.35615778650897;88.6042888235691;8.06656068984014
0.839740557992110;96.2127708604050;8.99557500878794
10.1535772417121;-86.6072068552302;12.6295127873367
16.4489528067360;-60.9485069906722;5.61485302613892
14.3810136206246;-15.3188077270477;3.52288043055487
24.3989059528424;7.41528577351178;13.1653148867664
11.0409834542211;-7.34457019141173;1.21667107088168
19.4459243389756;25.1818790637480;1.31497084834887
14.2364606464804;0.511879954922589;4.95545843729668
0.527494621971455;58.3554098455914;13.6879292976798
12.8068388148854;42.0703845487026;7.58875740242711
10.1888036309513;13.8809751218251;5.18779421987599
5.49592684241143;-68.5802443694350;7.36070104939738
5.76151670118844;25.1206720645947;10.7867937397411
10.9637445865613;85.1666647561765;9.18498992086273
22.9973457716114;96.6394251964974;13.4852037751544
7.97593918743924;44.6347152406902;1.21314443936766
7.10836342315109;-62.4883131738097;4.15759822420242
9.09447519660473;72.0263450001608;11.0009450691462
12.4829385774539;-74.1880206813487;6.91998837569317
20.3381070233921;48.6943221774521;5.17962357184178
5.87045621305864;-90.4243111578471;0.737152736419224
0.556598401400372;29.9398879612524;4.96564947852421
7.52803534306836;-88.0925759928219;6.82596372546140
7.45155590362736;83.9524894377034;9.84915004816345
20.6481994118240;-65.6550949345352;3.88823447100838
3.40988598494256;-82.3907164692231;13.5154655957403
20.3645101412065;-39.0914408292137;14.1247582094388
21.5272088732070;34.3190299712040;14.8520981611923
13.8235456422815;-59.1113393899354;9.00214006007105
0.463246694448740;94.9619341202744;4.84777095791174
12.6955370137486;-92.0880663183522;12.3223490370631
17.8411283296271;-1.64178671533406;8.11552315827288
17.4436993484179;28.1865924797307;9.80136255410907
22.3363898985466;-18.9967728415481;10.9852226918349
17.5296242634173;-88.5836083269751;1.34248707194511
23.4322595137292;26.0673989851564;11.4257240216882
0.272319338984630;-57.0837548710489;4.77406350890890
20.4935100944150;25.9418828858690;3.73106205246650
0.856691353916423;-21.0878129871675;5.07910646119834
12.9040080243817;59.2215395049390;4.51229307451450
16.3332580092334;75.8073883853343;4.00901968700559
18.8531815631503;56.0154244706765;1.97671429463100
6.99992437358275;40.4965192851655;10.6903060267584
15.0762765011011;-15.8655546563453;4.45425219301328
22.2195183113301;28.7711663244303;3.96109333867088
16.0808526735008;-84.3382012365985;9.10027959653405
19.6515838376366;-23.8500057885006;0.821563660575960
12.2785310517928;-12.4621552689339;13.1706539874804
10.0865101397335;-18.6097117605037;0.591127151704765
21.9360024445956;-45.2427623285467;4.27473153194605
17.7045731716662;-53.7297945944697;4.83503788605646
20.6622901508074;47.5795898838987;10.5968726645225
0.266760406460085;75.8800070000930;10.0121195968133
2.38892855723428;54.4976037019175;11.3974507356505
13.5821063187393;-92.8334214852062;4.41335335532613
21.4054361842567;10.8632658578917;15.9373570295843
6.60889834772889;17.6348981656517;4.80714062452965
19.3886815035398;-50.7622978263968;8.02024583806274
15.9480187292947;-20.3227473696217;2.11715783755492
18.1264938765993;61.3559607422573;14.3609584016557
22.3661903096564;-39.6328793709206;3.80706401517213
19.1996751137033;-2.07312183126978;1.07344169203678
5.17117096157223;56.2574290524111;5.84998181839147
1.08260393850572;-10.0046050652152;15.8240890238626
3.83908892219571;66.6480817326988;3.39239287674666
17.9578391030148;35.3349169606527;4.60055418318799
3.21608764727703;-82.6741872447318;8.07342902280552
5.51972309130686;96.1436949613954;10.0890933440946
11.3389860372330;13.2856837459156;6.29093282268883
11.6315212992923;-58.4641220185327;10.8793683512378
2.24465645286609;-80.8782664160901;2.08053645746389
12.6682411265496;-87.4957065527354;1.12381095545538
1.91272745881416;-94.8435963899595;0.726138710526112
4.16311739681086;-33.1746116153945;8.86284733970129
18.6927509781857;11.3613199041077;14.2530589899424
8.36418150795811;69.1878841590277;9.37269978680244
7.62635052912766;25.3508443639512;8.50473507790798
20.4719638190492;19.9727219827298;10.3046429110716
24.5512236343551;-57.8727701622034;6.52010675267853
24.2242502098869;-49.2170336395416;4.18199507555452
14.4155583817254;30.3947422520253;9.74736444053736
5.83707477757046;-34.2166458131794;10.1245808529548
7.30246129597184;4.63479002260570;12.1483622498352
16.8441082969998;-75.0566883338123;3.74230525194260
14.3434675443545;-9.46074291924255;4.61960542724909
4.99255622824305;98.5191721334756;0.363165345863060
23.9549599278680;-20.1542348119643;4.66299450695006
8.40387225980190;-87.6176566486687;5.66532181740855
3.74160263258371;-41.4077488054361;10.3940849825366
8.20958045152309;10.4543650160698;9.72162720902115
2.82741691419085;48.0254558528121;12.0986867775407
19.2978619007712;-36.3191006326429;14.1498168241787
19.8140629838527;-1.22836493870218;14.3280430645922
14.6767195267003;25.7337283399289;1.24921761351125
1.97979052314897;50.6292601148285;8.41393817416909
4.82254973559243;38.7774660481496;0.722326806252291
19.3851283799519;-72.6238931471310;12.7458017261987
8.83478593217654;81.3924209357382;5.03729779193798
20.9736946208694;-24.2246823424769;3.76811746480230
3.34718143689109;5.92444185705756;4.27900115498349
17.4536985146256;97.7230003180958;2.27814118274801
4.75861570076890;91.6418626912660;3.10163331675241
9.92017237752912;63.5292153026081;13.3341689768356
8.47368310723975;-15.2209058627018;11.9216682322614
23.0673189209932;63.5953066899104;11.9016726018207
20.9600652189044;-11.1008226689797;4.25507710832908
15.7381013212775;-23.9479305166018;1.81469321364500
21.6372662453190;41.4470338293463;0.783691404883747
5.40723979202690;-52.2167761609707;4.41791324874585
1.62247712264101;-64.8469774723024;10.5177545855835
16.9500133612065;-52.3706464965260;10.0272157847938
13.3780047559059;-43.2816762561943;9.18572828185871
12.9337308408218;-91.8702572531987;3.20573349393629
6.39296671144016;10.2833367902311;6.54998469787826
21.3206896934203;88.4997965163950;4.54901952524472
20.5800265268732;57.5673216385904;13.3453232816909
0.414305255223201;-51.7135555343453;12.1176268977195
11.8677500903245;39.1951095107138;13.8545261991338
23.6029642441945;-96.9484981494616;6.67095471853465
11.4655135684921;53.7095013489311;11.8802162854666
21.2493074977978;-33.6214618253176;1.11896779700152
13.3888097863092;-35.5339812003333;15.3352630727114
10.8525320289841;53.0874590869097;10.9950519517320
0.610842628248870;-23.1670057450008;4.16048742726636
12.6089945190683;-56.2746558019919;11.7700124244453
21.9120988828385;12.6644164529326;7.65789432136629
22.7062204571218;-55.8733349496114;13.9419988536396
7.13008710831656;-67.4725891055614;5.16084262396837
3.31759154940645;-20.0719899813926;8.97637256845236
0.00331358863613929;-95.9210117873979;3.93360059070101
7.94901776262514;-15.3459739430901;2.15181453934109
13.2526999995189;-99.3453400176832;3.80178420125285
20.7294030176240;-91.0279942611683;5.81876690788579
16.8395883076554;-62.1751769707757;11.0094161922045
22.8253624661267;-59.7327336006161;0.624312195936895
18.9035481610482;20.0699240259023;11.0197437485286
4.21281068218862;-53.6555084148062;4.17308291222328
24.1003984426627;13.3095759576150;13.7054292521978
8.70664876882292;10.1499342854483;8.73782827510854
14.9621890483140;-32.3987412312567;7.36797936652405
18.2847926363209;97.9847013873565;2.44265503959509
21.7704090813601;-70.3281499277186;4.09261677930684
8.33498592838375;70.2575334640706;6.26633288944686
11.5760678149066;57.4360021054376;15.4337041854557
4.17216779331434;4.86019552771180;8.31078213207287
11.6597324173286;-96.2322075513570;1.93414168130018
11.4092613813805;-47.3096569610844;14.6383149905672
3.19555748209830;99.7179446829867;7.30571714740926
15.9982592598046;42.1081235493636;14.4749242351024
22.4122056809633;-56.3819330421017;4.67040412179873
10.6856989461627;28.3225374701535;12.5150213253736
4.39615083414700;-75.7863503226560;0.894510808595774
7.37245867478831;11.3362680542310;3.40870075762429
1.46845782217306;57.5936413087136;12.4247047111122
1.50432202596043;-17.0996149164537;11.1489624254634
0.666497308850172;-83.2671187877796;14.5261234592916
13.7616851330178;17.4213441292351;9.74212370554162
14.0762678582341;27.8532928048983;8.71290859514025
7.61489034402721;-74.9690537304363;12.0498838954883
18.8627696175574;73.0523356210545;14.0361457144054
16.7775796895039;-2.44314286946996;14.3003777791739
23.4959563584428;-44.7964362643543;13.6933032061032
12.1288672795354;-37.7056728098262;10.9319084601185
12.9521960243349;33.3133413519843;6.52183128924216
19.7300803358819;0.0196157582592393;0.765684659554609
14.2792060973208;-11.1722957042667;3.81484381480952
19.1623711108074;-34.8834981057335;0.223346964035704
23.0041525040905;13.1847379287950;6.10719893807038
5.25765833217778;-96.9554569825379;14.5139674712523
15.2028545337422;10.5667094953781;4.85753010019576
11.6431301108785;87.1648430767912;13.8772784660332
15.4174973584197;-3.64553968063455;2.35476288537904
5.07730309385638;-34.3048696946807;4.95860160715911
16.9400131011933;60.6163373259702;6.69190442972254
0.432888958050089;-71.3068869597497;3.36281123005349
5.66518778740388;-84.2754496781380;12.2792778838004
22.8616509439809;-10.9184148373488;3.88073159031993
19.2108508153542;-6.89793276472328;14.1782601521400
13.3328160676670;47.3357275509538;4.76069027929038
1.70950541048121;39.8074408357430;3.05084725644494
4.98960580433971;6.61806539229346;11.5859117976248
0.300440765584753;-58.7353639300088;15.3089658938308
24.1642978141731;-68.6065509481607;14.4234724724963
20.8050172573908;-19.5520960474663;11.2093511736956
11.1327265062192;-12.4848263322845;13.0155529040993
24.7623866428237;95.0126937788027;13.8627950958913
19.8571095913400;85.3488384905888;14.2114104780728
12.2152792017048;-38.3871696518589;3.68722081773999
3.26473135523845;72.5165203245878;10.0236085705169
5.30606298170921;12.0454562450724;3.90307612470068
20.7777538680963;8.83245635588006;7.08288197302068
8.09468424183949;68.4559197121765;12.5245693230968
18.4691928452146;57.5941739299588;11.4532693833525
3.99681897136600;7.27424162057295;3.91413447045303
18.2867678870955;-99.6339232255741;11.8053166775408
1.34235292976132;-25.9695066732066;14.5249898819385
17.8597381770946;-12.7758394510483;13.4757196424089
3.04339105747702;26.6405009782420;15.5434595358153
24.6011184497499;-70.6445206910161;2.28575186359522
14.8274549066551;13.0734066386793;13.7105919593510
6.73858013412053;-19.3766284031899;12.1928285586505
10.8000897731243;-89.2036382964410;12.1641848358462
23.2628085585735;-72.8030560450271;7.35068990041385
12.6971327135074;-21.8980694006878;6.14534432065675
1.60245013202029;-8.48888710031424;1.71885891092598
16.4777828201713;-33.6177875551464;7.28754894794181
11.2293004461204;71.4665326109979;2.35594429495197
3.67921243989256;21.4311630949383;4.69746477920662
19.3807022476672;-60.5763334389341;6.08667987346803
13.2815439210958;-71.2957818877382;14.7927436864821
2.19735491215801;53.4759901648462;3.09548614339364
22.5115173987833;30.5446219017816;10.4808086217049
21.7037796006485;-31.5440238926880;6.30765908807139
1.40749653192358;-88.6777918601943;3.09577655187329
16.0014063344039;-15.9276805283162;0.507765641103822
22.2316157448615;-7.82723942487946;12.8291564545386
8.69307981739606;7.10052871003029;5.01320520512902
16.6679876511624;65.6845611959499;11.9510777457305
11.3615185722923;99.6740183810820;9.45014840230511
11.1719734482177;-23.5189082410515;4.74285857568882
0.425775579301627;-61.9840036457523;13.0480518770426
21.5354414049021;98.4782667560907;14.2802001499823
23.4455529678886;35.9873606253612;9.43332435501193
11.9693521744761;86.9792047155962;13.0430157806512
14.2457873448292;27.2820351250168;8.88204431438793
24.8198895612546;29.7409243811026;13.0331840861620
10.1033656487514;-23.4776564654682;0.613662640560364
5.49603296881461;-94.4252787909442;13.5757668617121
21.6624146401256;18.6132751169924;1.83177373812841
17.2255767269329;46.2610459389404;2.41878820440120
4.28673458240352;30.6248587373806;11.6485518674209
0.225593218023205;-87.6076808702669;3.23158444200371
4.22692818845802;-69.3918420920348;11.8081352935420
5.15969427378761;51.1307584589064;13.8747395402092
22.5405547201547;-0.833356315124911;3.34462359491578
17.7284974354151;-23.1261841672085;11.6601564400469
3.29825124319271;-42.3364355565002;9.81279960773923
10.6301172335607;-62.7267071141851;8.20755488547371
16.5361678562566;89.4675155031898;15.3493643051872
8.05957702458498;-20.3887219475666;2.95109677379057
14.9359197516938;-72.1696637751105;3.21180326779547
5.26617883293871;8.27453237242333;10.5459310649797
4.74045567944938;-93.8967209829145;11.8256817460838
5.20788888612866;9.69000877687540;5.98988556606414
17.8336345478736;-20.6822765075402;15.6172751775324
6.31741027242548;52.1891230024551;0.563380158546064
6.75037524220505;-67.4430835949081;5.25194381465016
12.0439339820895;-6.37997588085326;10.4153494394941
5.51684323953991;18.7289317786234;0.629605514997330
8.86660472870280;-82.9331246421725;2.16995223207744
15.9433504319651;-0.571848135056685;3.81982983266975
18.7438576915367;55.3797516126514;13.7497513956776
12.3105350390402;-73.2364155114703;14.6316524239850
15.4347190988686;40.0389870272403;0.121721760356820
7.98632778154855;66.1462228895254;3.93890492643932
7.56247719986066;2.62956678657564;9.75567514973522
3.54473740703656;-99.0372379820247;15.7522173165338
21.1085595373809;-28.6576161319253;15.6689790407120
7.20385798249303;94.6043456011445;9.90711419915525
22.7208082414517;-71.0684743145088;15.1730874958653
2.83022939689546;54.9531484811099;5.98017210777254
15.3465148762635;-27.8041402279836;3.64104600553878
7.09760272387575;-43.6843698299374;9.09093262994030
12.7033001831479;8.68190089220520;8.96130035072891
13.4718778564007;-18.5522815081948;4.49764033116087
1.30376273288946;84.0607720249069;13.9551858330015
10.9270620279223;-28.6201383602202;13.5301856709722
5.46824099876242;-77.4981533541972;10.3676593775078
22.9584747664420;-48.9832205577881;11.5786964864336
17.2863274703431;-68.8645756118840;4.26784399396820
2.89813149760875;62.6221759550869;1.95185644985513
8.99056980604494;25.9277655549004;2.41364391649197
7.65139301776196;31.8748617425462;10.6864948641220
7.55620189784997;32.8235208727881;5.38480940217208
14.0361371854971;9.45540523513473;9.88296397782625
19.9024743596615;-42.8101910025043;12.4052098654755
11.7487176282310;-80.5373684792061;11.7269804816547
19.7792631470198;66.2436839315851;11.7805369319144
10.4692238676520;-36.9959127057294;0.958410347049927
18.4882437582574;19.7567132448667;3.63280978007175
8.93807886412301;-6.24646082787155;7.46047150941657
23.7455520795168;31.6422677627154;14.3833267342722
18.7536642750582;-47.8000208351828;8.70785019304829
0.489437445995558;-43.0939115249539;0.914191440586311
18.8791785064990;38.2113272512397;12.7118825849358
22.7950282890661;94.6957178166437;12.3975857681047
8.69384679833169;-43.4883699405554;8.14433933985490
1.78213027823670;70.7986025138311;0.412028793320170
21.3772154810086;80.2655963048543;15.6084404402778
2.35883370263778;67.5508324106098;3.87789470646775
13.7391969046704;50.4559482739236;14.4161883522294
22.8881281642507;-48.1737439748271;7.17414052759395
13.0502894701389;89.4276978395392;1.00470283678166
1.29913710629492;69.4264636117817;1.58814604084234
11.0227239970296;68.4749390141078;5.89597049948877
17.2797307317798;55.4312687151774;8.21648998711325
6.53443848031775;-5.24893401012907;6.08114189245870
22.3976884860043;70.2331053134528;0.0271456649462927
11.4928107187338;85.8368845769143;11.4812293996458
5.80047604556595;-95.1512706881105;5.52121542057677
4.89857223947850;45.8174610208104;10.5021891175642
21.2423461230140;-6.73605381520548;2.70935991846442
18.5402140160698;18.2387531005886;9.93841341393303
16.5553840111884;96.8995424831264;6.79378040092963
2.67720998899375;69.4014982640923;10.8333354758398
20.9043230177281;95.3394448520905;2.86096297274353
11.3728846330938;-31.0289580572955;14.1992901953997
16.2657487032008;-44.5273499224843;2.55895334324909
22.6105646357363;-36.7185515503046;1.56552877743884
2.76764062699336;-32.7022343159859;12.1830227025852
15.0957377187453;9.61998193243616;14.3052184355802
0.409561657382918;-42.9588518120285;3.96363605600184
2.28026003781353;83.1718488697651;9.55573216032220
22.6417913154469;34.1366594030762;1.22587673992529
13.6904744645006;57.0982351182870;4.26476061239378
16.1051577840340;-63.3989241522944;13.5412492260319
5.89692251625228;-71.8228304700534;10.9449025097295
15.5143408959110;-88.8510699740711;7.79871027531412
1.97455681300261;23.6746979642573;5.70853503296248
16.1437775132850;17.9882778748557;3.41335270421436
4.40749514462143;-24.9927923295999;3.66141345643003
15.4731194530826;-95.4763550192189;12.2365127743203
24.2581039590408;-68.1497637395279;6.33829680436260
16.7298367042278;1.35457582732734;13.1625479634140
8.29528317139273;57.4344118730855;8.40044661574241
11.4471753962525;52.4075180116576;1.64382309693703
0.623733649551204;86.8649558879607;0.774120651229072
13.0776159216374;59.0359916443269;15.0220897557180
24.7297989651366;-9.14772192408717;9.83576609897697
18.0840924226355;-31.1202632749373;15.8703577469227
9.92361828227057;-73.4280393590685;7.62844586160779
14.7682453968246;12.2467502578260;15.7225210752138
14.3294972877648;-58.4769504730996;9.15306642152196
12.6918572920460;-76.3986677083300;3.71995166649619
3.63865964062521;53.5309327089868;1.87227657235053
7.27371826930091;-8.54894344350166;2.08602242440976
12.5286017905159;45.1686205739274;11.8691856593637
3.54674627083461;-78.6548861016441;2.21301223089463
10.1595850363452;-12.1717667261554;2.99443346314951
14.8275796238812;11.4776019108833;6.34361161344533
20.2344986196875;71.1167365019301;5.37592801635043
11.7649739931754;82.3858709846017;7.33948843544173
16.8530419752266;-29.7339396555696;1.64664696016393
18.9294889344853;-25.5275126062472;2.72748203884381
4.55249476455494;-79.5529076076262;10.2623782161779
15.4909794231163;31.5186381202329;12.6029198075837
19.2481769556936;-56.2380282889081;5.95775496628074
10.5271565736093;73.2862631293206;4.90555209783713
10.9747191345009;-21.3190221713738;14.3622062030477
12.2195050383262;-9.22300176822088;11.5902953094076
5.42082402464427;-63.6492481895753;6.50725463640250
20.8228096026352;-86.5122941578850;2.98180826919413
12.5385969081742;56.9106768284654;0.825347808045628
2.56829190627558;60.3733965598001;15.1034240597256
9.10899775113714;-7.31620905974397;6.72992064022632
20.5200506075877;70.4845258128794;9.53830759716687
3.07108813236286;25.1295987128839;8.21670701915376
16.2339686632250;-63.9018002308027;14.3332399648077
18.4156178759496;-93.9859581083400;2.97332254888998
17.7666235016787;-74.0443017739312;1.49602736931630
2.63337336704032;-36.8787807335028;0.904893844811683
23.9651116946297;46.3069156112151;0.762188146745093
10.5923220021311;54.5960635082571;10.9235133042177
14.0028361000752;-70.2862468893888;7.60808237058666
2.46956927777573;59.1599166941356;14.8322258180830
12.0779414554634;-66.9309444704104;6.58180796595622
3.84061908859803;43.4205831379443;13.9200921124436
7.71174583160752;-84.2886331316990;11.3600028318973
3.27290915787907;-21.2268038229537;15.0778677230754
8.58796502323073;63.1659886865362;7.68274018865325
16.5765094047685;5.99505435927570;6.95377903271999
12.9050665849463;89.4712902765484;8.19316077158246
19.9166721730972;-36.6638465494314;8.39183944319682
14.4148891943820;15.6330813878738;7.50481652556760
1.67184900103745;-61.9541807680150;15.3366855090499
6.21206056146193;-21.5477774546967;13.6975738539038
22.7169859039253;99.7512566886929;4.88854603524590
22.2377118444220;-31.2623540503824;11.5251583673259
24.7451539612997;81.7141639143602;13.6738922141331
8.09138636619772;39.5332681982890;4.92304848216273
24.6855116270916;-94.0459526338273;2.50884419844692
15.3466191323091;-3.74457555993324;1.23370540339131
16.3020381428833;35.3810868317395;11.9694602520432
15.0336523563707;-19.5034058349732;8.54740627001297
19.9448581947439;-69.1817932454932;7.26270774156857
15.2611641609957;12.2335756297416;12.6788301481351
9.43096701772133;89.8650990553990;3.50042695874760
4.36616521226080;91.8590847239772;4.90415559265898
1.49785511644068;97.9881598119832;11.7045998688090
3.80881611701775;67.2027670823617;7.35881541855992
9.58546470072082;30.8160074251090;6.48068616529446
0.327096675358158;73.8345877874917;4.02696430560493
24.1343382769655;72.7542806608616;9.29831568694317
7.95467211286739;52.3849253083683;12.9332389898761
23.8900913358529;-66.9464707117123;0.806939066261013
0.723992944767387;-84.1051686264462;2.37994217943178
9.92947016832879;1.77891585810168;7.86256033040124
6.94525042072052;-81.3919474886066;14.2671143076863
9.04632743448392;-12.4281742304451;5.00832709411081
19.5113326303490;-37.6057037794847;4.52521866120589
11.1416004162397;-24.1698248929964;1.03539373514561
1.43280645166586;99.1184734441694;0.968241661581383
1.19985850784662;73.8984458791311;9.26538610655378
13.2703718897035;89.5813119614121;13.3914078502455
19.1692015230167;-49.1390315755952;5.55829488336651
15.3657298581033;-90.3016735155819;5.57486223898746
23.3108220652855;66.3677390184763;0.664430779527411
19.5394186977924;37.7451156710256;6.26109399302230
18.8725685226779;19.2043783888605;13.8609040323305
8.15542891430258;-57.0520418467339;0.404151078086921
13.0495314923525;7.03385659648503;2.74205183866888
16.1394826166506;-88.8488885834198;13.2948407550957
12.7809613690330;-13.7901389434117;0.205293666498367
16.5525023320518;-61.8523533504725;7.46703424220036
5.78274553485506;-34.4449080522360;13.3059761086352
24.5642323167512;87.5314156362284;14.4042521347498
2.14798712178251;69.4734021325818;8.11285099933274
10.3169603672749;-48.6032720645788;13.4196725113200
24.6321057419101;-24.5588931526860;9.08250837518676
12.1314702455721;46.7028669633543;12.3833784028347
15.2968044199654;56.4448273642449;5.00353565132473
0.280511361082434;-97.6725883096256;1.72147938044430
19.2137879442109;-55.6587704700359;11.1133187358887
18.5389885653223;-86.5856403505922;11.8680199812410
5.43366870926891;41.1308277576675;6.35088976839271
9.93303493488607;75.1868346277101;5.54537173156520
6.56409682973040;-44.5035485466436;0.869743413025988
1.96596549253304;38.5608233843878;5.99786243358591
5.50299359115088;-72.1972939183848;5.86969731227345
12.1246253066316;-25.0461986093379;4.54676582113493
12.8824059062259;67.1755666937246;14.6302187125494
20.9752291830055;39.1496658792457;10.5623414816209
10.3288016703971;38.9798811613633;6.80853985948988
10.0543893111361;70.6723575716691;10.0016047116774
23.8171731304035;-41.0823555034739;9.60195487186276
8.37745439602373;30.1935970002740;15.6881358992763
3.34375505342388;-40.2744253277246;12.2292950818528
17.3859110770595;88.9354977775312;11.5024051473263
23.0693355329283;56.1578028315949;14.0905931000126
12.1881159751771;65.0036346430557;0.170404813476392
12.6423112170980;47.2369554116989;9.14456592875193
0.115644014558796;58.7345128712799;15.5456540901143
4.71171870958766;-18.9684959619432;8.53807739875636
19.4909860958401;-73.8776195998085;1.00346882757391
15.2706487421872;-68.0887191075483;9.03512136605309
19.8114215124407;63.3287805986500;3.65002496338167
20.9475112273860;-93.8891738228841;7.04925597430404
17.1839599850924;8.79829141768522;1.58249080808571
2.03585250141990;64.6994271390875;2.03385188158828
20.1535142253429;89.6794060163629;12.8260591841256
3.36942488138669;-7.94630023167071;4.07812942355390
14.2478587253590;-86.0999390441317;7.99885542201888
14.3672876568594;4.47990434721082;8.36792975929413
0.402568769797398;-60.8285525449692;0.313679989482104
23.3707078944116;-40.2577063108585;14.0322175626744
15.3695006649079;95.1430212387545;7.36165054625696
16.7143722566236;-66.9367910287162;15.6790208969512
10.5443202237032;55.4699957548803;9.11159857725169
17.5691793402247;-31.7243394100583;13.9888682942778
11.7674158968550;-5.17942963999813;3.86439066398797
10.2223233262578;-79.9526649376795;1.88095031120536
24.7159004667870;-87.9636606971144;2.42247320315035
12.1312684981683;72.3440629410028;0.951902400195216
2.93156848044905;-85.8256775794011;3.20329520087506
21.4521479071524;76.5591259737583;13.8918702012245
8.54939480989131;-21.2320022822684;12.3339855203642
7.90947835425160;-11.9898859422975;14.9099320385701
9.43817865631483;-29.8535923306953;1.29204795394887
21.7470415834768;-93.5298156850543;1.11826321435942
13.2858317030502;45.1132021995384;15.6368805828351
0.628887728875618;-29.3020527322875;8.34722753486076
6.20888118869961;28.2120829716067;12.6031851955067
18.0920121033971;54.3178090837473;4.95606865337126
10.8095294562201;35.4161160919888;1.89625451927772
6.53626456992101;-2.82550267668984;7.76684936309719
4.73522655513330;62.4258261517215;6.64444333524787
5.36195035591658;-84.8006570175072;14.6534565666120
12.3723645445230;-94.3334293117870;2.55132264949184
0.825020802676141;-13.2985958330071;3.25772667677436
9.31560652002544;-71.3043899603714;2.40143256264961
8.91691681727511;61.6074132658401;15.3231431008585
6.86766346702864;-99.6490492711297;11.9789011992991
6.60997307605845;-80.7556923786673;3.30323168860534
18.6128844700260;-15.6649950053768;10.6512209398040
3.29209376979473;-52.9772039629509;3.51301537113759
20.0771000802483;91.2602347215940;7.18880367041684
7.61007649825278;-25.7025526966012;15.0459917772445
8.57115520899934;-1.73598502905750;9.31103572428016
16.4835296064959;-46.4981567306482;2.36362808857082
0.974112190328871;15.2560669681086;10.0724930953614
19.3035709695780;4.00906544959490;2.94884362622313
17.2521144814094;95.7738161255118;1.32628098926060
23.1811361373504;32.1481253452721;3.42284340251972
1.55046461763166;69.2484695192426;8.42297730633154
17.1866654935507;-82.5712808293321;10.6672684971685
18.1423721612442;-15.4248359361459;7.34398736326672
21.1632350821414;-91.7187024248273;3.44733796582534
13.8450018503967;20.4263871253715;3.52441053368337
21.0599186196582;46.2892886200219;14.2414159583361
1.22297219471803;36.5257386240336;4.82484657333863
18.9701111044734;-87.7936107264444;4.00096954796165
16.8999968528903;35.3005773584518;14.3458663850006
21.8607273577571;-38.5849842355953;1.91564400381130
8.27358089256477;-30.3412898823934;10.6431764116649
12.9624917365061;45.2999148336557;5.23955778372742
11.3486301421843;-78.5816002368894;5.21750840799118
4.48757667943179;-49.5001887612858;13.2078111729189
21.1849864307758;-12.2138634383809;8.80338542710340
1.16064936544481;17.4359462999955;10.3164420453815
13.0899017980308;-38.5986863817637;13.5220675502920
5.81759073242670;-12.9061977300452;9.51998308573622
22.5818476011301;-37.9327247331167;5.29578410425620
13.5314241336945;83.1937429531091;3.38253721478252
2.46712433837631;31.6839280779805;10.0110007252317
21.4270907838543;-64.6186910863483;4.20898405010973
1.06844922943884;29.0207869443436;15.6103850155181
3.55104370878057;-92.9414542814806;2.58169782400132
5.43744124484600;56.5213181681032;12.7126795131310
19.4365518620737;-99.6392029494308;14.7909295340361
8.94014878722218;-23.0969343040333;7.46092344227478
0.633094452781394;34.4934114908000;9.81704169706656
20.8444902302841;-92.1018799347540;6.56782176918028
9.07994533352072;-13.0481398489755;15.5075926246472
19.7140450778476;-65.1238519811373;10.4511989504602
21.9914915851885;16.6422939289787;12.3425587169105
16.9126960198718;-61.7928411894319;6.64279744438687
13.6311015549603;-23.2721243848958;2.38513134092823
22.4722213371062;76.4359561110011;7.90910040498284
2.48733677720504;-99.6317278731126;13.5791102177152
2.27348229192748;36.0406856219978;10.8445749028821
0.855983311196976;-43.4970783373764;7.13485166646021
8.10435570478360;64.2817264390215;7.95323777599968
4.15164396587971;-41.1781137090703;2.49805025987317
24.9519648735489;-21.9799419429912;11.1658467804645
10.3871300320640;90.2161619426706;3.27506880793338
18.8583346099045;67.0509220423272;10.8379937611079
17.3328374350602;78.0433342506610;1.99213319821213
19.2661002752021;86.5177994704862;9.52754414371638
22.8065020879268;-74.1278765907373;12.3666924187864
7.76699420256740;-30.3427546593629;9.27330352065689
5.11792672100296;42.7220719555484;10.9429464643445
1.82197044880677;25.0298398063200;6.83684690926759
14.6800171543304;66.7237481541691;4.42888855344527
13.5621655270698;-55.8992222278329;15.6486461628126
16.1021454605841;-36.1358942058581;15.4386765404298
14.9501314889923;-56.1227860623229;11.6488635660379
11.2504932970492;-94.3929321196102;11.5964368741143
4.06375451201902;36.0419564742035;10.3194333631430
19.1230183489428;-42.7702125633291;1.37359554522657
24.5825083121957;-93.8418444060571;8.44646762223373
3.57866111583804;-43.1098147852828;13.6246838827156
20.6925843849003;-77.3612442184705;3.35977659069562
22.0283200309119;-85.6753149125988;13.2278329826458
1.76125693902587;16.2030707375563;3.30255311342560
11.9466336544520;-97.8077953626124;7.60793003675320
18.4688698578909;68.7002596414174;4.79885909578790
18.3434227222444;-86.7876418136880;5.51951816436882
20.4061319318288;-3.18059234551915;14.8471989944670
13.3370015213953;-67.5194572882320;0.481939933411974
14.0208349112885;-15.6083595116654;11.5205791218998
8.66315227474235;72.6119965998137;6.01945139351897
13.7688911851932;31.2820240814253;9.40845052174777
0.527567726977093;92.4947088510170;5.27914694805535
18.4192803236772;-20.8479929649671;13.8388299433390
20.8492934688684;-17.6140856601596;13.6792765610606
20.9079914868153;55.8529898846117;8.76958847798768
0.828009198412916;80.4102685492054;0.694618676075907
22.8043085938628;33.8623165030441;8.53728630119170
2.37312945712250;-65.7248736942113;13.2042848804903
21.2727002141713;-36.0435087186386;9.06039313041923
13.0549954873483;-45.7588212339941;3.50779963318392
0.409161392748130;-53.8405528412691;5.17340254860642
3.22942891505559;40.4983902384793;1.04069292412880
14.8293676292302;-38.1059120247390;5.98116125387987
18.0446842320146;94.7738849882238;4.13643791470965
0.925630540881652;72.4872143397215;4.16965199951321
4.40423350974195;23.9546245118888;7.55976406025377
5.81091592675057;75.8893682720294;1.51732976402987
17.8753198307570;-38.5771748343310;1.01032694005260
19.2646513810822;25.2391568628559;13.0636909210420
14.7344870533699;26.7966446902433;1.09517086936429
21.8234696823538;-39.7605113006452;4.76216367567976
11.3497848366532;16.5907774328701;12.6011313581991
24.5982261492687;-78.4647529645718;7.30195832191242
6.49903541903951;59.6816995825677;14.5628367824916
17.2667285595083;75.0273613689519;8.81073759248278
14.9185950512622;29.5339364140784;6.86748061196358
6.98322247995980;-88.9861600269730;6.38485718297318
6.98024781809470;87.7123829619598;1.01274565070962
17.0941927732896;-88.4077214486178;11.4590675161562
20.2820268369810;-50.1710043767970;11.5187789021306
1.90603051505135;-24.9764219080132;11.8587632708082
9.23431734843596;-17.2941423793450;11.0299711457259
20.1559271344898;-66.9631559133764;4.16665177994785
23.9582747346239;88.3947715018329;0.157920430172771
24.8433710559425;-74.3913287888198;5.60162157966597
10.6393066918183;51.0777661309249;14.3385720870915
10.8288247831483;28.0310852581756;11.8917766027318
8.46113917618980;-38.6769074033052;4.70378079729696
11.3666960262925;-76.8562222978483;2.94948166591646
19.2493818307526;91.1096731796486;2.60729962700678
18.8925070216960;64.8295927911151;1.21264031302043
24.8098483303677;-69.5605225491937;6.99165984900729
5.07683516138830;-21.4219460406148;4.34591581030229
9.38542428751267;-7.44744764671022;3.79368609207521
17.7167544107377;47.5636502902257;2.34478980473989
4.08744867473091;75.1307120364911;7.53319576985429
8.09905132032442;94.7684783154654;11.6574056179974
20.2253062317445;44.7754410002727;6.26239229733028
5.47392244259198;24.5829109997184;2.49626385348705
8.20970221905740;68.4185577746456;2.26547775803594
11.5499551033990;-24.3916005028213;14.4722486776208
8.80825416804411;79.7363503546172;5.63868550357760
1.83848902321745;57.7521715905705;2.55138403885419
12.6298267107839;81.7596132052589;13.9500312785764
6.85499921554831;-15.7179587752719;12.8593989191287
14.1908859506284;-85.8826456175251;11.7464782457302
0.687777796511064;81.5045253463928;7.87473955522739
15.3429314605032;22.5477573016426;6.42947007274934
10.5902990830939;50.0676351602753;13.8016171407094
16.1323929828372;16.0806690882910;2.89338236449281
7.65295166575632;98.9044846261079;14.8090855110648
7.26961454728295;-66.8265173107952;13.1525795601609
10.7628860120111;41.7645831422080;10.9852473203235
13.7568559190398;-66.6594247810980;7.50657277401465
3.06152613761281;-84.1338194191691;14.2070243183713
3.26062617231296;26.8154302188542;15.7177423556209
5.71970494854949;10.2961489191398;0.517368025134500
2.67308499744882;54.4547262193129;13.1963647639122
2.32592948320761;-89.0234968492882;10.5490868872247
4.71432264356560;-90.6715108668248;7.17246706245824
17.0873876923138;16.5019785010824;9.17951206551846
13.5370647105829;52.3489503770893;12.7666522036692
13.0351730451324;-62.9479263809322;10.1241287150174
23.5454143948514;7.19288834161700;12.6352616503107
15.9375309121941;14.7392697206676;0.952948595818468
17.9639388713103;20.9877735321718;6.23048886900656
10.6110396495656;-91.8416840613371;6.72374589017778
6.20893966066812;-45.9754412935221;10.6251550248398
23.3996820599059;-64.2102358724999;10.1515312789114
20.0532100543219;5.54563898995997;14.1648519415526
19.0408455464377;47.0150548481208;9.78412019433331
1.54382099450171;83.5266171313894;9.84557931643243
22.6663450024711;-93.8803112648241;14.0345872837345
16.3907031046139;64.8436136457791;12.2698120953832
23.6987421043860;69.4788418391890;12.0014557299147
13.6310482547382;-6.07286756229921;1.84995028799864
7.63296962381465;-25.9362548672634;3.26543241346106
2.21289960124157;-84.8726629955394;1.86016308067111
10.5383628438157;-66.0085856439560;13.4633567267002
9.18833419012663;34.3929224905776;6.10518150725836
21.3132147668611;18.0258488560810;7.26473249883394
24.5980994509744;33.5576635478940;1.18219909344581
1.34632799882227;-9.94806868763172;0.402639522558930
8.92837923025136;58.3888608241920;15.3778323188844
24.9766760540608;-8.84036980421290;2.53431254861768
10.3754340221047;78.8930145496622;14.9382787638122
9.51619951972384;-85.4886977045217;3.78824161889819
2.61448898059082;27.0870505820626;1.20886343166509
14.7403056152257;61.7243438848585;10.7608882582070
3.65801585518159;-35.7803351441263;1.34923942774008
9.41439287573204;7.21433191053864;0.994681471500829
23.4088117987713;73.2159915911308;11.1227024016655
17.5092385266845;6.84322770545489;0.0329432851848956
6.07335351934488;58.7224268131233;2.50971660673712
18.5529849751639;17.2466346597371;4.39280513043481
8.16594385200929;76.3014013175610;5.04366557228967
9.24898458061806;-11.3647376115251;11.4245760391685
12.3198511530633;-81.3672203033483;9.14858534714645
5.01546032510412;85.8992415112724;8.24309059066541
7.18918296989746;-16.2855091441043;9.23727921197785
7.31482679577654;5.34051082499250;0.0790834147595803
10.7460902527118;38.1887191020452;5.63575539199481
11.9528202235726;-89.0685352603755;8.71575535380017
23.2980003284388;-31.9180857212277;1.47302484804227
20.9057434040279;58.5577431345226;4.35718196663831
7.24939206377345;-98.6909779192276;9.45164824237721
23.9518750858312;-89.1596178176897;0.0740371832665083
18.0762083579985;-45.1852490814037;0.492011764934068
21.6201965443340;-28.5042381410843;6.02731480269809
13.0812460990303;56.2113363963486;2.64824496852270
1.31921758444757;-62.2310030573603;4.89959711201368
24.0003839270029;-18.7040804713024;4.31959178994028
16.8052008804182;38.7909361038059;4.91535438896699
1.63666890468183;65.8960894978720;9.34435088322845
24.4784036122801;9.23505436986054;8.61629654889749
7.37112576723534;82.4678347583187;12.6507316123985
23.7477211589629;83.5257302025242;5.96350301038564
4.33549666941605;23.7084001848326;12.0321480987285
0.0226149713264654;82.0943291912385;10.4412659326293
21.9613859455990;78.7722287199264;8.83102521554966
21.2634188570848;-30.9414349330686;13.6147166422401
8.41022490014964;99.2770688858375;6.80397857028180
2.45825258435686;78.0529932857502;9.19041001644792
15.7029775880274;-27.2368409577248;12.2920632362738
10.0104174186128;56.5793145237490;8.63223148044920
23.2013107707865;-34.3352961373410;15.7483251568787
22.0151414864363;-68.6585040744126;1.68936271174957
15.4770214168949;47.8967145733444;4.81607661657390
22.3485190378129;26.3473399954471;6.07766096112377
5.22633254774555;19.9807274262907;7.56345485199438
6.45744383450130;-51.8876035959933;3.56109953021513
0.103121875270611;-43.5306487158637;5.13187973534791
2.26131723915092;59.7473436632956;3.62961453347523
14.8955005807016;17.3889893522254;0.348124806193633
7.48281818137727;-39.6494447765227;0.247574159606350
19.3858449173222;-40.7776572948335;12.5415976529491
16.0597481276131;-54.9589141192074;0.298353433703840
4.48866341111059;1.08835241233787;14.4436345533194
7.08350338286608;13.0073262118153;3.14567577735883
3.39637087504623;-86.2208305009062;9.74455564318012
14.0873876517040;-67.2193848062698;8.36593776577081
3.60640529695296;2.10375602690063;11.3076852870739
21.4013355379466;8.30785143221364;5.65113985459333
0.760210861212693;2.00718431336198;12.1423100263765
21.2580965679565;-75.6166784185562;8.08921123314127
5.82001223773999;-68.8500927737727;12.2523904447923
18.8734117056457;-18.1707171009998;5.80051109947268
1.40976082079002;38.7306672738046;14.8002809060186
17.6911600917537;56.1543389882156;14.4175874448303
4.60302879955001;27.2726739764950;8.82743807375333
24.8650639997366;16.3610335575110;8.33640075568694
12.9174925844236;94.9467033556755;2.86439388546769
13.4537753398602;5.92764713691969;9.74277209611877
6.78784989062232;-42.3258338845387;11.6473627451807
9.45642451127055;-60.7582595899486;14.0150641523149
12.8036643193385;-56.9254074320332;7.57314908618632
12.8854636294995;-12.4673183464232;12.0354204945993
11.7233419693277;13.3899441447450;2.89677276356792
3.85417895467078;83.1166970794976;0.341372079208034
5.37815201296565;-36.7805179096135;2.06834285313599
16.1293205748837;-43.7953817704564;13.7608356191077
15.1534791557902;23.7797683569428;12.7473490530495
4.55862812279883;-55.9110374558969;3.00147554110086
21.6922864061106;-65.5965111730190;2.73944008519716
13.1929526145733;-96.7164865597785;10.8090944504819
24.3634407413983;3.26674229884349;6.39831201850396
7.13712043076251;-99.5167656910664;14.9684301194344
23.7270250237706;11.2004888658429;7.61976197046721
15.1901327641088;11.1468523185749;6.43577260393041
19.4121951788378;-85.2535556322466;3.04037537019848
1.58704900277864;-20.6181537115091;5.39305274342205
14.7789254833888;54.4408191715019;7.05569150336689
22.4939383307997;14.5071037691444;2.20774006273182
12.7446998502173;-19.3861731271628;15.6854208891980
13.3208696412390;4.66440080357948;7.03440098914625
19.9643909040925;-21.5027971400163;12.8614700955129
16.3773994592035;-86.5949787698989;13.0826403660997
11.5764456417856;55.7037773129607;3.70444545797571
13.9329261928759;52.8619787953067;10.2601338306630
18.5758410931482;13.7059445194443;4.12495730132719
12.8580419349576;22.8925280222772;1.98571090777959
3.01955896231306;17.7740779864895;6.51292439814384
6.70216676151915;23.3257136638261;1.08307976570086
23.1214753137705;-52.0445359623843;1.75616436638793
14.7349326586636;58.2167403038410;8.47289954413813
13.4805854684148;41.1293406895046;3.38403151398063
23.4316316172848;47.5752665978023;0.415478775219810
6.39072395734106;-72.3164456200159;15.9059192466689
22.7975022899309;-98.9019475788843;11.9142529709281
13.9279034870199;47.7035141079934;15.7157618153066
18.4671221723257;62.1573368516769;15.2221119462356
17.1080211018576;12.9443032792914;7.54572431212680
3.49264737596224;-88.8635957417537;15.8005695809243
24.3372145579735;-35.3807187925906;13.6467377976604
10.6134942079119;86.7229406328438;4.94523160353421
1.90529114224085;70.5515691848068;15.2277774608519
2.69815470578985;37.3545403640546;1.81837890137936
24.3060328789942;-66.5524545027504;1.87638053543642
14.2588334809064;35.9328587916244;0.0111266335676579
12.0956220795972;-84.0862276397243;4.85050294246324
16.1247438258634;12.2007528969620;5.90690098118950
5.45510940405939;-8.19163552352766;1.92545796336414
17.3725730124247;33.0135030247554;11.3905957109575
6.14392146502680;-13.1771114674987;15.3202201253742
15.8404766002004;-93.8594248125395;5.15661129174437
24.0034285206818;-11.5182654253982;12.6237406207894
18.1605496287535;-6.58669818439686;10.7437742651544
24.2414574090037;-97.9231260833078;1.75382944011059
19.0535224658666;18.7100612518795;11.5834007700514
13.1273960202307;-39.6738099737360;14.1216335802858
11.1697561178644;65.1868218118993;0.00789001094537767
15.9590493724171;83.1834778895185;1.63109742057116
7.67844467812843;-46.5293955273737;5.92614445576264
11.0851482073442;-40.7965959007345;14.6350270873751
16.6317486310822;-81.5052736362610;15.9838207740873
20.5569293605753;45.1663624186214;2.72790220890424
7.97553278128957;43.4920548956850;2.76187730270817
16.4261259304006;24.1736192305070;1.64912653188138
12.6350851879822;-24.7769923995585;9.69836317272233
3.93615077892182;26.1343190855142;6.59024244000326
7.62691383497322;3.45735030041789;4.09252412600451
2.62753219178362;30.0412478401203;3.22695753300918
21.7655454653223;74.2508453908660;3.00302790754211
16.9737666374563;-33.7961628269497;14.1403591494341
20.6718805709405;11.5089777260805;10.1026206634491
23.6517330994339;-94.2772160020430;9.95882288874821
15.7650978033422;-55.8268973866269;10.5322989502256
12.8350554586191;57.1176881244052;2.83335153146416
13.8998742518901;-41.8191710586926;10.0135793434054
24.6857742560744;-88.5633308092718;14.0232904585623
15.6725377273299;39.7801644026335;2.85124765701021
21.3004243470385;27.6666175906516;10.3291820682483
12.2562655451122;29.5418420709624;14.1459538939983
0.498968885499965;76.5206131956280;4.00825977861627
6.09578491330505;-67.1858963412884;9.37953849036016
13.7518766104506;33.3336848577981;7.78996932721200
2.53917540008419;-23.3598660831899;13.4253805933574
11.8578020776524;38.6455465380726;0.826808848782811
4.36327920267774;-39.1653719130275;11.8315612341513
8.13457830008419;29.9264373631218;8.87225707013655
2.75965783976206;-28.0929519369593;6.87155901247263
10.7059127703784;82.5735522229751;12.4755606820629
17.9747650817008;-22.2455009243467;6.34667705439733
19.1904146650819;35.6043715697883;5.71566505049865
23.1796300634749;50.5327554915062;10.5515591421730
18.9238512371778;-60.1212305932792;6.30675014968022
8.31245525965405;35.6633990794144;2.85564063508855
22.0139877394495;58.2001478675170;0.868720488792359
13.1402434133898;45.2424613211053;3.95393985606148
6.68350714951148;-64.9607282551134;14.4290134730081
4.20542050731964;-79.3567818273932;15.7190894924106
1.12527966928347;63.5090844831580;7.74574384439775
4.26937336441995;96.0192011042536;2.31599316710136
23.1443853099219;50.3368054621948;8.18666517746697
2.71558966675954;81.9481690264541;15.8964418826983
20.8537335484632;21.7029988931023;12.2011024201097
3.79537531972166;-8.15972629760198;15.4563803605347
21.3969029005507;-90.8172975799772;14.8780888008311
14.9641881926246;19.9335635060254;3.78384901257939
4.94420649732609;56.2847870619602;1.56035452752640
19.9382629962687;63.6104728630974;6.55638920525276
19.6846412911479;-55.3835237467480;2.09876173726350
2.38962708150643;46.5806919564092;12.0730676554304
4.28619455296196;35.5118181947572;5.56965022281026
15.0703024252470;94.4196288012098;7.19653959644071
8.12746207080806;-17.6799295908353;3.18936770558421
6.68212180243016;-89.7546227171597;11.7842879790079
19.7324937902838;-36.9458909830244;3.25387936940910
15.4153360702582;-37.0482835300621;12.2905658952783
17.1616051257270;-1.45268542745136;3.86048230003468
17.4358325257006;-88.8738741469798;9.81973580327961
23.3005148516876;-81.0034407389765;5.53234893298954
3.00470218546531;-52.1843444293436;11.5621088227184
15.1721554005198;56.4871868432369;1.87556984143894
12.2466912450288;73.7660815951410;2.89261415827200
13.2425345158503;24.7968104219740;3.10183138341108
5.54672828309786;-33.4953252662086;5.76877510849880
18.7045224793189;-45.7504118320413;6.47029959221126
6.45384758234023;-93.6052059241793;3.61248173782181
4.97784941998704;73.8664919732012;10.7049132520210
21.7880843186278;-50.4706472250686;15.3154055390563
0.679637537946196;97.0843615150938;6.90664206869382
0.908505337502641;-74.4827233298791;12.8610273575273
10.9498416749257;6.59068988945559;12.7710271395513
1.64219070351871;-24.2806432007242;15.9238562124327
24.4846606044929;56.7543393577583;3.38887043185378
15.7225015989136;82.8180664547589;5.26430159348702
16.4082020794209;-27.7750757929411;12.1974695486760
8.19765129861969;82.2088160303639;12.1081519558641
11.8874965791962;-76.1756559004511;15.3804253880459
0.406045592862196;-93.0344619664111;9.11827729764780
5.00070364171351;80.9013457829283;9.73609788118795
21.4623683130608;86.1481756863271;5.84147552203413
1.68850261974976;17.9992394584711;5.49676103813166
7.76871401046976;-88.7103860554277;9.59980726036347
20.6655683194424;76.4319005698006;8.41006433900458
15.2967103631272;69.9031183373210;7.75946430027415
22.8650093401334;13.7479443196176;10.4904047897663
22.1027609539383;-7.88289486714560;0.612031831629128
6.13282584847422;-86.4790002886193;3.03876430386283
23.9550476739614;-23.3573717491920;14.8599244480292
11.3074174965840;48.0804648989710;9.32767529473262
22.2139535977186;4.46550207583001;0.246566611647939
11.6212598422578;-0.648147545006572;4.69880469418865
14.6305340325565;66.0397576323494;0.724162914191368
0.291975302478717;-96.6447575214139;12.7157044748988
18.2108847647203;-47.1882862995168;11.3818555179343
10.3825087873353;-71.6197749808846;8.58178028816173
2.96593712788516;-93.4058895815647;9.38871442645231
14.9064103976405;-42.1372352080947;3.37515786654810
0.117196488316321;78.7732336752441;6.62264012606414
23.4863694796069;-67.3791050086292;8.25313061592696
17.2853009642231;97.7957340449982;13.4133580358763
6.79495192944916;-73.7395237812910;10.5585702180591
18.8434332849695;-6.54008453617436;7.69881730700813
16.4582981173316;-25.9681300025527;13.6442353163132
7.09275314653602;31.5123266550187;7.70444993198050
13.3903626933571;74.7129844135509;4.35673396147234
1.50540180290962;-41.0248870074913;11.6991313363000
16.9356818699278;-45.4349909917899;15.5115082275301
23.0720775720273;-83.8217988734297;6.00996148055352
11.6659669246151;-62.7308340945318;3.81760165448909
9.22025418711569;52.0018705338018;3.88327596023860
22.9348482317124;81.9218037863337;0.303030383419276
0.289325905655588;28.9245805628394;15.7224508724481
23.2308800475232;3.48986125220276;12.8419124122862
17.3354385134112;40.3190096844918;9.01576423918357
20.5309256201758;-90.9851600932123;6.22126437585608
21.4434222613331;78.0502742446887;10.4404546093747
2.76442225722519;34.5239520621885;15.8993305447140
17.6249851057807;-67.0253987101687;11.4202532320815
13.7916607807652;0.512896625366177;1.63787175076389
13.0156947608358;6.36388988368413;7.15662188722431
7.84329375475345;24.8005077522214;11.0847166074658
4.03537300832151;92.9136994664441;5.32729461991338
7.99319444791179;13.8348388018883;14.7479815939114
16.7766649733422;15.5343906569079;10.1198558062383
13.0987698830082;87.4975570511269;14.9149672468919
15.1950115223394;-87.6879574105443;6.81472319845730
19.0078734377851;31.7993273250313;4.80783417274299
4.09656326535272;-80.1203792699874;14.2244592802405
12.3590423498012;21.7337730788826;0.277980751102849
19.1172007799264;60.8704565629958;2.36888196857558
7.52028688152996;-93.5369258352143;15.3465976904683
20.9716403483840;4.38659027964621;11.4315111600984
16.9951904349178;-40.4704098452595;4.90346753228264
8.21152948791053;32.1296333025201;13.2495386993338
13.4565916481295;19.5434712562777;12.9262698133230
20.9454231269606;-87.6902246424390;14.5480809867484
6.07442210359794;78.2327623761979;10.2850075881893
0.487101398624398;90.6668262871690;10.0589683545075
15.1869663475083;-63.8247587240182;1.89553728423095
13.4698259005461;-85.2909504242168;14.7035577904117
5.65873697713199;97.6063481545729;9.98369717194297
22.9985253043497;-14.4188063154954;4.12135847777839
23.3998805383508;51.7964804219067;15.2208570341498
12.2157383384911;84.6332082551895;0.739292158772903
17.4406959569221;74.4231497306903;0.334834266876014
12.9146411956130;92.6729224421877;1.40880203699719
7.13083863816289;-40.6479414518457;8.28548567567913
0.236262123379161;42.0077395257541;14.0586205140697
7.32374288421076;80.2195574168830;6.43486550616459
16.6621126649195;74.8401351334874;8.98117318128989
3.87730923232855;65.7202630380208;9.57049353469493
5.63944013238516;-92.9581155477589;1.20081369942658
21.9405506992871;81.2271612767298;6.26384000750015
15.1431890171518;25.5865008996502;5.67976203863552
16.1703452261189;14.5192154722685;3.91662388156510
1.72957198623098;47.6373924103712;1.72845297924000
5.46364117247230;1.64430599813055;1.79662721591633
19.4998569420123;72.9653196568343;4.27527273768756
15.7269361183080;-71.9523261226456;4.26227801030117
1.76541057786139;31.4271912620937;14.9773004739687
16.4304643775091;18.5987516855387;2.97883084678146
12.9914859007690;2.67332568451442;8.11896152724250
23.6882409625891;-51.0760171028147;2.36150741998569
0.521266768872550;94.7011250622892;14.7312005383373
18.2179459797124;83.2428599782430;14.8713802792703
9.96294650787232;30.4019100934400;2.18802262596405
17.1811573759071;-77.8996311255001;13.9451073631266
1.82717663370597;2.92529488203834;0.197681673483707
18.9511390802062;-3.78948013645553;11.5525777056825
1.26806477573833;-86.3656253190323;14.0573648159763
16.0602519771737;-22.2313711753521;6.19914728611773
12.5193726258002;61.0406431823106;3.94288712772005
13.2522443738536;57.3311274056723;1.78757685540326
18.4562881753378;-76.0045544376077;13.5484982206831
6.86421136405108;-17.6047213260297;10.5545441667983
5.95089124664665;59.6133521237211;12.4745952463712
18.9985778208501;-49.4559878862564;5.73700298346789
24.0023610154646;17.4958676070841;2.94616656718590
4.15515901148097;-92.6533143850481;0.162872916693537
9.46484728971884;36.3260253063416;1.37463656295588
2.42005952401959;65.3639849974591;5.27147527355181
23.3640597504675;39.9821262833205;4.81328246854624
20.0728966472844;-29.6456008354084;8.10513856524246
18.2551332113162;-2.17051838249795;6.18568472007057
19.8678351721482;-43.1745954380138;14.9967421694868
14.3392405477856;-46.8058911386521;2.55265964116262
9.04225369788441;52.9852916171891;12.4753588962016
4.03334145267382;16.8758661015420;2.83939641897169
22.1592646349224;7.71129237841444;12.8846958849902
22.5499672601441;98.1349559824120;8.99814097730138
18.9645535124687;53.8315970299258;7.52119624888787
9.04480315284332;17.2196155496100;5.75378625910368
12.4056220303841;58.1706517774806;5.94839057607481
16.4671371466005;9.78497128277494;6.12596056081780
7.22416957418534;-84.7160138312022;4.10090769388946
3.57642877881134;-5.13669306786961;15.5526065112512
7.70332807829104;69.9454992018404;10.5690323798424
8.68603249029981;-19.3841274168613;8.08458496431573
3.48846157542068;-52.6404860214737;3.16833169151545
5.40596324329723;8.29770841305551;1.67014667909177
13.8955421807787;-26.2185594554753;14.2146135399049
1.27959349027682;51.7043032558423;5.80735946137683
10.4338157266775;53.8073894790668;7.25941771041979
17.7895040745811;-30.7383254089673;1.03669826525347
21.9818258786373;93.4905830463127;13.6121940784957
15.0369859883076;-28.8385759486358;4.47092768659984
11.6243011914777;-61.3611115156367;14.5907138869980
20.3855160832946;-81.7888250549396;0.956322780818557
8.05312278366693;-37.3530353384819;9.85546119796424
9.40973591672318;91.6687585431693;9.02309172639317
3.45039292794864;27.6928561985705;10.6923170652874
16.3398096742575;-58.3719979846189;5.36708750720855
0.637299340770095;-33.3755692098386;0.604708423382157
