5.40706660480822
-72.7428562129945
6.99097098411168
12.3473952652070
-37.7250494335192
0.739012794606531
17.9105508829560
-57.5896407958557
10.0242584700478
10.9101022436082
46.2549072463347
1.47102806089604
22.7352938006630
69.9119388366912
9.21515098668945
11.3272763143466
-0.218535236211359
10.5264869903025
10.7180049018917
33.8897117181783
8.30791103846705
12.4331026400032
-13.9816442809215
1.11785970784283
11.8245232480933
-54.8942179716442
14.0086827530924
16.2312490350989
-40.3317018187552
5.27923935259389
11.8421296055801
98.9562152667361
15.2319498388267
12.5051359877174
63.9831858937854
14.5560062250965
15.4349163358078
-37.3549039841771
15.3086535474020
18.3818453939626
87.2968070612934
3.84996345875847
11.8679436266280
40.4296818926121
3.35544161402770
19.7767983613349
72.4069704479523
8.04588684295604
13.0504088044361
-77.8732213217541
8.55194948549903
24.8052478899402
-53.8033941483824
0.733417373140535
16.3352538371962
-4.96106189816052
0.661002069637462
13.3866250965855
83.6029286947397
12.2134076237284
19.3734848569602
20.1721132184390
7.49076477820670
10.0856489651059
-49.1396585125889
10.8782974571715
0.699417812880279
-11.3570507901259
9.54520376637660
21.4794805225307
-67.1825241089465
8.46108710208941
21.8033701049565
17.8177336485098
15.3031577924836
23.2612697197915
4.84162384510931
6.46609826679029
15.0631721327448
49.2153185814235
12.9063565386816
5.02516848288235
-71.0410217058957
15.9684453335013
6.54182429151025
59.5105511280685
10.0125058047107
2.63707392658747
-67.2511521509253
4.00506245177349
2.33282929601097
-56.2055572208249
13.9666906235667
17.9141643942443
-96.1538819655724
0.903917624344306
5.67535452694024
50.9693199492063
3.18559137203189
19.7972075413417
-17.0625394327500
14.8570983957734
7.90129015564001
-19.7271952219515
7.22770876977461
20.7097433778570
62.2516820610316
12.5217217917071
21.7696207464266
-93.0185317663973
4.19792515256205
16.2234349503043
37.3520171339368
15.8201850960246
22.3195430497404
-49.2149318822961
9.60749698884187
15.2825804111124
-37.9848319579829
6.71968088668702
1.55977188770290
-3.20760510718385
14.9594667170596
18.1590592172694
65.5400774723858
5.85890671610997
19.8736314022537
-12.9445452761465
9.37272694998008
6.50060866446186
-36.8956532508214
2.86041858017821
10.3296977006484
41.0034573844485
9.58271639718306
23.4963846062764
7.66927709875893
8.93055591647878
8.94784634980080
-73.7251850764149
9.31242071912073
1.59344364247967
52.2381518777718
5.58553441555785
19.3178145017072
-17.6845384659375
3.09459308889455
4.64540825771280
51.9212138241512
8.76155486993854
22.7882227677507
-67.8387534348289
12.7737908372433
13.0140742109242
32.7615676109287
5.90065174422631
18.0211969694490
-80.2822582785872
7.66849943890272
22.8215555996765
54.3304144714151
14.2362309811231
23.1593662631292
-95.4927417340940
13.2510325972275
9.38437128343567
-42.4647864458084
13.9248484841936
15.1057772392541
41.1772596974076
15.1588907772794
15.0608346730811
62.4385099851913
4.48764985176614
7.47586929804384
44.2376444323837
0.771303377040868
9.50923871560477
64.9840521105142
2.54368827596150
7.07465310393302
77.7862034400763
1.97322073154974
11.6322412777671
-31.2608656094671
11.0389784869340
7.25388351601671
-5.44017461484734
0.251327319987276
20.7263896205295
34.5976789386371
12.8333251662982
1.73797265304958
-77.9630562217661
3.97582987960660
9.54920314933401
-72.5498095282950
14.5597975881190
10.1530613194942
67.7939679667940
4.28058538125056
11.9475351343093
-21.2100309391084
15.2394050532479
5.40034943019629
66.0824732006273
5.63159950380202
20.4598517497097
-95.6927334803041
12.6926031244226
23.3651793004144
94.9144188878979
1.50787509712411
21.7716787036757
-78.7777338067046
10.6822696703472
11.9508368557418
43.1687015893238
4.31326012437129
24.3777949160391
91.2914806046544
12.8949889729287
4.63315925514664
67.2007124702691
14.1719584138527
15.1634777137277
-20.3952932595415
0.364484616080491
11.4383810954872
56.3252979512887
10.6702384282281
4.88940106523611
-5.69520851330820
11.4886408233005
7.61978703431787
-34.7356894135539
6.89966413264257
7.94629616732196
-52.3234540803964
2.92741940756540
15.1307104468862
-66.3414612800671
12.2316572223218
11.6337707234601
-71.9077754250287
2.55557048114948
9.27381942513674
6.48995032101949
6.33367539844099
23.4664964263434
-98.5749103109283
14.0842801058118
22.8112362794964
-85.6467022122201
14.3408672832090
24.1705434068978
70.4058444153871
7.86564013502204
14.3784227558037
20.6060621783918
5.59515793695084
10.7147181100193
-20.8448327426120
5.45212768666801
0.137585719165861
45.4132275764300
12.4870302683611
0.631312695433131
-93.5795161233900
14.5928543160460
14.9185102640398
7.67960689944842
14.5006453972101
3.29681214235989
6.54020553555432
6.04530313501548
23.4298588483723
-84.9989134698989
12.0555937822528
7.76205288446022
97.0062827818271
7.12614873428814
20.7814335716910
-93.6669281500984
11.1114354558451
0.834316058035340
34.4001558754620
11.9438465406790
21.4940799269660
-18.2793592008906
2.41765543923166
22.6278710070479
-28.8979103328844
10.6703381066015
4.72829399479114
-48.5922600653398
2.27743996770755
12.8691417921956
-41.2707414491453
10.7697176149690
6.73944883905650
-45.0124459103411
10.6370846844991
3.62359609877110
-50.4547572283506
0.349079202008898
7.47209451851993
-39.2378677813987
4.86747883122105
21.4431208478361
48.7970165185530
1.97863952053237
21.4413947812877
-55.2353295137483
9.40809386319338
3.47989874737117
2.10326430210328
9.81633354273302
7.34048091201596
23.0309982974594
12.6531007565322
21.7431889562503
-47.7584079347815
11.3863618815471
13.4416218931638
82.1156079649861
15.0644112322502
4.91224417880460
-84.6868204331632
7.71223431189084
21.0915942083505
-1.07102621144810
8.71159613375000
8.04059921848650
-94.1903956153472
7.51311634862596
22.1270314479691
6.77703771564184
11.0026652973596
13.5686053647411
-26.3148925724463
2.67755061528717
11.8190877068444
-64.4175438787096
4.64352483146295
2.10385360467263
-51.4036468901226
9.05609750543743
2.61891844858438
13.8519687987835
6.40972614729077
21.0678949061332
-86.7514386115758
1.77975184760598
22.1765585057239
-59.6430882003176
13.5848434812574
12.1551621958929
67.8079999875140
7.64091137789384
12.1055801008221
44.7982086826409
6.13531873664719
1.43148015307959
52.3866703673786
3.48305135874976
1.52021328806209
-35.3825776693210
9.20547938862400
4.82645341558149
43.8240545037531
7.52800973122497
8.90382454362184
-57.4867391708382
8.09107116694590
23.3433166061625
-40.9760217456054
8.12008899944083
14.4566545054832
-36.7748245737163
5.17556900251019
1.39312701905931
-61.2178753982376
1.79490236448204
6.32275138920672
-46.0273998806587
5.03046471141795
18.9376805097176
-87.5898892323917
1.05400186955079
6.14599333850477
-15.8779211151644
2.21760486220996
24.6656040300969
69.5496062340493
4.06416344934251
8.86843769582478
-29.7659389392119
2.33600896311904
22.9687005595031
85.0740125420682
14.1525054920479
23.9961560309281
33.7028196830329
1.82630240659335
23.7923957445900
13.0234971782443
14.9154002187791
15.0934284143061
-65.8314674888927
13.4515808228575
6.06987274770334
-2.00768991661759
7.39510481768173
4.59729312674105
89.0542820070263
3.07250374386841
3.98076424243479
36.1209228220841
4.03566563016099
18.6355630408635
73.5963719745596
13.1275139110417
10.2760455265276
94.7608370622797
6.72501797324419
5.57670104932616
-13.5199126354924
4.70524456480091
17.3147015434616
57.2070880770121
14.1223328885654
11.2154639610441
19.5787921135497
13.9040178775011
16.1045661111803
30.8916182305691
13.0847336191427
20.4353370251741
-87.7398068619784
0.685907942574550
22.4160476457333
-28.7511216358966
10.9385236960842
22.1534204545297
-7.74824668358916
13.3592991041701
8.10128364342214
-32.2546158973059
4.19008980447799
5.07296485646133
-92.0890343630013
1.13630693626276
1.35655313836784
-19.8455019687511
9.61106042251551
21.3845417943409
68.8986077821292
0.542136637993412
20.5309335368731
-8.70613572593402
8.59213989308456
2.82992689094163
60.2452352346354
3.56932815361739
24.0970012488821
-24.4829860283831
10.8014743159459
20.0494885300897
11.6838083431302
0.303745910363585
1.97250237243851
-19.4146715226644
13.5386863178394
17.5432642454341
48.1915946741954
3.45901688684315
20.0030023108797
58.3448925494789
12.2041156943290
7.82698453420763
30.5105717443884
3.79558299670286
15.6504865375751
97.1743179256718
1.15229972897512
2.90719937067344
96.5623256579357
6.88369430074199
2.05996819073844
-10.4647565491625
9.46204914195428
5.24621603881497
96.0697165021873
15.5345534422549
3.84660005902331
69.1798095976584
10.9216967082340
21.9597093734292
-92.8740406346407
6.39802080919740
9.86284903230522
-15.2463240783813
0.871713179447017
17.0349655839278
91.6073995056384
10.2097666801874
16.3899461125242
61.8086112369529
1.49472532580074
7.01261034495469
-40.0979914814462
5.08603763073710
20.6920593688143
-54.8038249957468
9.70538296883429
21.8491151748041
-64.2800139259732
6.41679971153900
7.22665371277906
-22.5690100060101
14.9551395452377
10.0600419644759
-50.9057645685138
15.4059207893647
20.3414274822014
-0.417502014844628
7.76187308946226
1.24839107507238
-18.5371951987242
15.3972322578836
2.41554875438295
58.9727021165647
1.16151934168659
7.89196114640689
12.7156755887724
3.10671232789649
22.5834075482120
27.2453379904146
0.0262365443344486
14.4021605465409
-74.0548051494534
13.9858054024545
4.26870965318392
-15.4331478098919
13.7656477462131
2.00683188402738
-17.5285991689262
0.327703075405633
13.6722623205905
-53.1093411426284
0.118211058726889
20.8374442539021
-32.9959049362828
5.21489379569500
3.56211015759296
21.3333850973536
12.8438968681331
22.5726457118775
0.0266409764988707
8.50517088289791
9.79180661844499
63.7629370928398
15.3432942280481
2.75609775673154
-52.4255955275785
1.73222745646103
7.57751367658672
-27.6983063929793
13.1358863276263
23.2542638911968
-7.76602256419110
11.0185647080069
2.53011541570021
48.3746326490842
13.0016558186152
18.5848968181092
32.8033646088250
12.4897549917948
10.6715839836207
-78.9265010936507
7.04594550750308
7.25434123358960
-80.1782660400639
12.0734629247377
6.71843338927740
32.1626831243030
14.5635001797996
24.7930217176398
36.2068701163637
2.23886810257629
7.87289625719839
33.4678715702403
13.1573806260268
6.29636872779841
-7.54426852096259
4.98094569831655
11.1200644556014
89.1864263671839
4.34571674734966
22.2503898530118
25.6094678437282
13.2138569335666
1.92050977792990
-95.2255578887894
3.78094558449909
7.89180810314561
-96.5315223712401
3.37641684169006
22.9807923937120
-89.3677424203872
12.7808125643267
6.91519679968899
53.7810735280978
4.88280000789581
15.5937233694407
17.8947840692379
6.02350789525523
12.2942950368284
-16.8850804031433
0.316249754225003
12.6606994597446
63.4501431459009
9.51556811237913
8.23221876943335
63.9821945465347
8.40239170959252
0.386680450863397
-11.1051423467770
0.298220903241557
15.4041742720244
96.2764113875829
6.17127440979545
24.5753058039105
12.8871409558403
5.53107309090062
15.0698652227604
87.7050982008379
1.86995117442747
12.7786986497252
-39.1870307492424
8.35639085468445
12.3491084110886
69.1612988745237
14.1681407769074
5.24910164218957
1.67386262309963
15.5606376630235
15.9636439640917
96.4722708696186
11.7043967991727
18.4430394939913
-33.6505504755180
8.48068464580802
6.28821884583646
-16.3648558933538
15.9962889304793
16.3687106222153
71.6532369940184
5.53474438994358
14.8806716659981
-3.19800031823563
5.84437391205800
13.4762554644415
98.3736174210811
0.175914736670929
2.16607700986513
22.2568539251758
0.121933096778513
24.7256529808738
-38.0922971927353
3.33428621359963
1.95431498919328
43.1378984028520
12.1897442727068
2.21362150597315
-67.6588515747875
12.6825648475185
0.387979062259427
-58.0176167882081
5.46956623370866
23.8562116668729
-67.3978809789104
0.913951310739062
13.7025002331472
-36.0306509577041
3.13580388173468
15.1487756386183
24.8711639676808
9.34134322120344
0.318943090647124
-87.5414876392206
14.7933908544583
13.7282538318999
-59.0181523999580
5.92207944792040
12.6468437754094
30.1865340509016
3.95758973967076
20.0766160475723
-52.7359094994356
2.14224347812969
12.7282976539154
-66.4156148722342
14.1396755666973
18.9475983494328
-47.7773731693446
7.71582711600717
24.4744603094120
-47.5062728815147
5.45275057861757
22.8331329619423
49.2986206774116
5.17057792292267
8.12334898824372
-75.0842333160142
11.4121882930298
13.7376770197956
-8.71136182636969
6.24214072532831
21.2701202349603
18.0374533242434
5.29808662995146
18.0938853360161
68.4815396425626
8.12399080812306
18.3247579403288
73.2860893440986
0.530953293906586
23.5351847726813
43.4216873251075
12.5139231351941
16.8309917861456
69.3926062660300
11.3274675013398
12.2094524473050
-72.3016681512212
12.4471865668558
8.57879839101907
-73.1591711116298
4.07078887416801
21.7083617937968
-47.3128589490692
4.90863313352397
8.54876304899903
-48.5708396879445
13.0882812860329
8.76325748030535
-73.1111472680788
2.19454722024672
5.59675463447840
72.7049983512774
11.1610653277886
1.69717000443656
16.3693100229259
15.0377112713011
23.4375813292173
88.2196939277434
6.33521428579026
7.50285986714081
-0.498366167855169
6.01971827515602
23.0465397864754
42.5718130051193
0.895496815211899
5.53843018005579
-87.6805259303359
2.04884359582691
11.2774116693172
-90.9459650357755
1.63166883324111
5.74738675372891
86.0391122018497
12.1019154321238
11.8945483775323
-98.7448756841270
13.8562537631312
6.78502241191493
-22.2005034723829
15.9455171860866
8.84361790088977
-6.37512138971519
1.57564909844768
9.09133899006325
-43.0633497275854
2.76115874118652
16.4267814930535
70.6135183554417
7.75235943594699
6.99127858245079
-8.76992641864778
14.9963032438975
1.49949931101339
-59.5734102594781
8.15353565600382
9.22464367019619
66.8160318393560
3.46066921445860
6.56228906361846
-99.5499058098844
0.823445426039404
10.5142676859967
70.5938422182962
10.3992749925439
4.99914377006585
-6.18197739640400
6.44794041135295
19.5456641515874
46.0470926455916
3.53321769024227
3.32750701634968
12.6089652352974
0.768088926095100
8.55509697443621
-94.0021273636778
7.46327053038519
7.84792831886718
74.5689030858289
9.12698626567210
21.9724426876236
-12.3197531307617
11.6720406913185
13.7103665237531
43.0474849690922
15.5271151528708
1.41686148268328
-86.7382992458230
8.04339029053691
20.3182554334218
88.4436856584290
5.97859386252162
16.4750562433657
56.6936004336882
12.0806886286193
2.92964327094918
90.1274468824222
6.83691341250082
6.98615095404651
-25.3333850757794
9.90290675563263
13.2677856075396
14.1940855474245
13.3513366261595
18.3068239942725
-96.1227947178629
1.61693815182111
20.6588809422906
-2.95726764132394
8.07906768173888
5.73539793068262
-60.1992644962559
13.0427738469693
23.0646232663532
-27.0904925768218
6.08218644606554
9.18634801544316
-27.1622509267458
2.16594313945040
0.951246991162400
7.48775907276931
11.6295701826308
16.2222762721023
53.4795190254147
1.57831679984375
20.4448711380517
77.8764609841630
12.1678783740138
10.5263693910215
-95.3828852737166
11.2558632349972
20.1249754877965
17.4632157836749
14.0466399127825
5.17165747044025
-96.7383205960624
13.5376600488584
7.77935462390825
-90.7037556040912
5.24518203991204
21.8151367006072
-23.8014380563971
1.61897949504192
14.6683948213383
35.6715652748799
11.0879478204916
18.7951651434007
3.65092876446014
1.35805067208820
18.8751998393088
86.8362066463523
8.16560986044488
0.700589778158427
91.3006089025810
6.99811431369763
16.0561634212033
63.1616677301245
4.51929531089076
17.3222103596171
-17.3136116351175
11.1684040999116
5.80449206212378
-84.1388383398838
9.11903940762569
7.26191285594762
-99.4656843792496
8.04808786463636
5.14018035843441
8.40810943743970
0.819081452433569
21.0790204088407
22.2986282894493
14.6052071890030
2.38256052093000
72.4099740565901
4.44797008997285
4.76766682006920
-28.7750911562257
11.0618935850103
19.0769610321172
69.4396087158324
0.790934384616016
5.37145319191769
-9.59612958548024
5.18785426631821
1.17153953274640
51.2335216277819
0.329331200836814
4.46551125116855
66.1618649919905
1.75276162837510
10.9285560988309
-2.89046234087427
3.43601857017722
17.5391566960258
12.9047791989745
14.8151933435470
10.9164499927434
-51.0894810226702
10.9941493221468
8.31792082117398
84.9076062784953
5.85514978539754
12.1490326058691
-6.51426610013381
15.8924969082672
0.274534684601496
29.0116038357841
1.02904985163797
1.34645607901709
86.0146851425969
8.20035441693723
8.93233453706021
-30.4209278129765
12.8811602614350
19.2241778541879
-28.7527738474042
11.6834502818943
15.3586236299355
51.6421917269480
9.55927015377414
14.5982142041122
-73.4119792052008
1.80205623480244
17.6143431527009
11.4757483114823
8.74553254774477
12.7545590927236
-25.6208846038863
14.2110248728441
14.4074804107308
-10.1894906055209
4.08324867159159
24.1410499634844
-6.67833153435828
6.32918269651760
3.68587757953341
-64.0326367172186
4.07355415517181
19.3855149858692
-29.4987522300592
6.74763650772640
17.2399176886807
66.4818964342604
10.7261534683679
2.95616003076653
-97.3790858747317
14.7690754947891
18.9768309457622
30.1097883208834
2.86151132924616
8.33769097134952
96.4932332773371
14.3705004625659
16.9178377080637
-46.2467668374808
10.9706958962752
9.94282412683979
33.7559308912068
11.5387083295350
3.33794205097809
-80.0316722433045
6.26018519779512
15.4161661371491
54.8424640975639
13.1874245436782
19.9128318894686
-98.5602863227425
9.96999017057605
14.7154398349578
22.5282839313169
13.3051737770554
14.1188554051669
-44.7900248701813
1.35731505754520
4.52183268109819
-18.3673629264830
0.414249323017740
12.7882215221464
96.7899956103633
0.171355017390733
24.1187254068940
72.7974994067911
12.8956767836043
13.6820978292924
86.9984359311286
1.55253989327545
13.8589725310643
-39.4906401425751
5.35814659561641
4.84534314992891
-20.2103876610469
6.57614986150171
6.73854497503638
12.3329628252880
15.8670443170996
23.2377631272224
-75.8115084259735
15.7073483567010
2.57512585666906
-48.4326286865293
3.50089396896179
4.59001841203026
70.9463536229844
5.92064045615755
6.07690888006064
-64.3271732830269
3.07040584735114
18.6164160158684
89.2212786328471
2.86261565554260
6.09815841501464
75.7891857392589
9.88864926304725
10.2863439753902
40.2977557487660
15.0928329248431
6.61800646861908
-15.3347854588975
2.54754116940894
11.7560358965892
24.4519513477585
13.5457837028080
9.60658514103799
89.3102242087733
11.8509428252079
5.21972249197450
-11.1209145281590
6.15026888677949
1.93468636130394
98.3575577778194
4.16880794702506
23.5216467793813
67.6239059637253
12.5465745526801
13.0519975708423
-2.36644942133921
5.18477192945267
7.00611571777781
83.2422803037563
6.06146568438684
10.4229896928824
-60.1140285955553
15.2276125892566
6.61461116348429
-2.61622292743486
7.03584516196938
13.1156464074407
20.2435704332820
7.92334388927643
10.1450260959434
11.4928545169832
0.937978430723081
13.8399147718464
74.5898941640162
4.94605532645936
6.76783955464830
48.4423880487374
2.04830479211042
19.8078619490867
-34.9713488474523
0.315391888358214
0.797268592279298
-91.2934939892510
2.15719895349868
17.0156367508994
-29.1186915270804
4.80347978554060
21.8146740780370
51.9639128777283
3.72343722136338
24.7947158382986
93.3556204223831
10.3455369447215
19.9190526364718
54.2353763631979
6.05481970135372
16.2668650212862
-42.8541714912653
11.9253313118652
13.3774818108807
-27.4837837246466
2.78664176298244
7.18494380202054
47.0917477279209
12.9365583895565
2.46057306743044
-54.9850863630978
0.270168396733425
14.7472018086152
81.2532074689691
9.51609402062668
22.8579148436596
-96.6637537226279
4.80158825267315
9.28031992390434
56.1405420550379
2.56455376610827
7.10372336038778
25.6054816261515
0.291514820924354
5.56835449660758
-4.79329060221150
13.1895810144264
1.32837965245618
-99.8045574425155
11.4871208709732
22.4558344501359
-85.2970388138002
12.3169944365856
4.98534005726619
-8.28734794025492
15.6306402851436
17.8567362188677
18.4400616946921
4.94001341855526
18.2838842326377
-16.5491794424453
4.39436744554529
5.72318012455393
40.4779936230891
14.1455797379351
17.2092254399237
38.9206344707484
6.62083821214972
19.0520293261617
23.4990053975493
7.64150452553400
8.75135781132010
-18.1935458838459
11.6642053082893
6.13946324027545
-27.8139920962634
2.41486697739498
5.58000697076961
-97.4085583229536
6.67990379988861
6.17025715780667
93.0379491385419
3.75247324972620
18.2715923478253
-71.9252158523972
2.74141203253164
20.1091222978580
-56.0259169235110
14.9407195197410
19.4205725135885
-37.2447440659467
9.20776750459288
4.06019597134848
78.0004120722032
4.94191735435724
8.67934334241132
-77.3467777997122
1.97419752083508
0.767503666667441
-67.9816358119047
11.1677920124369
0.874576366285595
-89.5031790941929
15.3538587887301
12.0000023387670
61.3146563002939
0.828797315840763
0.601385622130627
64.0389150884573
11.3736992638967
21.9213470163214
-30.4078677231115
13.8891189667713
16.9590374041205
99.4209635293918
11.8717001222520
20.4826853035628
-44.3612321585044
15.4785448810546
4.89809237328569
-3.15886017429583
15.0618259813576
11.4252844181305
56.6461050171885
2.75587075442105
11.2242531149961
-67.8557780575124
11.3747921548445
5.72177825917603
74.2382197892906
9.41471592988181
2.77141828647058
52.9855791723381
5.91963930458807
14.6134280717360
-1.19165222733817
8.07495304599998
14.4699713421483
20.0709481564590
13.3167943577479
18.5719918526070
-87.3405512587560
3.52359068825049
19.3185338271694
-56.8529802328397
15.3104747156888
13.1901975213489
-66.4558413140334
10.2439554574490
8.95174901566005
-90.3562248014223
9.21773902491809
8.49610196373020
8.23910072844523
7.10427755602689
22.5461898364057
89.8257014233327
9.59376551879505
16.8517915815528
-41.7214978015326
4.92687051558995
8.14378818519824
-4.30701361988521
13.9255652304534
21.4853891095340
-49.6472036710495
5.35159233897634
17.5878571804707
-35.9639312603699
4.98817054881069
22.9858912074232
22.6595296109810
12.1434195013699
15.1954327534627
47.2824430308749
4.14626847226038
7.93627131861099
98.2752553315439
2.08832777878131
12.7135269404756
-96.0338777696214
9.24791356987728
21.5665100974583
81.3799441702556
2.13259457633772
0.195425221632137
46.8367232487124
8.49792303769656
14.6850575331309
-66.2301449721242
8.67153720486387
21.2198107320256
88.4942907694022
4.25941725135694
3.76823716909340
-52.3688310420956
9.37922415871872
8.38590327409670
87.1981444876662
3.75632908215834
5.19800720070005
-31.9162565924685
4.49679833662054
12.6590676787314
-50.6350222551510
9.05606722984679
20.1989957880750
23.7134094361118
7.20570547815831
0.567806546824915
84.9934068477172
13.5127657256259
24.1264747423186
27.3748519652765
0.590737133182921
8.66339887943960
95.8364184959801
3.12931514814470
14.6727603249950
60.4286849411846
0.341302274026525
7.34806414644335
-3.49174198827509
9.00214265897542
3.19747746110935
17.3210394411302
0.861386553934546
0.0430597454957962
61.9436100017050
5.37920701518990
4.54146030933645
-23.0355116631511
7.33569736673153
6.77213878195270
31.7895555878793
14.0032216940049
3.09654324418134
22.0055522302705
11.0333752110822
18.4548333146904
9.40013295426974
3.70832091411724
20.2281219516976
-59.4913827304026
7.81897847291958
13.3482536256030
6.11614795121200
10.5101226423192
22.5271376051755
15.9841793028903
3.30579868170535
2.33197880220730
-53.3503322890448
15.6586955892546
2.32799580172575
99.7278470851282
14.7415879896066
14.9400071309537
-37.0232673590753
1.85727570708713
19.3842115054478
-59.4688937206717
15.0209533954017
21.3887739305441
-47.6048779088485
6.61357465636167
20.5725067162747
63.2566619722063
3.79148872703846
7.36636895880793
75.4456814399503
0.422196737191763
17.1420228652503
27.9095099793802
9.76145674574597
3.13305155021217
82.2297068637696
14.6716470776429
16.3081007182598
12.9634359428110
10.3351480682078
6.82061229335419
14.2903051529630
10.0281705612795
23.9177322157430
47.3360110496196
3.52402683254705
10.3822374553765
-77.1514496479292
8.83698862595759
14.5672621528263
-30.0339976505439
7.51852965042155
17.5392300194276
-2.68999566933321
9.36237380538310
7.19267766315440
-77.2678564891094
8.43345304771177
3.35459372054256
47.0256905358573
11.9238876549066
21.5418601890373
8.87827316653416
9.89521208988195
7.68533292476744
-74.1261296175486
9.19541431582032
21.0107983030994
-88.2146770256700
5.20705301552903
13.5676364802339
-79.0352424781183
9.27547376995996
3.98505410535673
-86.2339180055641
0.759898537818691
9.89750614467152
-27.9524763831454
2.39125472406089
1.79979062003765
-11.3140173714863
8.74935033983878
3.54612927574969
-33.8380035352205
13.8435169572968
15.6252560567624
-70.1233322203101
2.69122680045016
1.22451000247479
74.8621950584255
6.98108615766750
2.61867001699617
14.8932343043944
3.28936942503550
5.04502915958600
98.9714254453272
11.2115563257301
13.8826870528588
-46.6481085031392
4.04110374068024
13.7096288198538
-54.0842720200702
1.34906665284736
10.3457790289101
1.11348778934874
1.48686999330894
9.56905005235715
-10.8163401927485
15.8044533444916
7.61473792130127
17.0807713218629
15.7207739419408
24.2649727417066
67.6883113303230
14.1435547673129
20.8169972690025
-20.4866627960550
12.1723242590648
19.1682285670466
60.0731229745477
1.89618938840071
4.33400744630973
-42.7729894551761
14.5293693213583
0.421707025462625
-71.8314386519668
7.00827102106970
4.33640541354692
47.2053368468190
13.2260873977118
10.9349097443509
-87.8358385975008
1.44031500287583
3.30941536704323
39.9560203899036
4.73894105962924
19.8852471495031
20.0168799465253
5.45642105249959
18.1220966119751
-93.2809869640507
4.12632966890100
2.21851239888273
86.3882520945568
12.2475626345864
1.81421630529692
94.9910253533226
8.25357237033789
0.502376439569700
2.13286054321735
4.49728422081987
11.5474810458176
-71.3044665720007
7.50885200170377
3.14909767116495
-67.3897937565271
11.1703196119435
18.7558019604291
-77.1123363810191
6.05972743185360
16.1061641700813
-9.47408249682811
10.9087904103311
20.2286124133701
7.05832297684013
6.64225357443849
12.3779836979072
64.0133157815344
0.104355743192494
24.5533708538484
68.6928971226605
15.1345709263390
9.81789158802333
-39.4860019107890
13.2909318145496
12.4705784867094
73.5240295739506
13.9142126369580
9.24778924102150
1.25002510504946
13.7941075666749
6.35001538212942
14.6278025782418
8.34005483691194
7.75660685982103
-73.2266565634556
10.4842705158868
20.1999479666675
85.4981799467817
1.94192419861990
8.13598859813289
-98.5868539630856
11.3785077870421
12.2915516429321
-59.9585686632786
12.5336248711901
24.1560878773600
-65.2368770338952
7.82804019834815
0.190583680264906
94.7350822070211
14.2631870417511
6.42840946113299
22.9540450922403
2.48440838150634
22.6523469774800
-2.94204121400448
12.1404609310547
10.8207014950183
9.34729011222761
3.08418941043876
13.2241117711162
39.5972660259232
11.0641027130857
6.00939378133030
-74.3918041330073
15.4520916701483
13.3860762523943
-28.1924862422067
1.13831506103661
10.7681945348786
-43.0842307811294
14.4940743118398
16.6263853981584
77.2864601562733
1.39444256860954
16.0720761682128
-67.7010639998732
8.11684161913503
14.2607667154252
-17.8005543508708
5.66383668642356
17.7612238660283
40.2735511958979
3.70202176013798
4.38981185566293
-21.7937655389390
12.3376931272796
1.20916370606243
66.5791338822203
8.98491283444496
24.8358124139454
71.6982007631997
4.64855901850432
21.8123945171059
39.5380112838077
1.44886145056621
18.7431625313319
-37.2121492870649
8.38836141766469
20.3954219053627
69.9366671476301
5.49010833188936
21.0760962724985
74.3910227223335
12.1556730982007
22.1352903910288
-50.0184103116828
1.26566886349167
17.1105957947692
87.9672507392779
8.60618494184559
10.1015789216075
-96.0812754763607
10.9399712782355
24.0142257196981
-72.4859036940837
12.1648724033117
19.9271670877811
-67.0383694905757
6.80553252374127
17.0249866307977
-99.5864319978735
3.96253169792316
23.1719333038601
0.180158647903239
3.06717206453394
10.7057199568119
74.8303299530728
5.10229718075499
12.3349764760211
-42.9661255583523
6.37678446576153
11.3071962273331
-45.4133556019510
5.34617853401652
0.280210520587024
-4.69145122156709
4.08488110403258
23.5494341240287
-80.5550647274663
9.40388543346980
19.5678564439222
36.5123477836346
10.3955639864771
24.0387318165386
76.5944321386147
7.58556219677698
12.9225392617597
84.1588548184762
4.81694866683039
21.4201276839358
92.6770387201568
9.96641322818693
16.0827120229084
72.7763769059516
14.2560720546930
3.98586064752834
79.4700193590005
13.9893091430994
14.0864315979968
-2.09861193727834
13.3002109071208
23.6378374118466
-53.7958340031465
12.5808760259960
24.6314319343616
-25.1185333146626
8.49022514209150
10.2116893224961
-63.0394266695227
0.163514234899742
23.7489416965569
-33.3099066371311
6.31523538481316
14.9044162391118
4.51766564935181
14.0735543463484
8.57346485567383
57.7988361764356
0.287105077175861
24.3284926496234
20.6330575609883
1.79269559507852
11.2976772132512
-86.8880357665110
3.06030332578666
7.17613283966903
35.4875234043016
10.2602395862036
9.83486745890373
-89.4401687427975
7.64023098927074
24.5908473446079
-48.6430059815925
3.59726702984638
3.04038288538989
97.8306935379721
8.42734105706252
9.93983671915866
61.5606121685887
10.9029549130987
17.9590659233508
-50.1463622224312
11.9073976198157
17.9904071390747
-18.4313107881286
13.0923256775808
17.0704831991213
-64.2359487131315
14.7264008548671
12.9521318733868
41.8729406498225
13.7268173619998
1.94976726127128
73.1776637391296
8.40269856537156
14.2928212031989
-30.7135361719775
2.81250471192150
9.50951900795269
-40.8152135794672
8.72902634576043
19.7082291669167
-55.8102931201431
14.3090551077861
18.3696718100650
82.9739834884538
8.79522202154716
1.07637557033423
-28.3168186774199
5.05329921781431
14.3010976326706
-1.78816920117364
9.06927840984261
8.09931108384173
-54.9087346965722
7.88888183305023
10.4665077836755
39.3945928505408
3.61379269619098
4.80075974945780
61.8964578968911
15.9557572707321
5.00766335922252
11.2591153490408
15.8668884779401
12.0634960436175
-48.3201146212722
13.2932991814249
5.98485962177089
-54.0207924277177
12.3441893393913
4.25341542378661
-47.6112626438687
12.9170246008656
23.3434704097511
23.8869433320590
10.1972711774434
17.0241209865524
-82.1562074024424
2.26373513986439
18.9622459858569
-37.2432938789429
14.5829788375037
11.8999455546826
-44.8381564042188
4.31487736809242
23.5929434349270
-5.33435819561352
15.8743839726338
16.8257561643492
-86.8750969996608
7.34004761538769
11.9076788996924
56.2534315999450
10.1696032783642
4.45404176336881
-43.5318699458540
10.5677333598357
16.6795627710739
87.0555327166270
0.865479147506512
10.4346755556272
83.1720772553422
0.686642980053810
3.25824085509688
15.0742894689549
4.43878769020186
17.0666310605253
96.1368126652437
1.18793975673071
14.0039090731756
-47.7423854805438
10.1151550865580
22.4159578582488
-24.5545033502878
5.55824763871010
6.58096494532165
56.4668897095753
9.02479714592863
14.5409198431892
94.6748418048036
0.0528730946449212
14.3262240028808
32.1231428417647
1.19868346432390
1.67551018240463
-81.6417187810474
12.0130777921329
16.9009587372356
56.1191167192626
0.806662501361966
0.185305098697420
7.55648322765075
8.24281203651531
14.4182603617531
48.2466244885075
2.80265757675219
19.0682224735928
97.4601407865912
12.2068294827332
8.79057290158202
-63.9901507584980
9.53139799798677
20.6601168393659
-78.4758805846261
14.3327575871853
20.0713269918084
9.43765202732378
13.1406617134512
2.61751875327114
-58.9451445917353
10.6963580806073
1.60158799692478
17.1661540798772
9.94359900035795
5.18477787828859
74.2726734026468
15.8187896775004
6.58047584162107
29.0077145157841
9.25661350687884
12.2089366827868
6.72461787646881
7.83791562063061
19.1907364489373
-55.9451543957019
10.5926639400948
24.7457348156143
-39.9209815925719
12.9511312465959
8.82176350494669
-26.5540602091758
2.35690194460772
9.55124829001071
65.7206718749197
1.70303513210586
24.2798002947455
65.1301609632874
15.7014942645532
11.5900519343267
14.6886785974310
13.2158201539161
12.4258735419596
-98.1412076901820
11.5631942254965
4.08512391184343
-13.6503754762876
2.89316432342377
1.47125540931557
29.9410426203267
1.14336553499198
12.3043659230644
-89.5442957774135
1.36131997341722
4.12111579070312
42.8373142741994
12.6532780605127
19.7700263293178
14.7396019057859
4.93527756957800
6.28215205237826
-80.3973723730314
10.6103268739579
4.63257959521679
12.8255657421077
12.7233537743612
7.67590523200676
-69.1831292958036
9.87605442382762
21.8837082234643
-9.07749556838737
8.99820289383126
2.32230406812731
45.2114980894695
13.3649015403642
15.9174753703292
-31.0878622192075
7.28512565199969
3.98654300668525
-40.5003861045822
2.87399467428383
2.18755659567854
-92.3883404119844
0.164225262420405
19.0464961020836
8.29483256934518
14.5424164214608
13.3442510676027
-56.3136951295773
10.5548868622375
17.7030705508713
94.1280379668592
5.96987763127790
3.02157925741036
-90.5254853964009
9.90245910789235
9.47653027758377
3.11137687608019
2.60516558931533
14.6514958338165
-99.3038022506879
2.24843580845366
15.5321640968450
54.2763249817855
2.11231301597993
6.54569713066093
-68.9408700593912
15.3487305969042
18.8222688865325
83.2274384515726
9.77360055584193
24.4125140809814
-25.2164453140333
5.12288887389765
8.92107632032366
-1.98602341198102
4.58388513340580
21.7794526747828
79.8347329579957
1.61789570378281
2.03897951621529
-49.7283741789493
11.2719559398173
21.9743889192024
18.8611178064416
13.8428321113093
18.9038885439597
63.4679873783250
0.166234401748056
10.1246357858709
-77.3192829574948
10.8141205732845
15.3591842185833
7.13836625225564
2.73552963652642
16.8793807413457
64.1353420885035
9.11038991420837
21.4384836647284
28.3292714710898
12.1202143872090
18.5695243282678
15.3758367286968
2.55260417837457
21.2974303385209
35.5914118071943
7.98791626483328
12.2382651899322
93.2638256638539
1.10931360347031
2.31310003598196
-89.0941973174020
1.98019812175029
10.6127312525654
84.0757550856968
10.5488251152320
6.25304322138696
-40.3418182263948
7.75993448459650
15.2025011947403
17.7565482204412
7.95439551886255
21.4656414401785
-60.8749694686248
5.74684009222772
17.6469136372886
22.4241228120335
2.38429747688398
16.2804048884962
27.2702315098537
11.2090369685322
19.6310374933056
-46.1684336332644
0.207977223862949
10.3901339378869
-9.17267816292440
2.71664237744823
2.81084977773075
53.4811436893547
2.65810969293440
20.0542176050410
62.5504879627414
14.8150963375699
8.60614694646875
-74.2612672722014
11.3330932775307
17.5728608136461
-13.5513510979676
2.56350014758001
16.2367214116290
90.6233598755782
5.13879268067123
0.0167240073635533
-9.02267604259464
11.0521641313074
6.54541579288026
-83.1112821595604
7.23164083265982
5.82855097801143
24.6557405742411
0.397311650840777
20.7004462377528
64.2678127064337
5.43087103087188
12.8078882388818
29.8304032695596
12.5345347534393
9.42257772867550
-70.8398871916806
6.62240208667422
16.1308106676398
-28.6347512608137
11.8960357144347
4.11755512758033
-4.43635924715882
6.83790028859156
14.4603175469963
12.3432784828754
10.9537210846077
14.2804580626781
-63.5936768794258
14.4864278395143
10.9518119979612
54.8587939941571
12.4330482363378
6.67678803065042
13.9214116987272
7.38656910397943
17.2929680730929
98.9301017731501
7.02485707478149
24.3803668861666
98.2773110230766
0.0740169065027079
22.6379050293037
87.8166350626710
13.7207834431524
16.8308180772911
-77.2190364994318
6.89146185074359
14.6674767287555
-14.9704618314747
11.3903764603433
10.5058684880815
-57.6616087092313
5.76074848185821
13.4418595569115
78.1700536647597
12.5030184655697
9.41857867278634
7.35413602979411
9.68076025116322
2.96057439816070
-79.2330453493218
8.67137799377501
24.2448644846014
-49.4608400598477
9.87308496198582
18.9206150565269
78.0134167256540
2.20072063161989
14.0574302141990
-48.3135137104237
10.9088037650110
22.9849405532482
69.8839724017796
7.73280174504716
3.85399236318545
-53.6145557323543
11.7513485411686
8.54140399425857
44.2674161624366
6.00986454613744
11.9848970098656
-69.2859681041723
7.93143620436845
6.79700294145967
-85.4548908339730
11.5891658810259
21.8253260357191
15.3885221708529
15.8020515456281
10.7177688814886
-31.0079888418533
13.3131675720414
18.7710897173258
87.0514059013351
15.9419141968226
22.2398416550808
-91.8009683393428
15.5563018362957
5.85059126811186
77.8151556264684
9.75311498965004
20.0756280963238
-33.5987647336945
3.99690078692369
24.0349634280845
97.2744393005605
15.3410051173133
4.07673678911796
-49.7840727745595
15.2762525578396
16.2207860107183
-92.9752945940854
10.5885489692975
15.4081785872327
73.8251559414726
6.54234369451003
5.46001137860951
20.9982123516272
1.50476894853800
24.6719081585489
-3.93388720620900
1.67289471342468
17.2865749716827
-21.2689918137185
15.3796254938331
15.8474774124451
92.0557920523956
14.8301948578082
10.6592048939894
-93.5300327093457
13.5994730510780
21.0104907657128
-24.4364498615343
0.234941697605635
23.9258294647930
40.1279969593731
7.76025785907429
23.9104666120975
-58.0187075808118
9.01254854945590
12.3240270296754
6.73059658709174
11.3798718584009
19.4126727156354
-28.0062613431252
4.98646111849758
8.78296204095938
42.6339049786400
10.2859718001624
22.3065433588839
-98.6122289017329
6.75198717890989
15.8576611249999
27.9149099686900
10.1147151548536
14.6018593633790
-74.7491138756274
3.86800224201185
18.3415371405039
54.9083597308073
12.2146336874966
8.73640852095249
7.47217255445904
7.68121913025035
21.0135240125381
18.6345344661721
5.47976333209874
1.69469926733513
-76.1376027136079
2.11981283564526
3.58218706443889
22.3660878126211
10.1164098283883
9.92545754116592
-2.13731031010584
7.32604626594347
1.69697344856223
-24.2691947149904
0.547719089526677
19.2342036418556
-97.7142864564945
8.19323239372333
10.0763147247779
71.9350142050330
0.0420152544854773
12.3202135487549
78.2591275014052
0.265876834393106
10.8267959611452
50.8832957518721
9.49701357856697
17.0123784723041
59.9630974958244
11.3763393180129
3.74147205215478
-73.2876168664569
3.72949658045621
15.4295285624583
-45.0774822417669
12.3087761569958
16.1715413168832
87.3986458276817
3.87982849710204
23.1741379653264
99.1163414445802
10.6884800039316
1.64713512928335
90.3326049789534
2.31186264757434
23.7045032309751
-0.0681634677198728
8.43703083842438
1.21064177172169
26.0347976930950
3.36110435660650
4.26132887798223
-96.3891683944568
8.11908934583044
13.2870999064875
-25.5677336965237
8.05564126210493
3.53378279542826
-98.1714928557182
8.45731744456776
6.39011971647310
9.34354310884247
13.0319039395190
22.2742640359668
-15.5049627911767
12.4517352526208
17.9955791595278
55.8058422471348
9.66380778886491
9.96701223033551
53.8634134956418
14.9062717377258
1.01267033631464
-70.3454625541231
10.4754281452512
24.3669228732531
-69.9234465554353
1.43112785474420
17.1131742931372
7.28427801909246
1.16999688221953
11.1125147775499
12.2912951834769
12.6944293491446
20.3025237048643
-37.5705422734602
6.78585188130161
22.7621786178563
-59.0868141501720
3.77336705752664
5.08914632991976
23.8497540864643
12.0544954399049
14.5964044401377
-7.18930279113670
9.02584176339122
23.9352008302930
23.0653467462373
10.5766015969146
6.86739637771036
-98.7674849561994
2.29713953140276
8.87116759032428
-3.16955807061854
9.94314586958262
23.4908003374510
-31.2143616360335
8.69886342603190
13.9436086295462
-75.4285200802948
14.9396626110964
15.7649364191104
-4.01037618400268
0.00339458873747489
20.5830550727452
-12.6950453504263
1.33690854672797
22.3720537429535
35.6001663183652
10.4023871782677
9.96665344114505
32.3692077845575
7.33511992488388
11.4360150046797
-73.4273403428818
5.61066979007382
11.9620835587800
-54.8883377176610
7.92170990516510
10.0034925150808
-73.2050362320964
3.88004825219090
21.1004444292587
7.33498482406216
4.87866446696403
8.52024876411263
-89.5367572117012
1.29842457406860
11.1329358027775
-48.8553190074092
14.4268338727045
12.6597362674950
-10.8506146864789
9.08215505611794
8.68199202760378
-59.5602844431932
2.08832291722082
24.5730336990144
77.3289298881366
7.97413281070343
16.9467573021917
14.5654858350030
7.77106920942674
4.73495897029020
21.5689330439601
6.84248494736428
6.13555733800736
4.99216435288257
6.35809480492376
2.42724957919603
28.5975325858408
7.16637066903689
16.0975794281378
-41.7669905429506
12.0579570413632
24.3274635374456
-34.9885860407727
7.15808427569193
16.8748833513766
59.8735748404312
0.0271343360963261
13.6697181535177
56.3846957523481
4.00533662329427
14.7900819900076
25.9978079998020
7.80901357109132
17.5643827170600
-10.1931056786412
9.98536798653622
2.90181650402481
-97.6367128930220
4.45738434953737
2.42403526654444
-75.5345735007437
5.26565365462430
15.6214564803774
51.3662053222676
1.80841060151019
22.1443714477217
-11.7017756596047
12.3046326890953
3.42562044653936
42.2864820452806
7.53066922508411
16.3699219695755
91.6445308073473
9.66995572722716
20.3084640381373
-48.8947570805210
8.82628560928754
13.7501931874854
-77.8280597955631
11.0373612209689
10.3422168816443
-22.0142761359081
8.30939586948715
6.95197174607999
-50.1248353459362
2.31561769668733
16.8426143355759
-53.3160137622159
6.01895308790125
15.1850275896375
4.25651909530231
3.27188231870075
15.7101194398164
-23.7263876592813
0.497562836876893
3.71768350515292
-43.8013189362837
3.60773480480767
1.37489001647996
6.61434085447057
3.92741517671663
3.16753135848312
27.5296288929012
2.86673174833342
10.0348414821950
-59.6852325252177
13.2228539045251
13.0829371051152
-7.48967422751699
9.63224385734792
4.96636116707356
-78.9077233265505
11.3176597699369
11.6475255326624
-29.2314035828794
8.49003970699457
18.9601724461232
33.6231609325658
6.04695309607345
10.2849683844425
-5.94137643946038
7.87628763282933
20.8462434038724
-62.5442994727259
5.30478815977644
11.3988021043628
-94.0683772228333
10.2547243065348
22.8178399572196
4.86837242311708
14.8245412721749
2.43368161014760
-23.2038413086404
10.2470453874473
22.9812562173973
10.5054984913304
9.96678827162313
15.5155240029495
88.6470321448353
11.7129909652914
8.19919359564201
11.7525500882606
9.34178073693455
5.72453633477742
-79.5352125917100
14.1966756515997
12.0731986016667
-55.3383073557906
10.3441827652459
2.36259517640855
52.4099082013878
4.19666064182286
23.0258375531276
-88.9811545549820
1.82951324624260
10.0170334653448
29.6219901431288
14.7420453170681
11.0974127438823
-66.2997673652485
0.501005056556789
1.67667290754017
3.12900328631109
5.68445332716109
13.3936318781208
-43.6076047709408
9.01236027440285
13.8510642265072
29.9279220840250
7.51801974053812
6.51716833568897
-22.5732016561304
8.36413728094775
22.7384163777262
-17.7877978403373
7.32446144109436
0.301832852688877
-86.6917686304571
11.6391701902746
18.1326746677413
-24.0865012433352
10.7357449879503
21.4130988281606
5.61317170689180
15.8992613766016
13.0762685801803
-9.32503156770572
15.5227470903881
14.8161498471443
18.0646440098758
7.31703372301850
12.3966731662008
93.4271437284511
1.22071105010341
1.52310494060392
-81.2289598323337
14.1151919797178
15.9887486182521
-88.3595256771574
3.31586533597990
8.01409266074507
73.5008908787110
15.4134423430855
24.8280998220436
39.1374642522005
14.7974115460780
5.93577414042873
69.2445851563507
6.25864100722616
16.1947357855093
19.9564273458569
0.488047075716070
4.55627788440408
57.6354717885551
10.4636549384152
7.84423399680308
-27.9090146972970
12.6769050741203
13.6175515235692
79.5325894728012
15.3015075993409
7.99643517849317
-74.4994210734469
8.88833526350470
2.57641425473411
15.0880663706691
10.4743294623663
19.0187891479334
44.2034868853543
3.57035744831357
21.4614371581105
43.7331786026167
8.01552124083755
6.50683832111812
42.2210142801374
10.0298220522283
17.8244304424654
57.8242979864905
5.55906837562712
11.4389445821235
-1.74622243043217
9.33253852552610
12.8939672098315
-26.5296245473990
2.46827170434618
8.16954141737468
57.1462522597210
1.27214438167389
9.93222122548992
-82.4680791330115
9.39825685455739
12.9169590045011
-16.1287952049864
5.80234381592403
13.3997995185112
99.8766212401468
3.40784273300232
24.3258986071281
16.1222208054570
1.12053635082351
24.7871425234105
52.4020415049531
7.63567858480666
20.1014320209854
-25.3354835179095
11.5959487526537
5.87981136633193
10.3013713343353
3.97130313512251
23.6159469655084
81.3354646673285
3.00438828527559
0.915213164751968
81.6826631030614
0.829699416258270
10.6134048684444
-9.49606572843122
6.97864161652727
9.86789144159994
-90.2610451485986
3.68017650781448
14.8373462077736
49.7395561005203
7.03635405060984
23.5361286232548
5.00819089220657
11.9206271453198
13.7546509052851
-54.5047611811923
3.43510152756724
6.50590356428592
59.9112294405729
9.79938063398731
16.3461280030601
-35.1942154890384
5.31702907068778
13.5694780010331
62.0097113195074
1.74968931299384
19.0244769647004
99.6961577990435
13.0746505301457
17.0227785546540
74.3545607434369
1.14273248264277
12.8483194345233
-34.3285056387415
10.0047020546772
10.7118750205663
30.5927425208356
12.4358256764408
21.1222299578162
-49.3852260472383
0.206982532722490
18.5474329686617
85.7891074645518
4.00993683890668
13.1314923663856
-12.0015420297469
15.6365222779629
3.15343451185112
3.29208992758987
10.7656428651906
2.71777349862555
-79.0798293471162
4.84867300357156
10.7342971791197
39.9582314918579
9.15319204373905
11.4447061710890
21.3258458389968
4.05778038897197
21.0181026259258
4.86195590798981
0.905807181224336
22.5584344189706
30.5683480457499
3.03852251690784
16.0100472760284
97.8677067977886
6.24987259799526
19.4583668003305
59.0962778713625
14.7553650896599
4.87811882378480
28.8677216885727
3.29089724623126
17.0916682026133
76.7894207512877
0.938775975696107
17.7855677836653
-56.9792071335092
5.87585266718673
18.9336628734387
-15.0840341118165
13.3952523837571
19.8237054392841
93.9876668087417
15.8341049965103
16.8125669756732
31.6288475389290
3.21083098860611
2.99178522886352
19.5566306264437
11.5161756179449
17.8159256242039
-37.8273320468828
15.7735717438946
9.36306762142976
-98.3632335403246
15.5667906826205
5.76622861238746
96.9737135267250
1.38964612332536
19.3841436215650
-56.3170031250757
1.17136080352525
11.0688223644123
46.4970760325772
7.53326131355349
17.9687507332446
60.2740179436445
10.7236827680879
24.2988183147543
20.0978294048211
1.85040954581720
21.3179011898527
-70.2085060497465
0.438495040560680
7.63266810125516
-66.9665441401893
2.91649235350624
23.5979335236055
-29.9492657862120
13.4308718943237
23.5290393546126
40.6151333329380
2.79976449710355
11.4782005945268
-99.2086751304337
5.29860606567887
19.5689388124048
-69.4615525711436
6.36635995589256
10.8856750509528
90.5661424868965
10.6808659159454
13.5749291655328
98.4993340582845
6.85659498141348
16.4703113993900
-27.7664774936315
9.48817140312555
13.4687207377408
-34.2058779212434
3.11259794117365
0.977143803458560
23.6390712671838
5.97993987771549
6.16808885033730
1.80172806266607
6.28491388365502
16.0397257260985
13.6251881802264
8.16502785286521
4.38579722817418
81.3422254698575
13.1191362449999
21.3962406226878
32.1842022372609
1.38300072247845
10.8024149407279
57.2423874676739
3.27797874558578
23.7809891532009
-45.7819164133076
12.1427377971350
15.3306479992903
-63.5477653074702
14.0256110193075
15.7036821655145
67.4226947834275
14.1922718558083
21.5085554552323
-90.1607594613085
15.1239189844393
22.9356136275369
-73.8157119219245
12.8342548755671
13.7981669903052
-40.3885962803883
14.0787253006480
20.4917247148672
13.2909770054147
2.33021398070560
11.4247377770848
-11.1427795279473
15.5209738079650
24.2491890765669
85.2128153544189
6.78341894020287
0.146511158428817
99.8455831369808
2.56220053951348
2.33349129257703
20.2876391396995
2.41648962188663
22.3489719133702
62.2083626491216
8.83675077469039
21.6430916355387
63.0281242634061
3.00463689729443
10.1282922631131
-87.6651745422614
4.76718388258922
8.09640802593884
-58.7782199364734
11.6843899322591
5.82684715153916
-30.1429893411587
15.3758757986236
5.96381219926120
-57.8206961244922
10.1051140316665
23.9139309274838
-57.2678254623286
3.36855044739151
15.4935698196928
-34.1587871646896
2.11030656242797
1.42929034155710
-45.0645048681899
0.587855180968914
17.6136225984989
46.5095687906340
5.60971490926811
6.63513962036471
41.4797516535470
2.96106623997069
3.41186973003367
-42.6302903466728
0.422835536705984
16.1968239084748
-98.7112265543416
10.6176956697389
11.6583687935432
-38.4869769193532
7.85178613235159
6.05836511460751
-31.9865348200507
13.3508440035061
23.6862347137574
-11.2136263341765
0.974778096158817
11.8816121853654
-60.1953811778989
5.40987885556162
11.2586578514678
-26.1159635004975
6.55527481498806
19.4859094816020
49.4634876410915
5.02108980535910
12.1908818951097
-36.1967393034654
8.98248549757060
3.02702689035615
95.6548997203917
7.27268526307541
20.1457874530897
91.9506686998946
12.0515003333184
4.71438093673164
69.5171433417736
11.0659165193690
10.9910887698832
17.7666728297122
11.4732185167336
12.6859648604741
-78.1314406882750
7.72747371186286
12.5195436429168
-61.3274656738952
7.49737847587834
15.6293665028558
-1.15136056762499
8.02521997982724
23.1523471294618
-82.1857418853351
6.09287945087863
0.214333010650240
85.9639648226830
14.5722470262468
24.5772405059970
73.5667960425204
10.3505664864982
4.94608908991834
37.8681129423968
13.5710997145993
8.88566984706833
-35.9731694769076
10.2880603749135
24.6419038731260
-41.1844016363689
2.44713255085936
12.0805879643691
20.1928634661419
1.85042777788734
4.19909522572351
-47.4102356549540
5.00935743388942
23.9652845486264
-38.4197968488262
5.36190832569186
24.4175818570517
-42.0575001082461
11.6251938671978
7.61209473625673
79.6094409246198
12.0143592283460
16.6587049084677
83.5678967750616
7.23139371737201
3.87564829598498
3.41371777618580
11.8406862415391
10.7237642265141
-1.04563983204196
13.0990634558068
13.6206384922277
76.1015818875708
15.3737239284821
5.52640693953233
23.2608767387016
10.0497738729214
23.6322367361635
-71.0204670364151
0.773810557333336
11.6146010425930
-77.7670275272579
1.72198510327692
11.6938317816912
-70.5023258616207
12.2627843241368
1.90098994215177
92.8227164289203
4.99112752530948
7.22541110679648
-1.85795752912798
14.3435586417321
20.7258829020095
26.0385954630243
13.2010460880166
15.0063995450330
-21.0342921818263
3.17517666406474
7.56613126312741
58.2550086818798
14.0686334344848
3.48027052859083
37.8877582389652
3.95398920488746
9.29657786721958
42.0436919398782
12.9636173104785
9.51968745865296
-76.7860329071511
14.8633085173846
23.9572343502935
87.1635005758899
2.71973560436267
22.0486496863371
-35.4993886166646
6.02965766442797
5.07068486687383
95.3418960906703
10.3836699833440
2.19715945049133
2.93077963984878
7.60056837001546
11.4523711095668
2.44399262831492
1.72091607846892
3.05428453611270
-76.4111606177588
11.0688874019645
20.1670246268622
28.4652558125769
4.50839145980898
3.59347101340876
-33.3748133871525
10.5383717632023
5.77984577670458
96.8266300835480
13.3310250964770
17.6737125687048
95.3910864995522
9.77529227486681
19.4683293665720
89.4529370076149
1.04646318258145
17.2045041889009
-94.7789784474334
9.07995444438882
2.95919561461837
-27.2748187162028
15.2752108459061
16.6669730313133
-87.4580140111155
5.44727921029026
12.9273712997456
-69.1591640128740
13.1578564253225
1.25107647942746
86.1443969178809
1.22965886073680
22.7234949286909
-32.9172158501780
9.00431204693448
22.2968551687394
-33.5641080512788
15.1885532429439
2.91833138690791
-3.91413776401279
8.00333049889417
10.6165593051790
39.4650273027109
5.51573039671361
15.1413879584648
-30.1060398019562
8.07211495804404
9.50764698114457
-50.4520239658453
8.50085785944121
6.29717371853013
70.8323161646009
14.8512095683892
19.3614515112013
76.4406516455558
3.88787258782437
24.1797725322716
73.7333840451078
10.4379727240747
13.4291245595907
-65.1584684508424
9.33656566185409
19.4195141994756
-55.6322214516704
3.89726201309247