2.86075544346645;94.2715332478875;11.2513752117470
17.1846928913805;-36.9290557802733;12.6208603038211
11.3223080766297;15.5907355185896;0.138679387511440
21.0933978038803;-67.6001305771007;4.00869732198914
4.82315861478137;43.8313225587527;1.49130261182510
16.7270451585374;-95.1982059616689;12.5537878148354
13.4372288508720;-31.4733422152919;0.256305921601884
12.2420418455772;-3.07891252193799;13.3546420397677
7.57302388440822;96.7031689050922;1.10675320458631
23.6629594640067;6.36292390691895;3.04121931172800
1.88381509433254;27.6083881974650;1.23428152818864
8.45346409465618;-29.6443819770508;12.0130748819313
12.9303394079166;96.6303258829943;2.33540171704512
24.9749754913863;-73.9452446983511;6.24241510515448
4.03044113857384;-45.1668479848638;7.34569301384922
4.28161791760955;45.9567953871491;3.18428622359276
3.96730928097126;-8.29943770008992;5.17869312502397
6.93232013712151;69.4088668534014;15.3326535013891
18.2683247330530;97.4487251097139;2.52757844015322
16.6222032356744;74.7428814581359;11.4554970992417
4.00616107434287;-19.1718608281235;3.75904873885666
0.714973383502231;-38.1696801851497;12.9788489902051
23.1864807924707;17.7939068660765;12.5480253958028
18.6118339197623;60.3147469588369;11.8856588241415
15.0738953611948;21.7318219065662;11.8809459535944
8.99069781566649;73.0469935414987;1.38178773832048
15.5806650129684;89.4487943678347;4.86906412932503
10.0964777026226;-35.2396893688226;7.32591632984799
16.2143619634261;93.3831650482133;8.70843862521099
14.0244946041691;3.99950850757544;6.79919552300494
4.88421372072151;46.5926423078944;3.59596983510714
2.06290202215033;29.2936007559933;5.70207293465167
18.1925108559791;37.1874915419020;1.40548590845848
13.0361561534888;-25.8377600991768;6.72621424800017
12.9180519213570;41.8013689070855;0.871991746410805
0.639963342615321;10.0503376879787;15.9744002952354
11.6170547932114;-9.37619591142602;3.03674315884336
12.4562344851950;40.9474396678885;4.30383377287898
6.19419916778075;44.4764271377132;1.74361118086626
20.9656320735324;-62.4081010639515;15.2074757536958
23.3022914671595;78.1313711991322;10.5193787263871
24.6672768207960;-52.3055050988509;14.0303512476446
16.4551814809679;-68.2819991369724;14.5955814418944
6.12325475593139;-92.3538071805411;0.462459355063199
12.2557742504543;22.3195137833272;7.31630789405641
15.8773596390592;-14.7089502540462;6.79947513623222
1.42716362311956;77.5515413768497;7.80049866585959
2.15832381068932;11.5806684923911;14.5299117628157
4.80792083967739;-27.3056758049423;14.4430823523460
5.99790104812551;-25.3553113749893;10.0678941048936
19.2660462324251;7.34191044543451;13.8449146244760
0.0248579088447993;-87.5736925306648;10.6766397215884
1.24411882592901;20.7335232430061;5.62064842434597
20.3998244038109;-77.8527848884850;3.58691105169800
3.38094602465910;-63.2412081175770;2.73628334366247
8.00099826429618;1.54277678101444;0.0647663878297031
5.12491651799404;0.778147488978909;7.81922866286507
4.44123192623390;-18.3336138903733;7.69011847974894
4.57945108997213;26.5150616484655;4.43779136687769
23.9426742045291;51.7022529869360;12.2716540845151
14.0057129994050;28.6728150503685;12.0865300794328
19.3420333193206;48.4376152095992;4.79657648607706
21.1433947225507;-26.8266629878069;7.73805269010702
11.9422286727360;-20.4349740502835;6.38763473736488
0.609932804541638;14.4834862035792;6.05858004531354
8.12112821140171;-82.1448751342915;8.12713513391226
5.24500135777122;66.2159443841326;12.2828800832832
21.6661453740459;-87.0866352896020;6.18935337384445
9.23835491023843;18.0131484422985;10.2813664055633
8.08882740790276;10.3280359999085;4.90816630308281
13.7092900170204;81.7818751670681;6.60100583673365
5.25790204912283;-56.9407944283378;1.93948884298427
2.58468208154209;-41.2150765738719;11.4879336863624
6.81099882351457;72.3140558446388;8.36494911492774
9.71449087631968;80.8353785491753;6.18553482481364
17.6305326351033;-84.8143733627898;8.05407765707730
10.7387441960624;73.4097929469259;1.13570720078144
14.8470253985295;84.4548766949717;9.53634340012446
7.79843808050820;79.4214252801796;10.1698583494314
18.1927772183261;34.2445295366318;5.44924943564059
8.60789599722128;-23.9825467976375;3.65010090331850
24.3412081002043;-56.2663111978915;5.85327584640688
10.3228595067777;-25.1058574580960;0.592575639524769
11.9897824852660;16.7434212375081;2.87132130946892
16.0517603857126;-51.0312200132013;1.89357822149696
19.2909059092624;87.0691419139930;11.0854480320375
6.49132284074104;-16.1279388594613;11.5864079421192
4.55903354815433;30.1002719753742;0.00480773107643628
24.4510590533670;-90.8877932317823;10.6537483254973
19.9898269888732;-30.4572264859522;15.1976469986230
8.15191746772736;-41.1465928335755;10.6236187334248
8.32551539014241;-38.3685250948940;0.391819978304914
5.15886505393123;-78.7121596148786;0.803671406937335
17.0241590609234;71.6822175108571;6.76154942122371
4.91482950798320;-94.7188491115549;2.30917367928658
6.93233774675296;-73.8377618353856;5.32028365637558
15.8986060236121;60.1382747833939;4.44586592083810
2.54956430707211;-16.6739738922034;15.5131812164551
2.01709415248508;91.2759716696216;4.25311947108463
18.5676903264613;5.55168039598435;6.46184655351343
8.37351293472810;97.8529325877406;4.29165711596404
15.4062468941084;91.2116050559378;12.4858715270948
11.8795596815567;14.9341583638843;11.3660815441910
18.7353018817333;-35.3747973669056;12.1219216241255
15.6677024389082;83.2276845155141;3.75413560961998
7.51394218589002;66.6712136660168;6.83570384507896
23.2496877540819;-46.0500154197279;2.47548864980090
12.2463992881802;81.8210702607097;0.284589975846449
2.76667787473432;55.1801363522073;8.96282135368464
20.4104145669432;-16.2025323414279;6.37975260559376
22.6315670146180;64.5429064437438;2.86482697354303
15.8087386343129;-22.9284767265719;12.5629694591704
8.50226097393013;6.25801928814880;4.95412161451042
13.6982354367149;-91.1078324528617;8.42835178428680
2.04985672870036;98.2590483908257;4.96086427578747
8.71736927532059;-4.90402346421850;14.0202740651059
23.1201977078167;85.6952942078539;1.34500012007310
21.1495166941372;36.2954233929220;7.65019342103639
4.88390493570317;-8.98472695976820;1.87756924137215
20.2593181294660;-81.5077437145716;11.3762813266925
6.85952698151103;95.9700781994430;8.75146166418674
16.0326332317784;-41.8292881291109;15.1825246133989
13.8794110149784;-36.3674093776847;10.8131012291396
14.1521675312582;19.1233676654272;4.43106191324839
21.4419150653002;81.8341749945552;7.45314042053570
2.52128311619777;-27.4312859729013;10.6032547207068
21.8953090620943;-44.7185855632449;9.94478257487794
18.2376600705230;0.000225396727815408;1.54559701780692
11.0740413950697;8.87747886001922;11.8571267735552
5.17543311328433;99.1596147476895;13.6715674223380
3.88458902390431;41.9972804360918;10.8334308273403
18.2305588213909;53.7322464935879;11.3359560253345
7.46084917254502;41.4857361114560;1.54713892626468
14.1242770316772;44.0283070310387;6.17383493965945
13.8852822512199;42.2165049331381;0.867650092679279
17.8170189444122;70.8910436888366;12.6329519961721
24.6718463760196;-41.2032820559484;2.97163788433971
12.1153423434553;68.6350875248496;5.48726193262771
18.6581562307490;95.1481494911885;1.28512206330858
13.3270644550017;32.4681043427647;13.0984642765122
24.7779434523836;-17.8050296259577;2.57346122538701
3.06816069212150;-65.6033929246106;12.4878830085604
23.7901565305994;-9.47115283449995;15.5217446137041
3.30894241891728;81.2524429452126;6.01868301671825
3.02374594878516;4.20093556431016;12.8596015072158
22.8424316919524;70.9087435549835;2.38773523164998
23.7097791962198;-35.0369510259430;14.0950562851751
16.6100294609817;72.6502540436566;7.93000433645547
14.0179746294264;4.30059024758969;2.49229543867724
3.93087337802161;82.8880985194941;10.8869966820829
17.4160397863734;-44.2465082934483;9.85151964376383
10.3060781580768;85.2463180935503;9.70904423666723
14.6040355878916;72.1973688182481;12.3372231178387
24.7132068756902;-37.2286601009222;4.37434309926170
0.439684971229189;-75.0081811263377;15.6024419463414
15.5451173027531;33.8308637053693;7.25386060288003
3.51502855599692;56.7350988265209;6.87481817128941
20.0909544380812;-22.8349096853100;7.98761891583808
2.03751065532297;-22.5873812956641;0.923672022249939
8.24658090094101;70.3344007503893;7.08372235271609
6.42296369416639;-10.1852025285775;3.78131201497435
1.84928607697634;65.7166005754085;3.18108640757102
6.80926361466775;67.1179614588706;8.19003326060444
12.7487205074232;78.5190683247922;10.2273702386700
9.95634793663430;50.2887495887370;2.19072406026910
0.114023526459340;34.9251109652682;4.21777874447518
3.22101643820091;-75.9441744691941;11.4939249390773
22.9606932415531;-94.0952650092845;8.01356908740508
6.86945870873092;22.7160686590184;2.58281625118764
18.7985619619414;46.3993174092400;5.80419811715524
24.4624972367415;90.4977174078349;1.93127576702610
14.3337080677377;25.2763475711600;11.5089826388509
11.9859433902772;-6.23317186414181;4.36113306620811
2.97039762856038;-2.77472774636061;10.8656302580848
13.7617711758765;73.2612547024374;10.8291507291252
17.4964468019153;63.5445212842759;4.17836049047580
17.6855400981825;21.6769164168833;7.72608467963877
6.04896534128358;13.6426994265799;7.71975510876450
12.2817109966402;1.39063035070035;6.50542661906799
13.8332563226981;72.9988500192561;13.9057212328111
11.0173554635808;34.4345628858257;13.9975603098848
16.7074163482928;-42.2832944808901;5.83544855292730
23.3525884197046;81.1699207304776;9.35615873785829
16.3060143579729;-88.1087043572587;12.8872270898556
4.18008767641963;5.69966552669718;11.9556704450042
6.00115235649448;1.64833275851697;3.25370090730344
9.63323193708007;-2.40661299445841;2.94720945836408
8.01677386689129;69.9453227749126;3.94024297567570
14.4433284882920;76.7573905186289;13.9697877131186
24.6800332044148;86.2941391927606;6.92630713835386
6.71112988292608;-69.9021235047705;4.73703298745174
14.4518600044246;-93.7474949709585;6.94560384459976
7.30326242198932;-60.8151644622775;9.40050648997043
22.9584958760210;27.3947148634902;11.4391766287194
2.85965940139617;50.1673497188557;2.84934635597184
11.8590733693297;-38.2331610076532;14.2370216948685
19.9786858741291;-14.8655001643774;5.67130990370392
20.6457509609151;25.4735400783596;14.4222920915618
9.34759307020288;24.7562530658360;9.17345394676089
7.29003731699026;17.6303273018409;7.22328397972974
9.36405694048647;-38.5056264436649;7.65980666107449
24.6682463312133;-34.9456278055998;11.7869439404025
10.8325703704589;88.8793137595783;9.37801983617110
20.3858453748191;73.5752193841028;11.6271576123202
1.60648880982730;26.6273591478799;6.27727444715679
10.6938963561524;11.3020861567435;14.1785105837785
0.498633473408084;-26.0466086874716;15.3643278595370
9.53804705139407;6.23761018255660;9.24825508827964
10.3493697719181;39.0858413667350;5.19579174755287
13.9954318620662;47.0912030314923;0.675921114925423
22.0855995704028;28.5438774169198;6.34493604607407
12.1638588570961;54.1437575962207;11.6828716767133
19.1015047037592;-55.0804379266045;9.71155381275793
16.7708883041781;-13.6339964834986;11.5038331502883
20.2171356358734;-43.8890709455639;4.01592835679875
24.8094488991750;64.9804427778178;0.853408446596909
20.7402756520748;13.5312019392958;12.1448768302172
5.18365033460951;55.5431150295613;12.5749043925309
21.8802788184758;-19.4940588093650;1.35413682936954
3.31362197248616;37.1146433336375;12.2584261122212
9.67634402315020;66.0392900961069;12.4776208781136
3.38827539425922;62.1843337577020;12.6671953192745
24.2879475406145;68.6338821263601;13.0316641275153
1.92231669052351;-30.3254947960982;9.47294571417618
19.3171439957323;87.7578127269037;7.99220786670757
19.3138256509552;-85.4716670829986;9.28484181225507
7.87696364189663;-61.7013687340192;1.99451801731873
10.2217329651041;9.86150955038170;12.6556905373897
13.8145432334544;-5.38639490369530;4.28075154777524
10.8743080202551;-84.8062972502096;12.4857916093878
2.94809420121770;-94.4661702972413;13.8658942387414
19.1175783260841;-89.6697210951695;12.9254812234087
16.5458091250962;-21.1413276728305;5.46068380000008
21.4873428410161;94.4560931328567;3.46737579423416
23.3616304649023;-28.4136035318773;1.70093045124766
11.7457857238265;5.96065229123239;12.8549490300805
20.5973014831373;50.8756068328259;8.19537714597763
2.23344744653874;-27.7616070739362;7.15755076931811
7.49079991858954;-56.8722604979390;9.35581084024837
1.98002730054635;-97.0800700793218;5.00000269726281
8.72909994937007;34.3513450373036;3.26566121324306
20.2307917909687;-63.3184109282502;10.2039020329522
17.5060631511569;7.25741211426050;7.76780937048831
24.3876541399107;-47.4112011059921;1.64252971369434
23.1415351452655;-34.5979579707869;1.01396137767386
2.34829895956052;95.6114712060753;11.5535737572565
3.37982615549556;-60.1101867742586;3.87788808596979
1.45311131255423;60.4983913159666;11.2307250607404
15.3339052923012;-8.50560283168305;8.75175911557082
20.7563111649665;14.4918633409523;12.3080599307402
14.8594759755573;-62.8344273459389;11.6658560265808
8.98984905794992;-76.1250198191716;8.97249014109203
24.3058937589712;-47.8591558529569;4.29998629980180
6.57566744862608;23.6001501598443;5.54137173091180
24.3168707824693;-0.598223747935278;12.2248233506402
13.7653528178543;97.6410015459833;8.96645649783283
11.1332980749476;-71.3867275111411;1.84048198164779
22.4610523091441;-29.2008761586407;9.51534389872954
12.5591873449003;5.77832542988532;6.66421618711335
22.9728882192578;37.0127608905193;6.85472382160011
23.3178045015007;3.16493991892923;1.99613834739243
2.87368550623509;-81.8511550246063;5.44798395070213
18.4450176638504;91.7785558144425;5.81353791970925
16.5455727109981;-10.7417834796146;9.66194209768691
19.1452353763352;-34.5818513033949;10.7828981962992
3.26584370132858;-92.7460006111799;3.44152655627466
24.4866237593643;2.66463124389003;2.41125428963936
16.7941531699147;61.0618679697939;1.97079312490680
21.9256242414558;87.1972436065636;4.11895464249758
1.35294140463322;-3.05053956950248;0.557000289475599
12.2842479939656;-6.03002877755661;13.6029088539456
12.1992779892651;68.8614008507793;11.6403563633263
14.5451034192867;-75.7506660640652;6.60687105181277
22.7906787717137;-69.7473545148063;2.33694461440040
18.8413527068239;32.9139532744517;8.76293710265536
22.1480940994016;63.4770882967977;12.9188521707401
4.36466231902845;62.6619169359092;5.81294764939023
1.84874357764662;74.5031982870345;7.57273369065351
6.73210045816766;-17.7551558224293;7.18005753111717
5.31758078889822;-76.7447680023433;11.3964911560041
8.21685070831082;-94.8073664472527;12.9303710948808
16.5205476005653;-71.9470261249981;3.54199670241977
12.0040595691551;35.3857624457432;4.78178688353947
5.29046646643235;68.2726709471582;15.6849416690107
20.7782683483612;20.8687345408501;11.2665757901416
5.52271147568141;-65.9493400210479;6.41024460214794
18.0823368851613;13.5697802935908;6.03094851117374
16.5378180660360;68.9629783446889;5.31193529636755
5.64964262453493;-22.4724339861133;11.7328036914915
18.5459516346220;22.8671675697606;8.67937752046369
22.3055320680545;2.28816731346215;8.84536792230908
18.0387557059818;-15.5861394623797;2.20483904609307
10.2758028225663;-79.9402037858778;10.9500445079885
17.8888144413264;55.1616303815800;4.60597049389438
23.5395682324422;-47.7785940910276;14.7205865004360
23.3851937830308;-88.8358115637955;1.97947894377843
14.1661055016283;-27.5232387123780;12.1099734056142
0.883546698661068;-59.0530014729669;7.09868178700483
1.50551649186850;36.7748729326131;14.2106541097297
4.71217565475165;-75.7227796360768;13.5888013722227
9.40357800970906;-0.697843400396692;10.3930970101848
14.2168699789706;30.7764481431685;15.5712144173814
16.7258026935209;6.27398451221499;13.8235007852204
22.6246472810862;90.9746113056237;7.57287680522012
19.4857465148411;42.2901394142524;14.5073953275483
22.1527139804514;69.7744762429878;5.20424864707679
16.3511582094666;-7.08572891203083;10.1894983056338
3.15785686282775;66.3833923660504;14.9713019398695
0.0401581721037907;10.4072716314250;6.46506103127963
4.34858818944636;-27.2819993062008;14.1717791904363
15.8465608884558;35.4046111163668;9.87248241883268
20.4509261137248;53.1327535864656;1.44395201594111
11.2274448753433;-7.53967769383956;11.5139236585832
20.2231543038809;23.3773251918944;2.02657102575380
0.717601827088657;-60.9436440479738;13.6511732478961
0.875724301496646;35.2967706762172;0.814163883111345
9.58731442742164;-60.6904856602677;5.78941935360994
7.66854202894565;13.2405246911608;13.9724834467577
7.99329250064478;90.1952096666878;8.24412330285425
5.76324880913067;92.4715352574056;9.39252960725602
22.1518524408756;56.1743692991584;11.2122827091587
12.1821821405534;54.2828179816839;13.8076974771895
1.02696695014967;-0.219678642096155;3.35660786796274
17.7982005050518;-77.6524055991614;6.16428141424274
16.0903005642341;83.0849619617142;12.8110596907670
23.8516829191332;71.0555529075561;7.93968838570550
16.5451750329840;-61.0269541715402;1.58701654739859
7.04014178247677;-24.1805665741596;6.32713357917712
19.4732775660361;-60.0885566483707;14.3637970314456
1.84821675687374;26.6413991401986;2.43957079579401
7.24159055720275;-77.8039183869953;12.2169945157802
8.28305138692083;94.1783645979033;15.6461079598656
5.08854003383938;88.6632912970019;2.50200316877995
14.6553052174148;28.7728091817251;14.4853132641787
14.0253994886037;-14.2925494829237;5.67394175630292
0.120452916270361;67.2278945132306;11.0612425829060
17.2728512940028;-71.0783059703490;1.16123701043369
7.42280683525472;-66.7571989177555;5.71698901875227
12.4886317910627;82.8954396319934;13.7375029489584
10.0831255112921;-3.71601342207066;7.19491499693291
15.6595455817402;-20.1662662677768;1.67914531692358
16.3164953695399;3.99980966443685;8.25890766039966
1.61032697990906;83.4039233621075;6.74065958007320
15.6910603188390;33.1916630570557;12.5083020597732
12.2334245166821;-79.9876539876256;14.6448866114799
0.290462943138023;85.7913168032064;10.8389125551985
0.142874730052680;-54.8063900142523;9.46657871274974
12.1764924186479;65.6102473173648;8.02815853363484
20.0072559540286;84.9045244186163;13.7823988533906
17.6590024947819;62.1046403521526;5.88137751083612
5.84978745395472;44.5693040614150;9.41204087610322
10.1293746092371;-71.4746522068541;0.944998499259198
17.6043964494814;45.0733709386407;11.8066246631868
7.37925675342523;54.3207577518324;6.32614476023076
22.0500760756144;37.1545535535544;3.46817276194788
1.58845455836889;89.3346871605387;2.60143067747302
15.5921173741254;43.0087527937383;9.53903718306376
14.9163813290233;-50.9126909247492;2.20217871505236
19.7613044484836;-62.9711387304450;0.157681918317641
14.9877764036368;-47.8251547833277;13.2006096694285
21.1834461061322;-84.2950242368587;2.99111200903675
3.96307990754693;-93.7932082229735;1.27036476797827
23.8139079056489;-3.20482041187880;1.45545683477941
16.5984081285389;-18.5741884492670;12.0721819512851
21.9275357707427;-6.26622545107796;14.7963180312574
2.93923693852786;25.5890615906653;1.73675058048479
18.9381651336588;-41.4596421605219;10.0598645152789
12.3373853439528;-78.9091658364392;13.2230572845364
5.72278684740092;6.54002548465171;1.41738705796408
12.7498515221652;82.9221392636539;0.313508154580486
3.63303971947189;22.2655056393966;14.3895508706561
2.10222372912419;76.6771804237523;7.72633735232595
12.5321137814281;-35.4393668418493;13.0287356531041
24.2523139393797;-55.2378750024924;14.8389162899505
3.30568457773461;45.9567925933351;2.21278336106398
24.2038178369019;-29.6570146397215;2.27982821147837
19.9790424237552;-24.9133851095117;13.9795233812908
24.4626099305237;-41.5557346661971;4.95536321399496
22.9062847366716;-32.7380144270348;2.73747799523536
13.2280453910028;66.9449857450023;13.4576974195787
24.2916937660620;86.1924842653330;7.47328213405747
6.60748686878176;32.0790397451021;8.56628552035180
12.7080897860015;60.0884729483214;15.7799922060391
12.1607429019020;-42.0381567179117;1.78387691751059
12.4179544788838;96.0236256879669;10.1935604181239
8.06063023014814;86.9321720287168;2.09845589630494
17.3659579880524;-49.4221846757912;14.4407234600880
6.91979396487228;40.4028176246070;14.7085469460155
11.6052658496452;-54.5591699795890;8.88368857138071
17.2641748627032;40.5198370325283;5.22880080963249
5.02899324853312;-25.5223919998615;14.6091027430334
13.4656315556494;52.8714837578886;6.94351357294030
9.61730436200387;15.7633254832233;12.5334004644245
19.9006485358038;-30.6757013115360;3.71239588207099
4.04676328053728;29.5790657264763;3.95739697193273
16.6490740431585;58.0210393164508;0.978661857980653
7.92353666819679;-57.1363058857561;8.55402425530443
8.39585167064210;92.8433692253954;7.79449162426953
12.4051342953515;-63.1131890179859;12.7996811872450
15.3340898754237;37.6909404868266;10.8349695728232
7.38465359094639;75.5689460572285;11.1619779478079
1.17987294956810;92.0964397418814;5.69335396399941
20.0194095081548;-10.3903701646720;8.88916347454687
4.99174351753680;32.0321157657132;8.49621644889863
10.9493615731268;-64.4182040025522;6.14730074142597
9.59626965040068;14.0406546841503;12.0200143533677
13.4979494669546;75.0729663834688;10.8773270343121
9.86778305647136;-62.2074754682352;9.45752681065668
10.7837621561562;4.12670941052993;1.14756703289932
4.00419497552707;-17.4189979667667;2.40359858202062
5.50307968106166;-21.8480718862899;5.14215809431496
0.678723227259221;-7.82755371738089;13.9704411614437
13.3120981301995;68.3854913868601;12.6376928132727
17.9102350301503;-78.8996334052291;10.7746420639667
0.0786120016313312;16.7628696533766;6.40322892768374
9.40804334422918;-16.4722820325594;15.2600489479410
5.59510579389441;-42.8243947793667;13.6385219899191
23.1872352596959;70.5762624834510;6.22430509363298
9.11447187367199;-35.4084893295572;10.8877496424666
22.0639442720414;-90.5317580307504;7.47644908535627
2.58462623216958;47.3500774971065;2.41344137719372
0.586900839834531;-94.7885201024192;3.84650236526199
0.680672049496289;-98.8042635058735;3.49142161911274
4.00131994965314;-14.8794695321398;9.31220817108915
16.0945956300620;-77.1376676499164;5.17116012070793
19.6620780507793;-77.8531044118816;0.424034938449056
8.96330016472764;20.0751874979477;9.64937664182887
11.3107026545109;-25.7653066517423;8.74130447025744
9.62471094643050;-60.4476580231213;9.68977643832651
22.4276774329658;8.87555787966601;7.79104517336898
23.5469685391859;-18.8800979210355;15.9486654431327
5.52659402491303;77.3183853546045;4.96137701063426
19.5082971407033;-34.9462560297398;4.34408599465107
11.3292377940217;-25.9732141035474;3.28244166480183
13.0403980217453;-11.8550725857046;13.7693126266975
23.7233291948572;-77.8317628750367;2.05416192370274
4.25383401152799;6.10853479018052;13.0815146705286
17.1929987724859;-72.1557081358249;13.7532467154680
8.99928378720622;29.6739670454533;7.95830557984465
1.95979815380157;91.5197871011459;13.9585273996428
7.40751462810013;32.8504829021812;11.3692620935469
18.8209672036852;59.1606866090608;10.0744670906239
19.6202137774866;-15.2330694012931;10.1040053778443
17.8308647022798;-70.6815960042814;14.7466058376859
2.46806977344546;-3.38765427332484;15.7353905347922
10.5764506755115;65.9714003014418;10.7124144230385
22.8612540183285;-38.5946517115645;2.35693196467719
10.5869688457697;80.0488501572143;0.534563975786737
3.00727882979412;7.26586726145091;3.42712176198827
6.83356667750159;-86.6498044524498;5.35543005831456
16.6051823361157;-65.2396020408089;8.93386063549995
20.8737139683407;-86.5248465452235;6.36851856886499
9.17191801492572;64.3631448958260;0.778584260504855
23.5535605025579;-43.6761908962563;8.01177384172890
3.91141053878879;60.5962783593917;7.11292735278940
20.4038405690790;-74.9149294290174;4.92811857565739
17.4876087411554;-23.8285947627836;13.7546542115454
16.0987216429779;-58.5527120041535;8.63496103889392
14.2738854978470;-63.2122503306167;5.66925434779265
0.0312551997301132;46.9111533717844;1.37267103009783
21.2258259369049;51.7975104557365;6.50609069532066
18.8349223382953;95.3333268922462;7.42960325207688
2.71156819149525;36.5632075208791;3.55785131627093
22.2702631929605;64.5244163854649;1.11242343935675
8.92697283736333;-67.7700542732046;11.5680962024233
3.76477611886992;-85.5196196626083;3.41413393969394
19.7595337921684;-4.44786469447278;4.75223893828230
13.3399878479150;-27.0123757131138;9.21605589745006
7.67256374242493;30.5203769599016;12.1835449967074
10.3629586576720;56.2753852053935;13.1401696054053
18.3069996103480;24.6937239128517;7.77599522783900
9.47275186318502;-91.4480462797491;7.51869005654579
8.29842991639761;10.7636067989025;8.00814322963282
4.12130388954728;64.9014460756063;12.1269155642431
9.40720527384099;4.90284605491993;4.69428913323137
14.7336811947563;94.9072178533613;13.0253011576492
8.59055430227419;6.34754997740934;11.2463781684695
6.81389465734410;88.3489143463658;0.0830005194820274
6.26704195451516;54.2300439078732;2.52318038511396
21.4175277187352;97.6879315521639;10.5445446941741
13.3181542663427;8.43500892398918;13.7305071308000
16.3602439389324;38.9000758382514;6.29594592066131
6.59663011996518;-5.60318852324464;11.0720945435068
22.3886279177212;-49.0494602555004;15.6972552963053
24.1843708898019;-64.9141842891255;14.6969511779223
10.9378562361606;77.7529434550586;8.24653497803326
21.9325465655284;40.9312580538803;10.1389598428354
21.3966606671580;-82.4006031002251;6.08270968223504
4.12851284267620;32.2366456653334;1.45242852263380
0.462242020983064;81.8775706966896;3.70447717265921
10.0292066108150;46.7877699964269;1.34555069441564
8.57430392294199;-48.9953769811762;15.8054102503879
18.7810197574712;-67.3881897214656;7.39017620195855
3.19891380746297;-49.4288878851695;12.2545928636514
24.0082921756930;33.0059273710150;11.9566519597872
5.08330411707837;-4.41587003777657;7.52051100494499
12.9530748283355;-2.49456629052844;7.17183318613585
17.4610567581864;-42.5518859067546;12.8605685496025
19.3087836342175;33.1316878327056;9.59219265634337
16.6037398126054;2.43786360843790;6.83012040551561
7.32634158204515;25.0805070683476;4.99507899785179
24.1035681665154;-4.49040777344889;4.95499394509263
9.07349532006040;-33.3144528449158;11.5033290349087
4.52939162290295;78.7048226975694;10.9958172144744
14.8156057587815;-27.7934088141566;8.85279886821352
12.2043074890215;8.78905413417290;14.0657771623030
6.15533081535553;-63.0935530105208;1.03422907407582
23.5684069583725;92.9316556215526;14.2608474607590
12.1458013772166;71.5654107963416;10.0055217694162
22.8206969813782;-57.7128311203370;0.966951060209309
3.30453028096365;3.38932485268486;15.7069608092503
7.72222193615298;-89.7729268490542;14.3218391490383
10.4012970591707;-17.1806177376039;4.84907503530698
10.1344020347928;-32.8919175462710;8.69115370200946
24.1489801497419;-30.5383522413427;5.56985232216439
4.64262798398625;-90.1593987773601;5.84258614942491
18.9149185976938;-53.7764621374679;8.20990119050186
23.6855508738320;-57.7084221666036;12.8268694970618
14.2174255324960;-59.1185633097378;7.62612179885523
1.97997265774461;40.3926846632418;15.8485854666877
1.53886669031915;-63.6585361566640;5.96988514056410
15.7468897044392;-34.2337704079291;13.5530201001272
5.00384635298800;-49.1301102238134;0.544538923816315
18.8007414248306;3.75781182244863;12.4259886542169
8.20796634982861;13.9301277640424;5.32009016464029
11.4927582237143;-51.6100537383054;4.16433432050931
11.4903846304989;-68.9061609622872;10.3899570058059
8.35915210407034;71.1637768661028;15.4600002918942
17.3308806061258;-45.3800463408676;9.34682666089167
15.6787808550116;7.42256311601783;13.8692654745339
2.91074589152096;28.1268887847476;8.35040676739775
1.42535707290689;73.4048461618537;6.59520609106048
10.7905528912653;94.4537730985072;8.63965112003068
23.3049613421864;14.2396092280595;4.58946510567218
2.66942345119568;53.0577564249533;10.8829239014797
0.538941174898024;41.7991255950747;6.51139685990152
17.0404742289902;93.2014318638061;2.15566379559129
18.3633327575773;25.7001932810308;9.31098538631567
6.06491394575181;9.38169214417812;1.98010182887523
22.0419272462212;12.3610358861845;15.0707765511398
14.8428042575255;-59.8107850982328;5.16795173969760
14.7113011411755;34.9116016928237;11.5361264289769
10.3565205723422;-63.2645841155351;13.2857527385960
1.95886092852451;28.4640563494304;1.00148401930152
18.1853654068657;-12.4675091324509;3.79537970209985
21.3539750139400;34.3206044646780;9.70840495082869
8.59337982056784;67.9959045432873;13.2704552988213
21.8434796700809;58.1626004114527;11.0107510264631
20.5543601282249;53.1896821321349;0.759439661332785
4.80024748798660;9.69821773399540;10.9462415339126
16.5275866744191;-97.8039163676558;14.3693373990833
2.12480709652660;61.8645268657980;0.924821331094744
16.0614195231606;62.8484550903455;1.55965123811350
14.0604407848549;30.2049625464405;6.36777154564446
22.7785976319069;-89.2309982845306;14.3089176278050
20.6674014469691;-11.3013209709198;10.7296433355843
8.93713269005801;-40.3071865016880;13.1909786223028
19.1100593158439;-13.5063231411024;13.8966579792588
18.3552634080892;99.1044076342651;10.0863937764542
2.00771529821708;91.4861860902129;9.15954283687126
12.7142611616706;24.8743302527998;7.32809254484319
7.62018554591364;-29.0167339088961;7.07862981738233
14.9418804456875;87.4310274447605;1.36968314099749
12.6373163953274;-72.3151970862794;0.466960744581073
4.22556596324045;-45.3649583358672;12.9151683434130
20.2394149005083;-46.2494501965545;10.7921870870656
16.3102598494739;33.9342155945554;4.46008402262931
13.4138515843253;-85.4552089505227;3.08666039775962
22.2602491120210;-66.5770141595138;6.30131098763982
1.36542491763039;4.56349218983632;10.1182294392855
7.27488052808680;-58.5251185970140;3.61839040251316
14.3112592954446;33.0739300151103;0.637407373414783
12.5340581053544;90.6578445818768;1.42588949305522
18.2232382210223;-17.3236552430535;5.17466207617451
11.8007113763001;-90.6602811567233;9.71157001017165
23.2081853489201;-7.40063945459550;6.84937532154770
23.8955849412871;61.7383783387511;14.3777208126609
16.7624832451200;92.8915462707457;8.39553953237030
12.8205988452208;-74.4180168454068;13.2876477963548
20.0459480131988;-18.4133860617658;8.28014399267819
5.57040487577567;22.2981283218346;6.34070902752721
22.1164825890580;-65.7664133696073;3.30226992629222
17.9552066208961;36.1152999966626;11.5434596801074
20.6427283542446;-0.388289777915563;5.84490317180567
2.77788814820280;-15.2017815276219;8.87134592082433
14.0694375053154;97.4201964641073;10.2304703926129
21.8566250541959;-11.6863721589237;12.0597984593068
20.4296473351851;57.4415595091976;7.21718943545013
1.72778231716599;9.15970120366352;0.332431272433082
13.6687083331428;71.9492427393500;3.14490208752056
24.6801481519541;80.9903522702665;4.15332070753533
19.7256050462508;57.1548741112154;8.26110889568523
5.90938134887364;76.2362479901707;3.97851480757430
9.75279059517662;-80.3502023233675;10.1943204345272
3.19710187171471;-54.8488392084278;11.0932558744837
2.61790863495711;29.9660704460813;12.1701901060675
8.29161634168584;-5.65744421050241;4.17688572777909
18.6305359269312;40.3309810792752;3.12565190952662
10.3061959285464;-70.3914761356719;13.4426721542844
21.4278912112314;-59.8216058339167;3.40426741621885
14.7717526425949;-24.6324945783801;11.5265864731561
16.9543911703015;-33.4819158877760;9.56343899292730
13.3776079258172;-30.4867614757083;2.40311861610331
2.30771346397619;22.4539097257169;9.16808236523664
9.77708741081258;1.22495801345053;6.42690684339692
11.1799770680600;-48.9255967738188;5.43088774664380
1.46769933838187;98.5922706306972;8.78961883045960
17.9230621151261;6.73891614639526;13.6943323936466
7.46249315296625;-37.4236889820441;7.25999263920586
24.8981684532418;-19.1526025473771;5.67384973815147
2.11439770460795;57.8016812731067;6.63093151244192
0.380244624814171;-95.7344507016548;5.14728786643530
4.99199979737043;-76.0255583600965;14.5285408598238
20.1791791088443;-42.3341185025489;15.1971615717910
11.7546723248515;80.4209013041349;11.2820335475319
7.81286784597937;1.40032317185723;1.48338905149763
7.14598009819750;82.1568165275835;12.9460334234364
24.5063807269013;-46.0405443585713;4.33455444383899
18.9573938095706;66.8115734230958;10.9890892498745
3.26097704354683;24.2725609398063;14.6137982120428
15.6801401582139;17.1993788240723;1.49958607362331
11.4359454094176;24.3533165769741;4.75142599109682
16.9075039124254;-28.1169223636134;12.3218770679498
17.6796781900905;-5.00959826204499;8.30356826369659
4.34056079617566;-37.2085282901777;9.87366229133605
12.6158136858900;-86.7073202709779;1.90687855343521
13.2970422193060;-51.3959066050987;8.96873469585665
13.4039725507484;21.1685892257460;15.3035867574270
10.3937522825333;-13.5985581629424;11.6388174830664
13.8987574415378;-12.9732740939109;14.7731832398871
16.8904467606710;-81.0014498069267;0.853034570947417
12.7885643089291;-88.1169072456122;11.6052605150550
14.1229356869457;74.6308849916616;1.31548655320208
2.35535205578033;-66.7376940230942;11.5798200772720
11.7530054324342;-71.6864681435362;0.736209549901322
4.20045013782612;31.0243449153200;9.36740870665323
18.0261430648808;-82.8528136253385;4.81898877734024
24.5537581869031;54.9861671766850;6.63382766266610
22.9729664276666;4.70342501518373;15.3376631502008
10.1585134642923;-51.5557378966400;3.17551550638530
18.6621190676076;-74.3465469471184;7.90385069543147
10.9740500313481;-75.6941978207568;1.43103221043093
21.2105722102587;-90.9036169716409;13.4529532048528
11.1351310054375;58.0638192652375;10.3112121325692
17.9047454900573;-84.3582903572465;0.121239742884034
16.4221056483453;-7.67080205629314;15.3295412787653
1.68249903339435;70.6645166118245;3.58379503286113
15.3392856729980;30.6859247971818;3.67650243686718
5.90396883098396;60.3434454897052;12.4492879269064
13.3203729828916;97.0185667298921;15.8767288150890
4.56713909911151;41.5490270975457;8.74955135946711
24.6004850945955;-25.5066252624242;1.64114565588942
17.3034534569821;40.8540691172302;0.898547077877943
7.26116799091313;60.9639165885900;3.62333347086992
16.7623957076719;-82.3086897782061;4.95269274340471
14.3512192854442;-86.1574831425324;12.9953982672562
20.4399649940093;54.6333872296409;13.6944002440501
6.26133039187311;73.0047491400192;2.30888742926387
5.84240917322298;-29.2499587044795;3.40858866467890
6.73825998709585;36.9289155700250;0.426924104146034
5.35771665521877;20.8856984421580;5.39065387569447
24.2921725209277;-60.9022602102593;10.8212248730594
23.5995601400329;29.7294181104093;15.2849988094767
22.3046195847476;-34.1763669412201;0.800301784398627
0.847010717520256;-15.2169416974431;11.3865477423328
7.50237453230735;61.8859668847441;3.70637881296330
8.57126621083383;41.8214998385513;2.56014843578386
5.35381420503680;-39.9215792493675;11.9004609375551
24.6035419938645;-80.1391879909388;15.5361192618510
7.65678856310574;-29.8243478825568;5.92396193766812
17.5871668730758;72.8311655653183;10.4833722000739
11.3075591134999;76.0705139749646;10.9050380071227
23.5243745323367;96.0957733455872;2.02676429795909
9.47807848898022;-13.1335101693605;15.4805121970567
22.2495997504880;-62.0409750676560;3.87942557729556
6.10682546533505;-25.7523470737057;8.52411272918789
2.40676983847903;-22.6750963469321;13.3030679337652
5.33740652786379;-59.8981410031692;10.9167228333295
11.5698845139585;66.5001732914785;8.27429497661835
20.2602139836324;-29.4308344554684;6.55632317140362
16.0198007064225;-13.5422043817868;2.32164742932397
13.9637441414152;-32.4401527921524;3.92715047470872
16.9928135727514;-70.1406023039145;11.1818870873932
8.16291812685338;-54.4169817921316;6.69339499262516
11.3498809538327;24.3539258829005;2.43708952460283
16.6352222968921;55.9620931795056;13.0141345834615
8.09805492550130;-53.4452433036199;1.53712110576573
9.22322830716238;-95.2857071557410;13.9725148260954
17.3564062459399;17.8487552276558;8.24747430600469
9.74129658758329;-68.9771879151491;2.61933824537689
10.6915455481806;-73.4430906243521;11.9334661279972
5.54671921847121;20.4422970267470;6.88378964296883
18.8121912398459;44.1942353769828;2.52310581114410
19.3728299180800;46.9335886142252;1.36012875120840
10.8944067282692;76.8586282046563;13.8231650150936
1.78623281760909;69.5520111639646;12.4341971053847
16.6120587661541;-44.9568444170637;4.27224861029046
10.7813652371377;-1.43870330275133;4.55440744910795
23.2072650633002;-25.9053599352788;9.71179851188986
18.6611191346971;52.9882414700305;0.757163025792668
8.99645164051636;60.9129292554947;13.3688245813185
9.41148359481178;17.0798699836633;15.5008828622682
3.83484350009039;35.9732337697170;12.0015832457795
16.6038250465631;-55.0586915107546;14.7877355973239
4.47137106885108;-57.6036499592647;1.71202854082509
22.0649497999122;37.1941188220005;14.5467681310505
0.303985448204594;78.0079698933696;13.1132913765552
1.43971669814617;-49.3757705137543;10.2977763624520
19.2437568812962;69.1738972277481;15.9813770295598
1.15693553153488;-74.8079500087385;3.43661358000377
21.9080594364451;27.7399540032032;15.8517702590894
19.2200157199534;89.7137326261607;0.360507135718878
2.44110025584887;57.6138882403773;6.32350112055291
11.1389332815525;22.0224400048381;9.00840232525482
14.5162487666938;14.1664799570589;9.02215872158580
15.1722737038262;-98.8629228044893;7.51111462582113
5.16512802064761;20.6451475587009;7.09699739236613
3.83855119928509;-50.3580901492235;3.22514524514540
12.6478248006900;-38.3467818621327;3.13882612453403
12.0943860227054;40.6380725231269;13.6356943848021
3.07364854652651;-1.17573690043145;11.0582226387497
7.49782159229073;93.4445210461074;6.06170338545129
3.40281073068037;-89.6933607449973;3.04400187162785
1.31242947781829;85.4337594853087;4.08999811324605
9.60810960698787;-46.7381242951218;4.75094416621666
18.4899313517358;88.8358516178350;14.3328888344321
16.3969571147232;28.7844824750199;15.8553636320609
23.9546254637766;-5.28624065960770;1.34391105014840
12.6315428033432;57.5210723682823;5.55266136494434
15.8973991291726;-98.3511423068362;1.41582373202700
8.65042647274741;-70.4953892985925;10.0902030610348
6.15281443715906;37.1444908969421;4.02943011900311
23.7804649600787;8.02343555071825;6.81435630323686
4.13488158647416;9.14061623828586;8.14595789740739
13.1872233398044;-3.44442126811888;4.45543203812225
24.9241165464123;-78.1530283209692;8.61255111688257
22.7329568451897;13.2878425891996;12.8403037591102
16.2954879913316;-30.4129396406456;1.95635775544609
3.28618816272235;64.6187892632746;12.0075258334575
18.1094395632894;-4.83180744718499;7.67853642676497
15.8330111267844;95.9206373384642;15.9819758572371
19.9380754171570;-87.4692655230074;7.47221121215671
18.7045236270454;-55.9886402356817;8.65774414972589
0.855299754389396;13.9944283483489;1.41229868969629
12.5697689350218;-41.1350929769946;15.5183455457018
9.39697475464108;-30.0426517935730;9.95788191551074
22.3306884661247;0.458564959191321;7.19630274730799
4.57139233008603;80.3038774669413;14.5606361151724
2.89552255440803;-1.69360695379464;14.5028936605162
10.0588109033223;-89.0259756457753;2.02376795723907
17.0310623453875;-64.6831488780387;4.11386079321809
18.7596932142707;-18.1607722280867;9.65400870555282
17.9427130266202;30.0636047906898;3.01024540480367
18.3228281114674;-2.30345632940010;4.25147382686606
7.88739383675403;87.4003308125338;2.78103410848699
16.7626719729716;79.8675255066822;8.13617092384727
2.85172840608484;32.0189116195231;10.0253528184594
23.7302562255115;66.2763922316768;6.63302489199490
11.9545623612038;72.5560042525383;1.50221727264930
14.8841050528534;-29.2738829392573;5.59704766596303
15.0119749929005;-20.8489576992168;8.46610218553041
9.90656962735506;-87.6936019256920;15.8784987529907
2.12445016513719;15.3150495441572;1.68974138856805
6.53763361290047;46.8836509979176;10.0887085975662
6.62656113098449;82.1539006712668;9.66455532279120
12.5972424145219;-0.341479157068769;12.3936783918529
5.32327137591525;-31.6720728289380;7.50096942853374
8.85049623654692;-49.0370180772565;2.33785685931590
4.86971480468719;71.9148813519296;3.47554351543775
12.7350741580763;11.4334759659569;13.9429677083368
17.2197928786798;93.4884773969009;15.0771312473387
11.3163576183766;85.6967885592460;1.71398398678683
24.1489623131164;-17.6766403164497;8.05088154965700
19.0462042729680;-84.9333120050448;4.87695804874031
0.333993231029247;94.3414373246752;12.4157779146836
22.5420539398362;-25.4824211349921;11.6419270408568
12.8486506687263;-78.8934475099399;4.28869210591670
15.6778193687260;-50.7247200749190;12.2959530613628
18.0036049503479;77.3704157215310;13.4622312825928
0.615938800907928;38.7347931738026;6.44374192434540
16.7451173486711;-52.0083864962124;15.0460222412700
19.0379098940167;74.9858694355186;0.249120094956997
3.16642589780857;45.4800561986235;9.82530925283135
17.1034013367013;45.0932598740907;2.54011903786426
17.7183713957652;31.4333960378444;6.09903152721410
18.1371256934017;41.0158827951515;6.79632478091935
20.8131686107864;-99.1049654867976;10.8987919334178
15.0089506426524;67.0316111290522;6.17995513512944
24.3905087509082;24.3361489180077;4.06361830348233
22.6378791690270;-41.1109971993276;12.3023914402585
1.51875461807681;11.5886427824684;2.91424773701130
18.8200357613247;-77.7399242009444;15.9763481953532
12.6216834485357;-55.5300356969551;5.13989946656456
4.51681458507618;7.11522688930677;1.93051392189235
0.528641543448888;19.8776364628166;12.4343127403680
24.3108690134139;77.2913419979849;15.3960725289702
1.62392429640560;-69.8843185904047;6.27828384382185
17.1346659744290;99.0580201786732;10.8097785557251
22.8811022052826;-55.0237466922741;4.74973854184677
18.3217763975700;91.3141166068920;3.66802840657585
20.9821176481392;-66.6428049383239;13.4508097727465
20.0233644387682;32.8655406783322;6.23748192197790
2.65251484576173;-33.0010774449251;9.95806988457730
17.8743588953243;2.64756244877851;13.0405757318214
24.4202649731745;-7.81205516427748;15.3123328163828
2.27786402941941;32.2027352990602;7.93069609976578
20.7422874942165;-74.6554434125248;13.5002404346115
6.99512993011531;8.73885340716283;8.70757545705298
1.22778026595010;-73.5169979527891;9.63041433859119
13.6055290376700;-16.3028658000338;7.09798279300903
19.8724348654255;25.8516727430061;10.9108964224137
13.5232874194336;2.16126917723816;10.7652679386986
5.24191782853262;86.9555314244535;14.7023994953147
7.49811126129205;22.5013162586747;9.80799965280035
14.8844718463245;99.0616872075247;3.72420258690095
16.9332455882134;92.0697067245991;2.29446969418189
14.9192743117005;25.6825404219594;2.77049354383796
7.87686313426319;-51.0156315183494;12.0479350546505
22.0059546118407;-13.5642176791931;1.20729066348433
24.2046808398005;-16.3496622429258;1.18359446924444
23.0125709311880;81.5328922208973;4.07950157651091
8.80560801681204;-74.6287569837182;2.46609294826951
3.13468550712438;96.9042064692393;3.04712628515918
6.02731506002243;-55.1570657690140;10.3527897374753
12.0593046604932;44.6623470340104;12.6117616494225
22.9482984611796;71.4275037381899;0.131862748516603
6.94019334789693;-41.8413971968462;15.7383764715542
15.8461877094295;92.0067503897629;0.125662465809883
14.7671612106505;-22.0408010927003;12.9843219089016
10.8746182297236;22.3517617489698;1.74003182877059
20.7990344798742;55.8725571617730;14.7192399266229
2.94086009626908;-38.0021041404862;0.467405987664160
11.6666328242549;94.3810667103348;9.71695522552395
8.18286207020608;62.6867408035536;11.5453196639417
4.95175917416782;90.1874496012369;1.24921680557557
20.2183022160721;-15.5440976212845;11.5901815783505
21.0199188800221;-25.9794682959794;14.6635833490063
18.6749359658393;30.6944230124651;11.1651526082364
19.7636588933816;76.3366068081550;14.1942306891007
23.2814203762126;63.0773850744845;9.63731915706499
20.0029972519409;19.6603439792976;15.6299936880343
18.1545791609144;0.235861876097432;12.9367360396106
15.7072271076902;-16.5618316615232;15.4838569085911
0.699309176457149;-2.03553122595497;7.05250675679511
9.72867182733586;84.3162285297819;11.2003944805686
4.05885162308962;6.20020678017523;9.74688195930882
7.36978845361026;57.3930459227566;6.29167503649003
16.7409879479965;-81.2809568572417;2.12788996270156
22.0072930387413;-79.8619989460870;10.3882509359028
1.74210946332448;-45.7929802997143;8.92608704594611
3.34096803278601;89.4853688498644;4.73478610177738
13.8733101799751;95.1073918756123;0.786083656150536
22.4578071330157;44.3852529041482;11.3248399961304
0.276566820461754;33.3676447010163;2.03184556386607
12.3461579339879;73.0052310661648;14.3800955402187
11.3902968011131;-13.3717816698755;0.888880589277294
21.3330231219060;-47.9104111858158;4.22431392997158
16.1467917648010;-14.6492480756167;1.24622870667247
7.68870535360167;70.6662888310777;14.9081598039753
1.44251520797842;60.0684676694782;0.117285118452676
3.09986606088091;78.4279066052978;2.03427050679052
23.5393543673525;-72.4377258106142;15.9862994493959
21.7666622587970;54.8346040372143;5.16663162793421
10.5313935813926;-38.7982580524391;0.342544715277310
0.932759347723907;-59.8882190636206;2.92784968175073
19.4526169220955;-15.9391844926494;3.58754606772094
8.03453147406665;-90.0293758663479;15.2922847495988
15.7680367750563;-43.1634902302465;2.11094277090611
17.7109065457213;-82.0748120383141;5.59583449845698
22.2351726761902;-91.7039188876236;14.7306864281233
10.8099188670613;-38.5790582212946;6.33119046906291
24.0835217430888;66.0903090521917;14.0463721906053
13.6656798635493;-97.8216198936966;9.59990369174394
17.1519171192879;70.5340844760276;8.38074509748861
12.7579819441362;-31.8159565809764;1.47904912772148
1.51639517754065;-28.0288602556365;15.3011199594213
8.03091615228753;-21.0374931357081;8.60304543422614
8.49874081026121;34.0972024253656;12.9765261365417
14.2396645620021;-72.2879419842572;8.67350183300536
5.54431799335559;-21.6047236161839;11.1946134119042
12.8973223969849;-36.4294066557221;15.7803886402087
22.3856329108667;65.1555320995820;1.44209176350141
5.50526159131437;-78.4502359713451;15.1900915382882
11.1672713936997;87.7322765637210;0.778549587739958
12.1733284032177;-17.5093556535433;15.1943231695330
20.2428316468572;55.6969263358812;3.08978409376093
24.9113104233693;-13.1221326574745;3.22613292835041
10.4169532736567;-62.1836303194332;5.41093809539941
1.35002777903530;-84.1350111384038;0.370916153804975
22.3220009560547;81.9927587548273;5.83065851125501
22.6432953928572;-27.5406093401909;7.81539102508187
3.11204556475649;75.7078645882360;2.82506483194547
5.27458093605679;4.93477625523320;13.2948512837825
13.4784365856447;-15.7847804934964;0.399078457775858
12.6990268609082;77.8004008597278;10.6773446898732
13.7649153868735;-23.7383304565778;11.6438877107800
0.468939013314337;-26.7365510307656;0.920547590439965
18.9044565336448;-56.2874967402094;9.71444694328686
11.0186433714179;77.2364685752671;0.141367217746081
8.75328916236902;-20.4373305994648;10.4172168432114
22.0967502729309;-71.5668708275687;7.06291212312292
23.9966768679843;63.1893830573556;9.76769574418471
14.5025876079158;-8.13711563484982;2.44736123377479
12.7997337125444;-48.1723550683288;2.33362784315097
7.87167238257580;40.7234047018274;15.6138772768603
8.10660342221081;-12.0766020517958;11.6769085237910
1.80347351970288;-94.8234712437096;0.329716319689855
10.8621229039352;-35.6638653404417;5.15534593246709
14.8439852068093;-14.1801910789699;5.91720235474257
8.63757521036289;-45.5078824226458;3.24843929650400
12.4252803284166;-67.9755324159236;7.86665095859835
10.2609670701009;58.2855303917501;2.41418375800056
6.95286956501558;9.54032081975542;13.5109500530941
21.0878741266492;-37.9098006276507;8.47743475417242
1.27108450307292;79.0635887046200;9.55436553999462
18.3187707850578;-26.7485280713948;5.01729345654778
23.7612976787685;-34.1955145101063;5.48220257899424
8.10445031417459;22.9514113003849;7.34524925156878
21.6420807635226;-60.7902705731360;1.05870983965508
7.94919479121982;-34.5607044091593;4.71652556916153
6.06157727264733;-64.5295489653445;11.0283759585036
5.91115102938810;-8.33374892172738;2.33850081440635
8.89144238780621;60.1936386606325;15.6575936518565
4.60806767703872;-12.9148095977617;15.8430902995495
14.1075846604793;-83.3939541893415;2.34202228222860
21.0834551539593;16.3543911448229;6.75145454473621
11.2126198357637;10.8003965389378;11.0614804082651
12.8961163345763;-92.8462741427589;9.63645570967102
18.0149294111226;-67.0503723940119;14.4905238835892
17.9714474583088;84.1672292286973;2.62824625562036
1.39135309904515;-23.4728530975461;5.53335673976766
10.0331820524552;3.72100850344759;7.59894363416268
22.2796830708364;-36.3940386276475;5.57980070602974
13.7757992164556;6.60289471893634;9.23288891289278
9.98881812118584;36.3825652500794;8.97360303255318
24.6475222759244;-33.7499075490606;15.3824926502062
19.4611550566131;-58.9294647073532;7.74807861628970
23.7790050116739;32.7482630240169;7.59556313664464
15.1509014385930;88.9669936560198;8.94212304083655
6.05585154730925;-73.0607360250576;11.1902774185512
14.2918082184562;-38.6074463556716;14.4011710251795
17.8960032874845;48.7543141093826;4.51595934446637
13.8796753305056;19.5079934523908;11.2475013430066
9.72590991428034;-89.5402747149620;9.96277741144330
17.6332614469104;22.5793512785246;4.58762880898297
19.4703149168837;-50.6046738536903;14.5367165030563
8.11322483089492;-28.9122191772934;12.5588096538718
23.7528346934570;-95.4118474084097;14.9841710154419
0.603759899672326;16.8682314963001;14.2679917089584
8.25768495188171;-82.4687739006018;5.37468609675781
7.47982450731669;34.0242969336007;9.90562103991506
17.8520059820481;14.0539438721963;7.44848674911562
10.2987013075045;83.9633063701967;1.94145814276108
22.8253079746348;-45.6223367765574;14.9788687459862
15.9360757855962;62.0192613022140;8.45869754085424
11.0628000932321;-73.2272445142715;14.5939396273481
11.3649085998450;-78.6315208517330;3.81397458519880
21.9012642543270;60.0091119173505;5.16836392018331
9.46822120955046;-38.2691156287397;10.2734637711029
17.6707764043025;-83.6877823241336;6.24054301343689
3.89892963021320;95.1254433800002;0.844249994175440
22.9740215293357;-53.2086370039154;12.6225502319922
3.68089622379707;-63.5450754237647;10.6845334809822
8.22853930734109;68.2260880326393;9.87472512280686
8.47194447023913;-50.7897945654670;1.30289156007031
22.9343927088293;-81.7006780369683;4.26941230158766
6.05845522492610;97.7570928752987;9.62390044654310
19.2230243733280;-8.62930570783840;15.2655513169714
3.08037304014229;12.4257106756393;3.75894771790917
16.2588032396206;-29.5671427846748;2.84469621001602
9.21151785255441;-89.3696104002436;6.38013792752910
24.0573282708206;-97.4107724208252;6.80662513583826
9.47533336668555;85.9579052696088;9.62322224139465
14.6963701360854;-11.5082076843974;1.46472045567975
10.6278634044437;40.3301910663120;15.2373384022742
0.736946439742312;88.4561615632804;3.00098640280111
6.68297218301087;-96.6956803047684;15.5648862743041
8.74687709984806;-47.9819983163446;5.77158284264722
20.7611913901573;-4.59963714126701;15.6359405315548
9.42188525922656;13.6213448446665;2.25354276699119
23.2706898894296;51.7919529356122;4.04573996140724
13.3641043299663;-49.7166437470074;2.93552381839579
17.9396188121158;-19.2713396602870;6.58443623138099
10.3343816141782;-84.5349496669931;7.81556223570331
12.2396957845223;-59.6125835016112;12.6981138975478
13.9966858403105;77.8969105113798;9.20245496486405
13.3005863180193;31.5933324442609;7.61131874356201
12.5113506749322;26.9536463041733;8.60896325912917
1.13924188673714;-96.8549571447440;0.642780266897210
21.0505480633350;-63.0815396154807;7.38476329002358
20.1411504950909;-95.0204261634281;11.4793015716226
1.31563241792658;58.9245639069859;9.55796455486025
22.3102041198866;-39.7209878823091;15.5366986962324
18.7834575994570;-2.70429938384082;10.6009306783799
22.9178704507302;-1.37206700213346;2.42621736213302
1.06731254600639;-87.9482203708090;2.07511811268089
12.7996584472743;42.8136427328462;14.5636376033501
14.8878380642887;-99.9125221050639;14.7171323836172
0.905421517517210;43.5780895026858;2.21910474003086
2.33232759556571;-7.84764438078116;0.789185995991419
